 episode  sum_reward  tardiness
       1  -46.108747  1244440.0
       2  -64.988188  1731640.0
       3  -38.300687  1014500.0
       4 -106.329199  2868260.0
       5   -6.456375   174730.0
       6  -55.236393  1459730.0
       7  -73.688773  2049360.0
       8 -109.615945  2959380.0
       9  -67.738263  1841680.0
      10  -36.713649  1002240.0
      11  -27.438885   752670.0
      12  -39.249670  1019160.0
      13  -46.882888  1263970.0
      14  -23.498010   639040.0
      15  -36.578340   966660.0
      16  -90.530480  2430450.0
      17  -18.789309   503260.0
      18  -35.471768   933590.0
      19   -9.846045   263980.0
      20  -79.576021  2137050.0
      21  -12.207868   320940.0
      22  -14.069212   357280.0
      23 -102.158749  2778340.0
      24  -43.069371  1170860.0
      25  -63.078783  1665460.0
      26  -30.711757   786240.0
      27   -8.757952   234780.0
      28  -99.237065  2669600.0
      29 -163.081180  4437310.0
      30  -27.166805   733560.0
      31  -79.706170  2154840.0
      32   -5.092726   137840.0
      33  -34.332701   895710.0
      34  -78.409209  2128560.0
      35  -10.718375   276910.0
      36  -12.141427   318080.0
      37  -17.238604   473300.0
      38  -15.175962   386800.0
      39  -43.866361  1158030.0
      40  -36.562174   993890.0
      41  -75.164480  2040500.0
      42   -9.064337   245750.0
      43 -100.928975  2700320.0
      44  -34.257552   933810.0
      45  -68.675396  1835280.0
      46  -32.403830   838430.0
      47  -49.159687  1299070.0
      48  -43.437721  1161620.0
      49  -25.810594   678520.0
      50  -41.146479  1102200.0
      51  -31.124559   851240.0
      52  -39.381414  1063020.0
      53  -12.693694   321340.0
      54   -5.339733   147880.0
      55  -43.096100  1137890.0
      56  -17.094347   472930.0
      57  -33.743816   906600.0
      58  -37.405791  1026320.0
      59  -11.311587   279620.0
      60  -67.422559  1835210.0
      61  -23.813756   648160.0
      62  -36.576417   943140.0
      63  -38.531480  1073510.0
      64  -70.669014  1896450.0
      65  -35.070628   953610.0
      66   -4.412517   122790.0
      67  -72.781696  1946670.0
      68  -14.181625   378800.0
      69   -9.268462   251700.0
      70  -10.421253   273970.0
      71  -22.770903   628990.0
      72  -11.062150   296680.0
      73  -27.295431   719740.0
      74  -20.274035   556700.0
      75  -56.057583  1537980.0
      76   -9.900490   247660.0
      77  -42.370778  1137480.0
      78  -17.656000   473700.0
      79  -31.655448   855090.0
      80  -44.998954  1203260.0
      81  -73.583846  2002000.0
      82  -29.401646   806490.0
      83  -45.008735  1189310.0
      84  -11.204653   310470.0
      85  -70.123851  1887510.0
      86  -13.602361   368670.0
      87  -38.862909  1033050.0
      88  -38.919584  1060360.0
      89  -34.147098   954910.0
      90  -31.159313   839090.0
      91  -10.549726   282510.0
      92  -44.513649  1219620.0
      93  -57.776381  1548650.0
      94  -67.449066  1850500.0
      95  -38.056744  1056960.0
      96  -31.634215   863250.0
      97  -34.357396   932950.0
      98  -58.586041  1537090.0
      99  -16.614055   467220.0
     100  -18.869684   510140.0
     101  -50.224926  1338650.0
     102  -74.368581  2035620.0
     103  -46.558427  1269540.0
     104  -39.515376  1062530.0
     105  -87.321453  2374290.0
     106  -56.821162  1559930.0
     107  -26.613048   701560.0
     108  -67.986808  1879130.0
     109  -15.677892   396090.0
     110   -5.201507   140840.0
     111  -12.797497   320960.0
     112  -50.112419  1401930.0
     113  -15.848160   408550.0
     114  -16.925035   453470.0
     115   -7.579163   203910.0
     116  -30.692510   834040.0
     117  -43.471288  1189200.0
     118  -92.107579  2544240.0
     119  -34.908146   922240.0
     120  -10.103889   263110.0
     121  -12.974396   336920.0
     122   -7.752972   209970.0
     123  -39.790128  1065390.0
     124  -88.451052  2382420.0
     125  -12.777830   332630.0
     126   -7.344340   198490.0
     127  -11.787583   312420.0
     128 -119.385051  3196560.0
     129  -27.417618   751550.0
     130  -35.794289   975040.0
     131  -15.607698   438930.0
     132  -44.037455  1148590.0
     133  -10.064146   270780.0
     134  -38.546698  1036630.0
     135  -48.152163  1330650.0
     136  -37.675906   984140.0
     137  -63.866906  1732460.0
     138  -28.936136   750390.0
     139   -4.660882   129080.0
     140  -56.717872  1531300.0
     141   -5.952368   153930.0
     142  -24.477538   670550.0
     143   -8.005955   217090.0
     144  -78.827675  2167260.0
     145  -42.504065  1164320.0
     146   -5.343285   148150.0
     147  -51.365632  1386270.0
     148  -29.448413   771490.0
     149  -63.960056  1751090.0
     150   -8.350764   233740.0
     151  -11.281500   297970.0
     152  -46.696361  1291480.0
     153   -8.736226   234650.0
     154  -26.551285   700940.0
     155   -5.715931   131390.0
     156   -9.949681   263130.0
     157  -75.289441  2008520.0
     158  -61.695010  1654650.0
     159   -8.484632   229520.0
     160  -30.133413   787700.0
     161  -68.476194  1840400.0
     162  -11.059535   295260.0
     163  -30.284525   803680.0
     164  -23.269100   634880.0
     165  -42.323448  1152200.0
     166  -15.998316   421830.0
     167  -52.545146  1412900.0
     168  -23.360997   611070.0
     169  -29.231559   772920.0
     170   -9.763865   239760.0
     171  -25.862569   701980.0
     172  -23.186656   638320.0
     173  -21.972906   578210.0
     174  -50.524031  1320830.0
     175  -48.824797  1323060.0
     176  -67.881699  1865980.0
     177  -29.729108   804390.0
     178  -68.000309  1864760.0
     179  -32.178809   856470.0
     180  -14.921163   389990.0
     181  -52.476287  1373600.0
     182  -21.966885   608750.0
     183  -45.031948  1208980.0
     184  -37.162441   978860.0
     185  -16.361910   404860.0
     186  -45.827421  1268290.0
     187   -9.776649   262350.0
     188  -34.952052   959340.0
     189  -29.301108   761060.0
     190   -5.186792   144340.0
     191  -21.435284   593060.0
     192  -11.015445   277800.0
     193  -42.848934  1167220.0
     194   -8.921931   242640.0
     195   -5.645215   156710.0
     196  -19.197340   517560.0
     197  -12.780156   345370.0
     198  -12.227882   326320.0
     199   -4.949104   138020.0
     200  -79.411945  2149890.0
     201  -20.785945   565560.0
     202   -9.134646   248930.0
     203  -35.368381   958880.0
     204  -34.647524   897480.0
     205  -18.161441   491180.0
     206  -39.427220  1048560.0
     207  -15.606653   406630.0
     208  -19.714948   525090.0
     209   -5.321486   149280.0
     210  -98.448007  2683900.0
     211   -9.701479   262670.0
     212   -8.947306   248110.0
     213   -4.847552   132650.0
     214   -5.477694   152080.0
     215   -7.327687   196260.0
     216   -5.076771   141290.0
     217  -22.811399   616360.0
     218  -26.439983   692740.0
     219  -36.165924  1007460.0
     220  -55.542886  1512050.0
     221  -10.693608   281890.0
     222  -55.739122  1482730.0
     223  -32.598646   854920.0
     224  -78.717968  2136320.0
     225  -44.344306  1210800.0
     226  -11.737826   294810.0
     227   -7.496493   202970.0
     228   -8.273094   222880.0
     229   -7.480080   194120.0
     230   -8.784420   237000.0
     231  -10.513778   284660.0
     232  -27.308691   720800.0
     233  -32.526281   835670.0
     234  -10.706868   286500.0
     235  -20.945087   573910.0
     236   -8.891688   236940.0
     237   -5.299705   143170.0
     238  -50.711118  1371100.0
     239  -17.358545   465170.0
     240  -34.764385   959420.0
     241  -10.037340   266940.0
     242  -13.418125   364190.0
     243  -10.851184   283990.0
     244  -50.663139  1340460.0
     245  -62.749336  1708040.0
     246  -12.506906   319190.0
     247  -44.148343  1157060.0
     248  -17.191312   470440.0
     249  -52.854528  1461550.0
     250  -60.359680  1593770.0
     251   -8.683306   231700.0
     252  -20.188056   541250.0
     253  -12.221899   316050.0
     254  -28.980024   748300.0
     255  -46.318440  1234930.0
     256  -72.556567  1978880.0
     257  -26.613535   718950.0
     258  -17.243156   462880.0
     259   -9.352535   252520.0
     260  -45.014422  1224240.0
     261  -26.542347   739000.0
     262  -15.091118   381890.0
     263   -5.112764   138100.0
     264   -8.331927   224620.0
     265   -9.567167   258560.0
     266  -13.925125   351500.0
     267  -10.187583   274410.0
     268  -39.460770  1087440.0
     269   -5.124028   142790.0
     270 -106.199273  2864750.0
     271   -8.649945   234200.0
     272  -19.118798   514960.0
     273  -51.297452  1377510.0
     274  -35.374548   967320.0
     275   -5.600583   144900.0
     276  -65.711247  1799160.0
     277  -31.123445   862660.0
     278  -45.010382  1196620.0
     279   -4.901583   135560.0
     280   -5.636177   149830.0
     281  -53.735066  1394330.0
     282  -10.142903   274380.0
     283  -43.120107  1160470.0
     284  -10.530580   276860.0
     285  -64.960910  1717480.0
     286  -23.149448   646800.0
     287   -7.069521   194120.0
     288  -10.218431   270860.0
     289  -24.029305   655260.0
     290  -24.213691   658670.0
     291  -13.727209   371080.0
     292  -12.192347   306020.0
     293  -44.731720  1200370.0
     294  -29.036878   748590.0
     295   -5.491136   151140.0
     296  -24.232569   662850.0
     297  -74.319573  1990830.0
     298  -24.021434   654940.0
     299 -105.277994  2834950.0
     300  -36.879258   992880.0
     301   -9.123549   241130.0
     302   -9.315521   245260.0
     303  -54.136549  1476820.0
     304  -42.869341  1127650.0
     305   -5.185364   139010.0
     306   -7.033889   195270.0
     307  -46.655913  1253880.0
     308  -30.116160   820230.0
     309  -25.062663   658370.0
     310  -21.649889   605500.0
     311   -8.205531   217920.0
     312  -10.520389   277080.0
     313  -23.196139   594970.0
     314  -42.359198  1140040.0
     315   -4.658594   129850.0
     316  -11.018556   277160.0
     317  -26.890011   691000.0
     318   -4.974253   130480.0
     319  -13.717208   370360.0
     320   -4.405913   122910.0
     321  -41.190184  1076830.0
     322  -81.215592  2190390.0
     323  -10.068587   275440.0
     324   -5.023965   140040.0
     325  -33.508878   937380.0
     326   -5.239733   145400.0
     327   -6.979257   196380.0
     328   -5.194743   144400.0
     329   -5.677767   150900.0
     330  -25.047900   673920.0
     331   -4.669517   130210.0
     332  -10.135406   254360.0
     333  -32.430798   843920.0
     334  -24.693618   661690.0
     335  -60.466750  1677310.0
     336  -26.646823   704070.0
     337   -4.673333   129460.0
     338 -101.610179  2784450.0
     339  -11.599601   317350.0
     340   -9.214024   245130.0
     341  -15.286785   415170.0
     342  -31.253153   874260.0
     343  -12.905007   336480.0
     344  -11.813555   312980.0
     345  -16.140851   437750.0
     346  -39.316753  1050110.0
     347  -12.512594   325620.0
     348  -27.691072   753260.0
     349   -8.824799   238610.0
     350  -37.859840  1027790.0
     351 -124.823753  3423840.0
     352  -28.626653   774950.0
     353  -21.619149   599770.0
     354  -13.070455   352320.0
     355  -29.128538   748690.0
     356   -9.153969   246990.0
     357   -5.207260   143910.0
     358   -5.796281   139990.0
     359  -22.221455   613750.0
     360  -10.162135   275650.0
     361  -29.927810   793440.0
     362  -59.193049  1648360.0
     363  -10.178899   274360.0
     364   -5.049316   141120.0
     365   -5.104184   142210.0
     366   -5.342753   142040.0
     367   -5.172399   136280.0
     368 -116.215593  3143440.0
     369  -33.924744   895210.0
     370  -14.250482   370370.0
     371   -9.722983   262600.0
     372  -17.793802   483870.0
     373   -6.795983   185250.0
     374   -8.222035   222420.0
     375  -55.817007  1503100.0
     376  -83.135496  2234450.0
     377  -62.952879  1679050.0
     378  -11.261163   283460.0
     379   -5.715413   138190.0
     380   -6.961181   193500.0
     381  -21.903174   612080.0
     382  -10.516708   292050.0
     383  -32.480157   880720.0
     384  -75.521260  2090120.0
     385  -37.940049  1024610.0
     386  -45.978667  1244150.0
     387  -35.035497   902870.0
     388  -81.464653  2184380.0
     389   -8.690965   232990.0
     390   -8.847219   238230.0
     391  -31.249351   873820.0
     392  -16.730778   471150.0
     393  -36.916649  1016590.0
     394 -101.334774  2757440.0
     395  -36.248525   996380.0
     396  -26.124326   707960.0
     397  -34.731229   970870.0
     398  -28.771507   790740.0
     399  -34.038951   958310.0
     400   -5.212424   144640.0
     401  -46.369309  1269020.0
     402   -5.423955   151180.0
     403  -31.667816   885570.0
     404  -10.121799   272050.0
     405  -24.760615   688120.0
     406  -57.431472  1589880.0
     407  -30.617448   829130.0
     408  -25.817760   692490.0
     409  -56.172354  1550000.0
     410   -4.560340   126650.0
     411   -5.067437   136430.0
     412  -86.158196  2317460.0
     413  -18.503121   499400.0
     414   -8.746170   242710.0
     415  -46.535282  1281540.0
     416   -8.032511   217120.0
     417  -38.527327  1062820.0
     418  -27.652444   751860.0
     419  -21.354622   587920.0
     420  -26.176868   685060.0
     421  -16.110438   438200.0
     422  -12.928011   341720.0
     423   -8.730927   237820.0
     424 -125.384933  3411900.0
     425  -60.805802  1642750.0
     426  -11.798754   314970.0
     427  -31.357007   855640.0
     428  -19.986927   547590.0
     429  -12.638878   317850.0
     430  -50.249902  1389020.0
     431  -40.895118  1120940.0
     432  -10.667208   276180.0
     433  -13.909868   379700.0
     434  -10.923809   296680.0
     435  -25.604972   679510.0
     436  -15.691580   397810.0
     437  -26.629531   689900.0
     438  -46.090368  1254350.0
     439  -14.186465   359500.0
     440  -21.545282   575100.0
     441  -34.385046   885220.0
     442  -25.409375   695850.0
     443  -28.898837   748180.0
     444  -11.385559   307710.0
     445  -20.360285   521240.0
     446  -85.675148  2316810.0
     447  -12.262080   330830.0
     448  -27.713902   749380.0
     449  -10.343233   270290.0
     450  -50.659732  1376980.0
     451  -26.746296   741400.0
     452  -68.013498  1860390.0
     453  -46.505833  1251570.0
     454   -8.973917   243260.0
     455  -44.814841  1153700.0
     456  -14.927733   391900.0
     457  -13.880444   370320.0
     458  -93.128788  2492820.0
     459  -25.819100   689290.0
     460  -71.138097  1913660.0
     461  -17.274396   473010.0
     462  -16.163757   416060.0
     463  -46.864848  1217040.0
     464  -13.546580   345800.0
     465  -14.673181   391810.0
     466  -43.557704  1166570.0
     467  -36.252427   954210.0
     468  -32.777459   845660.0
     469  -11.746066   314960.0
     470  -43.804774  1145430.0
     471  -15.851264   411540.0
     472   -6.860097   187490.0
     473  -10.631569   293480.0
     474  -35.883847   957360.0
     475  -37.898510  1013410.0
     476  -24.733392   657840.0
     477   -8.461042   233950.0
     478   -6.578385   181970.0
     479  -28.612271   731870.0
     480  -32.478066   853310.0
     481   -7.931774   218600.0
     482  -57.830627  1546620.0
     483  -48.473882  1275650.0
     484  -32.614285   847370.0
     485   -8.805062   233770.0
     486  -25.525622   693020.0
     487  -27.406278   745010.0
     488  -21.700778   589470.0
     489  -68.777646  1849920.0
     490  -10.073951   266480.0
     491  -68.670628  1838430.0
     492  -44.279767  1168290.0
     493  -85.968344  2362760.0
     494  -10.647305   279840.0
     495   -4.795403   133890.0
     496  -62.123298  1696520.0
     497  -37.745767  1032090.0
     498  -65.731014  1801050.0
     499   -4.673590   130260.0
     500   -9.004864   243470.0
     501  -12.368444   347720.0
     502  -17.770854   469080.0
     503  -16.254451   457580.0
     504  -27.648430   727010.0
     505  -12.089771   330960.0
     506  -51.527313  1376990.0
     507  -45.864569  1228090.0
     508   -9.454642   254840.0
     509   -8.906181   239250.0
     510  -17.250014   470960.0
     511  -24.132535   658840.0
     512  -39.476049  1099600.0
     513  -10.106833   269350.0
     514  -59.283733  1604600.0
     515  -46.447550  1255290.0
     516  -75.320249  2044870.0
     517  -15.260302   419690.0
     518  -57.173375  1551900.0
     519  -45.212044  1243260.0
     520   -4.678712   129460.0
     521   -9.163629   244230.0
     522  -75.889733  2061710.0
     523   -5.418146   146570.0
     524  -14.493066   398380.0
     525  -29.800782   790190.0
     526   -5.017837   139720.0
     527  -11.164441   302680.0
     528  -10.424583   282520.0
     529  -13.990132   388800.0
     530  -32.363489   830650.0
     531  -43.050695  1155330.0
     532  -26.862756   756190.0
     533  -82.349654  2215450.0
     534   -7.879778   213640.0
     535  -41.940125  1153020.0
     536 -124.602893  3393980.0
     537  -16.922548   447850.0
     538  -51.502336  1369610.0
     539   -4.865875   135350.0
     540  -30.616983   805910.0
     541  -61.403200  1668120.0
     542  -55.069604  1492500.0
     543  -28.665392   775450.0
     544  -12.869518   323280.0
     545  -10.511042   277380.0
     546  -29.973850   836980.0
     547  -10.731038   280830.0
     548   -5.521670   152600.0
     549   -8.413049   226610.0
     550  -11.815580   320520.0
     551   -7.275337   196780.0
     552  -26.937705   748020.0
     553  -46.135739  1218590.0
     554   -5.005976   138300.0
     555   -9.500309   266170.0
     556  -31.421323   864950.0
     557  -29.952841   794350.0
     558  -10.312694   284740.0
     559  -16.973354   471390.0
     560  -14.257833   390100.0
     561  -69.217880  1888090.0
     562  -39.801548  1065380.0
     563   -8.623351   232180.0
     564  -29.486937   772650.0
     565  -26.894632   708570.0
     566  -60.647139  1693440.0
     567   -8.198635   221690.0
     568  -11.400205   298270.0
     569   -8.706743   234030.0
     570  -20.676649   548030.0
     571  -32.951479   846300.0
     572  -30.246667   801720.0
     573   -8.953354   239550.0
     574  -68.200910  1885520.0
     575   -9.638715   255520.0
     576  -11.453302   312230.0
     577   -4.726885   131980.0
     578   -9.489854   252950.0
     579   -8.000226   216160.0
     580  -10.904701   276370.0
     581  -10.324691   270350.0
     582   -5.663115   129770.0
     583 -118.715940  3250050.0
     584  -85.396379  2315060.0
     585  -10.351302   291000.0
     586   -6.478260   181290.0
     587  -12.244121   318290.0
     588   -4.951299   133370.0
     589  -68.959886  1903980.0
     590  -17.618677   483900.0
     591  -32.273593   862750.0
     592  -20.616701   559670.0
     593  -69.056921  1867460.0
     594   -8.148556   219610.0
     595   -5.414740   150790.0
     596  -13.715406   372530.0
     597  -23.380334   641960.0
     598  -26.956208   720910.0
     599  -15.842885   412770.0
     600   -8.805246   222950.0
     601  -10.055843   265990.0
     602  -54.485444  1494590.0
     603   -5.456691   150970.0
     604   -7.639927   206750.0
     605   -7.469462   202570.0
     606  -15.144976   407420.0
     607 -106.320330  2872430.0
     608  -61.712372  1656320.0
     609  -32.464417   846610.0
     610   -9.850701   263510.0
     611  -41.594010  1098300.0
     612   -4.933885   136750.0
     613   -9.161889   245900.0
     614   -7.737358   210020.0
     615  -32.821369   880240.0
     616   -9.579549   261060.0
     617  -78.166510  2102880.0
     618  -44.600437  1201340.0
     619  -32.431587   831160.0
     620 -112.510473  3041580.0
     621  -11.238760   293650.0
     622   -1.088382    28810.0
     623   -0.085365     2420.0
     624  -83.590150  2228060.0
     625  -32.516344   850730.0
     626  -16.389427   454750.0
     627   -0.024667        0.0
     628   -0.176420     2420.0
     629  -25.276392   696700.0
     630   -3.087573    86760.0
     631  -16.297962   455710.0
     632  -32.091600   850860.0
     633   -0.179257      620.0
     634  -30.497135   784530.0
     635   -0.429677     1600.0
     636  -11.786878   329370.0
     637    0.000000        0.0
     638   -1.569104    39200.0
     639   -2.614219    72900.0
     640   -0.115059     2420.0
     641   -1.074712    30280.0
     642    0.000000        0.0
     643   -4.149924   112220.0
     644   -7.746538   215200.0
     645   -0.578632    15920.0
     646  -15.422972   435430.0
     647   -0.083639      830.0
     648   -2.085090    56520.0
     649    0.000000        0.0
     650  -66.415381  1809780.0
     651   -0.000205        0.0
     652   -1.328573    37440.0
     653   -9.436438   257410.0
     654  -13.341020   382020.0
     655   -0.076094        0.0
     656   -0.438583     6300.0
     657  -33.819194   879670.0
     658   -2.047854    58070.0
     659   -1.265458    26600.0
     660   -1.653611    41290.0
     661   -2.059726    57920.0
     662  -11.805153   322750.0
     663   -0.653767    17440.0
     664   -2.883014    73510.0
     665    0.000000        0.0
     666   -2.187642    55160.0
     667   -1.876962    49500.0
     668   -0.244729     2420.0
     669   -0.085538     2420.0
     670   -0.502330     4920.0
     671   -4.767083   133060.0
     672   -3.707563   103950.0
     673   -0.085403     2420.0
     674   -0.004931      120.0
     675   -0.093187     2420.0
     676   -2.994417    83630.0
     677  -61.299168  1672330.0
     678   -2.823632    74530.0
     679   -3.013313    73750.0
     680   -4.796861   131560.0
     681   -0.214201     1600.0
     682  -84.807509  2268200.0
     683  -11.725271   312360.0
     684  -28.171708   774850.0
     685   -1.876490    49390.0
     686   -0.056201     1600.0
     687  -95.421482  2714790.0
     688   -0.261024     2420.0
     689  -81.432417  2313240.0
     690    0.000000        0.0
     691   -0.254396     2420.0
     692   -0.085403     2420.0
     693  -32.884393   868780.0
     694   -1.074750    30280.0
     695   -7.093590   198180.0
     696  -30.915537   838020.0
     697   -4.922184   135850.0
     698    0.000000        0.0
     699  -37.196910  1059240.0
     700   -0.251257     1140.0
     701   -0.377031     6300.0
     702   -2.496236    65300.0
     703  -14.282507   403720.0
     704   -1.562594    38920.0
     705   -0.052240        0.0
     706   -1.771913    50250.0
     707  -76.476329  2155750.0
     708   -2.663646    75570.0
     709   -1.651868    41560.0
     710   -0.501837     4920.0
     711   -0.225990     2590.0
     712  -28.619066   783810.0
     713   -0.085403     2420.0
     714   -2.520767    70240.0
     715   -0.038667      830.0
     716   -0.394451     2420.0
     717   -1.394090    34980.0
     718   -3.147205    82690.0
     719    0.000000        0.0
     720   -0.714295    10580.0
     721    0.000000        0.0
     722    0.000000        0.0
     723   -5.019101   135700.0
     724   -0.325872     7750.0
     725   -0.407007     9120.0
     726  -45.949900  1249590.0
     727  -48.510385  1391140.0
     728   -4.181677   113140.0
     729   -0.144653     1020.0
     730   -1.074750    30280.0
     731   -4.202243   115040.0
     732   -0.827399    20930.0
     733   -3.890278   108910.0
     734   -8.313236   232660.0
     735   -0.028753      800.0
     736   -5.273313   147180.0
     737   -1.650486    43710.0
     738   -2.310365    58650.0
     739   -3.648292   102440.0
     740   -0.067045        0.0
     741   -1.559632    38760.0
     742  -30.001285   795170.0
     743   -2.550479    72260.0
     744   -5.929607   169720.0
     745   -9.540410   265290.0
     746    0.000000        0.0
     747   -0.533778     5900.0
     748   -3.179319    86270.0
     749  -88.905127  2559750.0
     750   -2.131833    58800.0
     751   -1.347594    36360.0
     752  -11.823906   319510.0
     753   -0.006111        0.0
     754  -57.882048  1608070.0
     755    0.000000        0.0
     756   -1.632681    43350.0
     757   -3.609538    98040.0
     758   -0.027913      800.0
     759   -2.276785    59000.0
     760  -27.373761   745980.0
     761  -33.860156   933270.0
     762   -0.241580     2420.0
     763   -1.536601    43250.0
     764   -0.188003     4580.0
     765   -4.739132   132120.0
     766   -7.825500   212340.0
     767   -6.887896   193410.0
     768  -10.774270   302360.0
     769   -0.586069    15230.0
     770  -90.493502  2450280.0
     771   -1.944486    50840.0
     772   -2.131833    58800.0
     773   -3.927056   109580.0
     774   -5.110979   140200.0
     775   -3.298038    79050.0
     776   -4.358438   118650.0
     777   -0.129903        0.0
     778   -5.156924   143870.0
     779   -1.183118    31910.0
     780   -7.094038   196660.0
     781   -0.058021     1600.0
     782   -5.949194   167780.0
     783   -1.716066    48730.0
     784   -0.068146     1920.0
     785   -0.029111      830.0
     786   -0.085458     2420.0
     787  -49.596420  1358250.0
     788  -49.422248  1333030.0
     789 -101.793271  2844120.0
     790   -0.317872     4400.0
     791  -14.461865   395140.0
     792   -0.047910     1290.0
     793  -29.238198   817970.0
     794   -0.085448     2420.0
     795  -26.366246   713510.0
     796  -27.411824   709870.0
     797   -4.808236   127890.0
     798   -1.385611    39170.0
     799   -1.776958    50450.0
     800   -0.056653     1600.0
     801  -62.589920  1659120.0
     802   -0.085514     2420.0
     803  -84.801471  2395240.0
     804   -0.084997     2420.0
     805  -16.088955   450730.0
     806   -0.338635     5240.0
     807   -5.097295   141760.0
     808  -49.049879  1313810.0
     809   -4.359056   118650.0
     810   -1.586184    39670.0
     811   -0.369969     8940.0
     812   -1.554153    38760.0
     813    0.000000        0.0
     814   -0.247500     1510.0
     815  -19.685531   559630.0
     816   -0.084997     2420.0
     817   -1.566903    44230.0
     818   -0.014243      410.0
     819   -0.056260     1600.0
     820   -0.028972      830.0
     821   -0.223059     2580.0
     822   -0.024667        0.0
     823   -2.107802    57900.0
     824   -0.037427     1070.0
     825   -0.240774     2420.0
     826   -1.558396    38880.0
     827   -1.950351    55170.0
     828   -0.253309     6950.0
     829   -1.874767    53000.0
     830  -24.681913   695960.0
     831   -0.306028     4090.0
     832    0.000000        0.0
     833  -10.946166   274490.0
     834   -0.217556     1490.0
     835   -1.550872    44070.0
     836    0.000000        0.0
     837    0.000000        0.0
     838   -2.096948    54540.0
     839  -54.205261  1464460.0
     840  -17.505795   487780.0
     841   -4.150861   112220.0
     842  -16.160264   445760.0
     843   -2.568774    62360.0
     844   -3.886243   108660.0
     845  -29.563382   783600.0
     846   -0.409924    11320.0
     847   -0.029000      830.0
     848   -3.957101   110580.0
     849   -3.478288    88180.0
     850   -1.410174    36920.0
     851  -11.194892   280360.0
     852   -0.548076    10790.0
     853   -3.504441    92560.0
     854  -13.799455   378460.0
     855   -4.673493   122430.0
     856   -0.043712      810.0
     857   -0.378208     6330.0
     858   -5.736830   159150.0
     859   -0.057010        0.0
     860   -0.556813    12040.0
     861   -9.250180   232930.0
     862   -3.070875    84790.0
     863   -2.203722    59800.0
     864   -0.223128     2580.0
     865   -8.936073   247720.0
     866   -1.398490    29920.0
     867  -18.580514   492030.0
     868   -4.359590   118650.0
     869   -1.890240    53400.0
     870   -3.935142   106110.0
     871    0.000000        0.0
     872   -0.219740     6090.0
     873    0.000000        0.0
     874   -4.713340   123590.0
     875  -31.021625   816390.0
     876   -0.053424        0.0
     877  -23.556007   658240.0
     878   -3.827208   107030.0
     879   -4.182049   113530.0
     880   -2.205080    56600.0
     881  -28.091715   745310.0
     882   -2.080441    57120.0
     883   -0.464587     6200.0
     884   -4.356820   119280.0
     885   -1.963104    55740.0
     886   -2.437556    66860.0
     887  -89.180869  2450520.0
     888  -26.447011   746710.0
     889   -0.217833     5210.0
     890   -0.085267     2420.0
     891   -0.936458    23830.0
     892   -1.998948    55160.0
     893   -6.267503   170000.0
     894    0.000000        0.0
     895  -74.077706  2027950.0
     896   -6.641410   181230.0
     897  -41.812594  1134370.0
     898   -0.024667        0.0
     899   -0.907035    23080.0
     900   -0.240774     2420.0
     901   -5.005597   131920.0
     902   -2.833580    68500.0
     903   -0.211080     1600.0
     904   -6.830931   188330.0
     905  -16.952212   466030.0
     906   -0.085556     2420.0
     907   -1.338715    36120.0
     908   -0.339781     5320.0
     909   -0.087830     2500.0
     910  -46.358459  1239510.0
     911   -2.412090    68320.0
     912   -1.467354    38540.0
     913  -93.856094  2626420.0
     914   -5.564330   151840.0
     915   -0.118306     2550.0
     916   -2.618767    71260.0
     917   -0.000031        0.0
     918   -0.223538     2580.0
     919    0.000000        0.0
     920   -0.052785     1420.0
     921   -5.506035   150970.0
     922  -11.879406   314240.0
     923   -6.964993   192590.0
     924   -2.507396    68640.0
     925   -1.374868    38790.0
     926  -36.548528   980920.0
     927  -30.260746   803520.0
     928   -0.209458     1600.0
     929    0.000000        0.0
     930   -4.637681   127180.0
     931   -0.029122      830.0
     932   -2.127497    57680.0
     933   -0.085434     2420.0
     934  -14.071965   384030.0
     935  -27.340569   762460.0
     936    0.000000        0.0
     937   -0.242649     2460.0
     938   -3.849212    97090.0
     939  -45.909924  1300760.0
     940  -14.847927   406360.0
     941  -65.134994  1822790.0
     942  -11.792753   334930.0
     943   -0.270299     7200.0
     944   -0.178104      620.0
     945   -4.490743   123070.0
     946   -0.266844     2420.0
     947   -2.141233    58050.0
     948   -4.181261   113130.0
     949  -29.042961   798620.0
     950   -5.218677   136300.0
     951   -7.695750   216860.0
     952   -0.316448     1190.0
     953  -27.714938   765210.0
     954  -78.181840  2173150.0
     955  -26.769945   723770.0
     956  -10.925452   296290.0
     957   -0.349733     5340.0
     958   -8.862361   240570.0
     959   -1.380903    38960.0
     960  -20.697264   570220.0
     961   -1.687594    47880.0
     962  -22.457180   625490.0
     963   -0.085403     2420.0
     964   -0.593358    11660.0
     965   -1.978163    56170.0
     966   -0.198566     1870.0
     967   -6.640597   180050.0
     968  -22.878041   636450.0
     969    0.000000        0.0
     970   -1.933879    50750.0
     971   -3.215049    91220.0
     972  -70.512155  1968540.0
     973   -0.030747      830.0
     974   -1.594243    44980.0
     975   -0.238351     2420.0
     976   -2.480028    62630.0
     977   -1.915670    54230.0
     978 -122.699331  3342260.0
     979   -1.836774    51980.0
     980   -0.195552     3330.0
     981   -7.950344   223790.0
     982   -0.445997     7550.0
     983   -1.798924    51010.0
     984   -2.784024    74700.0
     985   -0.084997     2420.0
     986   -9.179674   249280.0
     987   -1.565875    38160.0
     988   -1.728382    48740.0
     989   -0.472066     4400.0
     990    0.000000        0.0
     991   -0.014274      410.0
     992    0.000000        0.0
     993   -4.358712   118650.0
     994    0.000000        0.0
     995   -4.468684   122380.0
     996   -0.889729    22680.0
     997   -0.212160     5630.0
     998  -28.359059   741410.0
     999   -0.028684      800.0
    1000    0.000000        0.0
    1001   -8.551240   233430.0
    1002   -0.084997     2420.0
    1003   -0.151962     3330.0
    1004   -4.936517   141470.0
    1005   -2.903826    81770.0
    1006   -9.497719   266790.0
    1007    0.000000        0.0
    1008   -0.531135    13820.0
    1009    0.000000        0.0
    1010   -0.238351     2420.0
    1011   -0.167524      370.0
    1012   -7.507212   207910.0
    1013   -0.085319      830.0
    1014   -0.029111      830.0
    1015   -0.029240      830.0
    1016    0.000000        0.0
    1017  -50.374349  1436320.0
    1018   -0.085431     1600.0
    1019   -1.338708    36120.0
    1020   -2.640337    70140.0
    1021    0.000000        0.0
    1022   -0.055969     1600.0
    1023   -0.084997     2420.0
    1024   -1.828774    51790.0
    1025    0.000000        0.0
    1026    0.000000        0.0
    1027   -0.699979    18480.0
    1028   -0.024667        0.0
    1029   -0.024667        0.0
    1030   -4.885250   136270.0
    1031   -0.618733     7570.0
    1032   -0.223639     2590.0
    1033    0.000000        0.0
    1034   -4.518503   126970.0
    1035   -0.526528     9720.0
    1036   -1.725101    48990.0
    1037   -0.085410     2420.0
    1038   -0.440885    10890.0
    1039  -15.212924   412790.0
    1040  -10.060986   272120.0
    1041   -0.497337     4980.0
    1042   -1.759271    49920.0
    1043   -0.480927     4480.0
    1044   -0.028972      830.0
    1045   -0.243663     2420.0
    1046   -8.987434   249240.0
    1047  -43.560701  1204780.0
    1048   -8.962545   245130.0
    1049   -9.847781   267390.0
    1050  -25.674202   693850.0
    1051   -0.084997     2420.0
    1052    0.000000        0.0
    1053   -1.192295    25090.0
    1054  -32.494862   869750.0
    1055   -0.085403     2420.0
    1056   -4.365521   119580.0
    1057   -0.195132      920.0
    1058   -4.640271   121240.0
    1059   -4.846747   124150.0
    1060   -0.557351     6120.0
    1061    0.000000        0.0
    1062  -94.451288  2573960.0
    1063   -0.084997     2420.0
    1064   -3.436486    96340.0
    1065 -106.696644  2985410.0
    1066   -0.195108     2420.0
    1067   -0.085403     2420.0
    1068   -5.617042   151460.0
    1069   -0.084997     2420.0
    1070   -9.013333   235290.0
    1071   -1.007295    25210.0
    1072   -0.068885     1400.0
    1073   -0.514656    13860.0
    1074   -0.066444     1740.0
    1075   -2.749625    73380.0
    1076   -1.962733    55670.0
    1077   -0.085427     2420.0
    1078   -0.085403     2420.0
    1079   -1.665615    47260.0
    1080   -5.055021   137000.0
    1081   -0.033628       40.0
    1082   -3.925774   106510.0
    1083   -0.205750     1140.0
    1084   -4.245670   119260.0
    1085  -10.920472   280930.0
    1086   -0.085403     2420.0
    1087   -1.892837    49490.0
    1088  -27.796980   723650.0
    1089  -75.842218  2183350.0
    1090   -0.028056      800.0
    1091   -0.029149      830.0
    1092   -5.671802   154170.0
    1093   -4.857830   135710.0
    1094    0.000000        0.0
    1095   -0.096139     2420.0
    1096  -31.961767   862030.0
    1097   -0.029198      830.0
    1098   -0.234365     1180.0
    1099   -0.085003     2420.0
    1100   -0.084997     2420.0
    1101   -0.199212     1000.0
    1102  -89.645544  2415820.0
    1103   -0.649250    16040.0
    1104   -2.994785    82610.0
    1105   -0.579684    15170.0
    1106   -8.888590   242180.0
    1107   -1.708306    48510.0
    1108   -0.209323     1600.0
    1109    0.000000        0.0
    1110   -1.987031    55650.0
    1111  -95.407524  2642990.0
    1112   -9.220434   251340.0
    1113  -10.331635   276300.0
    1114   -3.586569    98080.0
    1115   -1.347240    35570.0
    1116   -0.565403    13230.0
    1117   -0.391365     6670.0
    1118    0.000000        0.0
    1119   -2.204410    59250.0
    1120   -5.353736   149080.0
    1121   -0.084997     2420.0
    1122   -2.100024    59120.0
    1123   -0.045743      960.0
    1124   -0.030944      830.0
    1125   -0.024552      680.0
    1126   -1.125674    29820.0
    1127   -2.782326    74800.0
    1128   -0.967330    26580.0
    1129   -3.818785   106890.0
    1130   -3.218243    88200.0
    1131   -0.029111      830.0
    1132   -0.333479     5240.0
    1133   -2.410552    65120.0
    1134   -0.115059     2420.0
    1135  -11.820368   328890.0
    1136   -3.301135    89180.0
    1137   -0.085403     2420.0
    1138   -4.136566   115850.0
    1139   -0.084997     2420.0
    1140  -31.158128   855020.0
    1141   -0.019083      530.0
    1142   -0.636236    14070.0
    1143   -0.084479      830.0
    1144   -0.028972      830.0
    1145   -8.695274   223700.0
    1146   -0.983226    27700.0
    1147   -1.356205    36360.0
    1148   -2.291750    63620.0
    1149  -33.941650   924800.0
    1150   -0.367844     7700.0
    1151   -0.209382     1200.0
    1152   -5.381365   148350.0
    1153   -0.214757     1600.0
    1154    0.000000        0.0
    1155    0.000000        0.0
    1156  -15.206622   426610.0
    1157  -69.673480  1907210.0
    1158   -0.029156      830.0
    1159  -29.021098   760330.0
    1160   -0.403118    11050.0
    1161   -1.074750    30280.0
    1162   -0.397090     2590.0
    1163   -0.040681     1140.0
    1164   -1.702340    48280.0
    1165   -0.221229     1600.0
    1166   -9.393760   251490.0
    1167    0.000000        0.0
    1168   -3.108642    63920.0
    1169   -0.055969     1600.0
    1170  -18.845479   508870.0
    1171   -0.699288    18240.0
    1172   -0.032288        0.0
    1173   -0.029111      830.0
    1174   -7.371115   202540.0
    1175  -88.924898  2560210.0
    1176   -4.929917   137210.0
    1177  -15.550556   436520.0
    1178   -0.608615    16640.0
    1179   -0.240774     2420.0
    1180  -61.143024  1760200.0
    1181    0.000000        0.0
    1182   -0.245288     2550.0
    1183   -3.215594    86670.0
    1184   -0.085403     2420.0
    1185    0.000000        0.0
    1186   -0.029111      830.0
    1187   -0.042969     1150.0
    1188   -0.084997     2420.0
    1189   -5.598913   150000.0
    1190   -2.028962    49390.0
    1191  -26.569528   747610.0
    1192    0.000000        0.0
    1193   -8.027802   221660.0
    1194    0.000000        0.0
    1195   -6.323847   181430.0
    1196   -3.674271   102490.0
    1197   -0.029111      830.0
    1198   -0.238351     2420.0
    1199   -0.212132     1410.0
    1200   -2.296837    58320.0
    1201   -0.037472     1070.0
    1202   -0.029111      830.0
    1203  -27.496438   758480.0
    1204    0.000000        0.0
    1205   -0.226045     2580.0
    1206   -2.945406    82150.0
    1207   -0.084997     2420.0
    1208   -1.870639    49320.0
    1209   -0.090226      900.0
    1210   -0.006111        0.0
    1211    0.000000        0.0
    1212   -0.091681     2420.0
    1213    0.000000        0.0
    1214   -0.084997     2420.0
    1215   -5.424576   149500.0
    1216   -0.056653     1600.0
    1217   -4.051531   113800.0
    1218    0.000000        0.0
    1219   -0.094813     2460.0
    1220   -0.029115      830.0
    1221    0.000000        0.0
    1222   -1.668542    42060.0
    1223   -0.028972      830.0
    1224   -5.105049   142290.0
    1225   -0.512198    13230.0
    1226   -4.573347   125370.0
    1227    0.000000        0.0
    1228   -3.093695    87120.0
    1229   -4.150837   112220.0
    1230   -7.111910   193340.0
    1231  -62.323834  1693560.0
    1232   -0.084997     2420.0
    1233   -4.545052   124590.0
    1234   -0.471490     4200.0
    1235   -0.092517     2420.0
    1236   -8.498135   229310.0
    1237  -32.200274   840930.0
    1238    0.000000        0.0
    1239   -4.732781   131380.0
    1240    0.000000        0.0
    1241  -18.336712   512490.0
    1242   -2.803312    79480.0
    1243   -0.085472     2420.0
    1244   -0.308080     1260.0
    1245    0.000000        0.0
    1246   -0.000035        0.0
    1247   -0.173319      480.0
    1248   -0.069368       70.0
    1249   -2.363483    64500.0
    1250  -44.210822  1204840.0
    1251   -0.100361     2420.0
    1252   -8.039021   217430.0
    1253 -116.826641  3269130.0
    1254   -0.029111      830.0
    1255   -0.431597     8460.0
    1256   -0.240774     2420.0
    1257   -5.003573   135530.0
    1258   -4.877340   133580.0
    1259   -3.903292   109310.0
    1260   -0.084997     2420.0
    1261  -24.190795   654400.0
    1262   -0.115059     2420.0
    1263  -92.138107  2512260.0
    1264   -0.377403     6300.0
    1265   -0.243240     2420.0
    1266    0.000000        0.0
    1267   -1.864205    50970.0
    1268   -0.892524    22680.0
    1269   -0.024667        0.0
    1270  -13.402604   377070.0
    1271   -5.317458   134140.0
    1272   -8.646726   232800.0
    1273    0.000000        0.0
    1274   -0.893219    22680.0
    1275    0.000000        0.0
    1276   -4.957163   138260.0
    1277  -40.258489  1097810.0
    1278   -0.376597     9120.0
    1279   -1.697754    44980.0
    1280   -0.211747     1600.0
    1281  -30.645200   873740.0
    1282   -2.612771    73940.0
    1283  -67.952164  1844740.0
    1284   -0.213351     1260.0
    1285   -4.490743   123070.0
    1286   -1.884792    53440.0
    1287   -0.056510     1600.0
    1288   -1.454837    38160.0
    1289  -29.736992   838640.0
    1290   -4.121108   111790.0
    1291   -7.150236   191700.0
    1292   -0.085403     2420.0
    1293 -114.796222  3126610.0
    1294   -3.984399   111610.0
    1295   -5.054601   140920.0
    1296   -0.099455     2420.0
    1297   -2.371930    64500.0
    1298  -23.719333   654680.0
    1299    0.000000        0.0
    1300   -3.472774    96870.0
    1301  -31.481264   837940.0
    1302   -0.056000     1600.0
    1303  -67.496211  1886890.0
    1304  -14.450218   407600.0
    1305  -51.345910  1401420.0
    1306   -1.210635    32200.0
    1307   -0.601858    15760.0
    1308   -1.886701    49340.0
    1309  -17.483899   496750.0
    1310   -0.195243     2420.0
    1311   -8.951972   240750.0
    1312   -3.759326   105340.0
    1313   -5.277406   146620.0
    1314    0.000000        0.0
    1315   -2.296510    65260.0
    1316   -4.263802   113500.0
    1317   -0.087934     2420.0
    1318   -0.029111      830.0
    1319   -1.251878    33360.0
    1320  -31.750666   858820.0
    1321   -3.831948   106820.0
    1322  -31.834274   891190.0
    1323   -3.780622   106290.0
    1324   -0.028184      800.0
    1325   -4.420476   122040.0
    1326  -20.764107   583940.0
    1327   -7.923181   213280.0
    1328   -2.215420    57400.0
    1329    0.000000        0.0
    1330  -38.152379  1032280.0
    1331  -32.027267   870620.0
    1332   -1.679038    42790.0
    1333   -0.000083        0.0
    1334   -4.360681   118650.0
    1335   -3.971906   107190.0
    1336  -88.782073  2440020.0
    1337   -6.834660   186860.0
    1338   -3.948122    98800.0
    1339   -4.413469   120120.0
    1340   -2.363479    64500.0
    1341   -1.856014    50580.0
    1342   -6.681788   183960.0
    1343   -0.029111      830.0
    1344   -0.059729      830.0
    1345   -4.554556   126990.0
    1346   -1.006753    21600.0
    1347   -1.553962    38170.0
    1348   -3.370413    94640.0
    1349   -0.240069     2420.0
    1350   -4.420740   122040.0
    1351   -0.240514     2420.0
    1352   -2.066889    56420.0
    1353   -0.207385     1180.0
    1354   -3.816240   106830.0
    1355  -15.548726   422160.0
    1356   -0.976135    27500.0
    1357    0.000000        0.0
    1358   -0.195250     2420.0
    1359  -10.971392   273620.0
    1360   -5.140313   142900.0
    1361   -0.096500     2420.0
    1362   -0.423663     9120.0
    1363   -0.240514     2420.0
    1364   -0.768781    14580.0
    1365   -0.084997     2420.0
    1366   -0.240069     2420.0
    1367   -0.579785    15170.0
    1368  -22.794486   620160.0
    1369   -4.149573   112220.0
    1370    0.000000        0.0
    1371  -10.874087   280350.0
    1372   -8.162646   223160.0
    1373   -5.028271   140370.0
    1374   -2.147819    58050.0
    1375   -0.085403     2420.0
    1376  -21.691104   587410.0
    1377   -0.084997     2420.0
    1378   -0.223181     2580.0
    1379   -0.081087        0.0
    1380   -4.653139   129920.0
    1381   -1.443222    38160.0
    1382   -4.831382   134680.0
    1383   -5.655028   157240.0
    1384   -0.000028        0.0
    1385   -0.085545     2420.0
    1386  -40.582461  1146550.0
    1387   -0.132132     3610.0
    1388  -17.508138   496580.0
    1389   -1.519813    42010.0
    1390   -4.269094   116070.0
    1391   -0.195108     2420.0
    1392   -2.049941    58010.0
    1393   -2.638368    74220.0
    1394    0.000000        0.0
    1395    0.000000        0.0
    1396    0.000000        0.0
    1397    0.000000        0.0
    1398  -56.695675  1601950.0
    1399  -19.853479   540730.0
    1400  -30.659143   834150.0
    1401   -1.702538    48290.0
    1402   -0.096594     2420.0
    1403    0.000000        0.0
    1404   -0.033531      960.0
    1405   -0.085403     2420.0
    1406   -4.716622   127730.0
    1407   -0.085403     2420.0
    1408  -56.932270  1578290.0
    1409   -0.029111      830.0
    1410   -0.006073        0.0
    1411   -6.408271   177750.0
    1412   -0.085403     2420.0
    1413   -0.018910      340.0
    1414   -2.338708    66150.0
    1415  -47.185317  1278740.0
    1416   -0.014243      410.0
    1417    0.000000        0.0
    1418    0.000000        0.0
    1419    0.000000        0.0
    1420   -3.960021   109440.0
    1421   -1.767500    49990.0
    1422  -33.135551   933250.0
    1423   -2.153854    60970.0
    1424   -1.293896    30470.0
    1425   -0.085403     2420.0
    1426   -0.085403     2420.0
    1427   -0.175330     1710.0
    1428   -0.084997     2420.0
    1429   -5.287135   146700.0
    1430    0.000000        0.0
    1431  -14.547625   408450.0
    1432    0.000000        0.0
    1433  -21.364573   594190.0
    1434   -7.841358   210270.0
    1435   -5.139931   139020.0
    1436  -17.342083   476330.0
    1437   -1.550510    43810.0
    1438   -0.214201     1600.0
    1439    0.000000        0.0
    1440   -2.602625    73970.0
    1441  -15.485108   436970.0
    1442   -0.674872    16560.0
    1443   -2.927604    80300.0
    1444   -0.084997     2420.0
    1445   -2.309042    61320.0
    1446   -3.774677   105420.0
    1447   -4.109576   111530.0
    1448   -0.085569     2420.0
    1449  -14.408979   398210.0
    1450  -23.312326   644890.0
    1451    0.000000        0.0
    1452   -0.241174     2420.0
    1453  -20.089389   547270.0
    1454  -89.880427  2489780.0
    1455   -0.029111      830.0
    1456   -3.833465   107390.0
    1457   -0.169042     1600.0
    1458   -2.865205    76840.0
    1459   -6.264202   173530.0
    1460   -5.235785   141280.0
    1461  -46.119406  1315000.0
    1462   -0.333517     5240.0
    1463   -0.065399     1600.0
    1464   -0.029111      830.0
    1465   -0.197479     5600.0
    1466   -0.176271      560.0
    1467   -4.969670   134820.0
    1468    0.000000        0.0
    1469   -0.029104      830.0
    1470   -0.262844     7200.0
    1471   -3.814750    99730.0
    1472   -4.149924   112220.0
    1473   -4.073656   108190.0
    1474  -19.190461   528140.0
    1475   -0.084997     2420.0
    1476  -27.362691   723630.0
    1477   -5.490698   152630.0
    1478  -56.970557  1546760.0
    1479   -0.000111        0.0
    1480    0.000000        0.0
    1481   -2.085219    59210.0
    1482   -0.032288        0.0
    1483   -2.495312    69390.0
    1484   -3.151694    86830.0
    1485   -0.092517     2420.0
    1486   -0.241302     2420.0
    1487   -8.603309   231710.0
    1488   -7.008219   190960.0
    1489   -0.037472     1070.0
    1490   -0.084997     2420.0
    1491    0.000000        0.0
    1492   -2.039844    55130.0
    1493   -0.318323     4400.0
    1494   -0.296094     4160.0
    1495   -4.657312   123320.0
    1496   -1.351153    36210.0
    1497   -1.677715    47630.0
    1498   -0.085403     2420.0
    1499   -0.051955        0.0
    1500    0.000000        0.0
    1501   -0.210715     5600.0
    1502   -0.607524    11960.0
    1503    0.000000        0.0
    1504   -2.367913    64600.0
    1505   -0.029111      830.0
    1506   -0.213226     1270.0
    1507   -1.270118    34010.0
    1508   -1.906156    50290.0
    1509   -0.085410     2420.0
    1510   -4.004423   112160.0
    1511    0.000000        0.0
    1512   -4.095799   114770.0
    1513   -5.852104   162550.0
    1514   -2.678090    68820.0
    1515   -0.028976      830.0
    1516   -1.873948    53120.0
    1517    0.000000        0.0
    1518   -0.034063        0.0
    1519   -9.852674   264250.0
    1520   -4.644202   129010.0
    1521   -0.028972      830.0
    1522   -5.048125   140640.0
    1523  -15.424597   443410.0
    1524   -0.085403     2420.0
    1525  -97.981397  2693870.0
    1526  -50.105833  1401060.0
    1527   -0.029111      830.0
    1528  -19.620160   545540.0
    1529   -0.029111      830.0
    1530   -4.933521   137210.0
    1531   -0.223149     2580.0
    1532   -5.508528   146490.0
    1533   -0.238510     2420.0
    1534   -4.933455   132050.0
    1535   -1.714951    48650.0
    1536    0.000000        0.0
    1537   -4.517288   123750.0
    1538   -0.084997     2420.0
    1539   -1.733274    48160.0
    1540   -0.085003     2420.0
    1541  -72.040444  1921550.0
    1542    0.000000        0.0
    1543    0.000000        0.0
    1544   -1.694007    48050.0
    1545   -5.460976   151520.0
    1546   -0.028972      830.0
    1547   -1.774003    49650.0
    1548  -17.552774   475090.0
    1549   -0.632198    12810.0
    1550   -9.793209   265110.0
    1551    0.000000        0.0
    1552    0.000000        0.0
    1553   -0.085403     2420.0
    1554   -0.084997     2420.0
    1555 -108.823722  2940460.0
    1556   -4.413045   125290.0
    1557   -0.049750        0.0
    1558  -24.522452   646790.0
    1559   -0.028972      830.0
    1560   -0.117052     2420.0
    1561   -4.154285   112780.0
    1562   -5.535799   153740.0
    1563   -2.294316    65040.0
    1564  -16.548125   460480.0
    1565    0.000000        0.0
    1566   -1.350358    36440.0
    1567    0.000000        0.0
    1568  -33.409107   957210.0
    1569   -5.366865   149150.0
    1570   -2.333875    62320.0
    1571   -4.805823   133700.0
    1572   -2.316486    65710.0
    1573   -9.539358   255140.0
    1574    0.000000        0.0
    1575   -0.155306     3440.0
    1576   -0.323872     3960.0
    1577   -0.002802        0.0
    1578  -25.070931   670650.0
    1579   -5.442576   151180.0
    1580 -144.830033  3943540.0
    1581   -1.564990    44130.0
    1582   -3.695656   103590.0
    1583   -0.084997     2420.0
    1584   -1.076837    28970.0
    1585   -8.267854   221570.0
    1586   -5.480448   148350.0
    1587   -0.245649     5850.0
    1588   -0.683667    17950.0
    1589   -1.948295    43650.0
    1590   -0.085462     2420.0
    1591   -3.669583   102690.0
    1592   -0.084997     2420.0
    1593   -5.023910   135690.0
    1594   -7.614222   206800.0
    1595   -8.488073   228690.0
    1596   -0.088816     2530.0
    1597   -5.418392   150400.0
    1598  -12.949483   367950.0
    1599   -6.593247   183430.0
    1600   -0.084997     2420.0
    1601   -8.581733   235920.0
    1602   -0.098104     2420.0
    1603   -7.676872   214160.0
    1604   -2.396160    67940.0
    1605   -0.084997     2420.0
    1606   -7.863694   214600.0
    1607   -0.115059     2420.0
    1608   -5.492580   152490.0
    1609   -1.864757    50430.0
    1610   -2.318514    65990.0
    1611   -0.083597      830.0
    1612   -1.722604    41520.0
    1613   -0.085403     2420.0
    1614   -0.028972      830.0
    1615   -2.284521    64960.0
    1616   -5.285278   146620.0
    1617   -0.282358     3280.0
    1618   -2.327323    66060.0
    1619   -0.085403     2420.0
    1620   -0.085403     2420.0
    1621  -14.335576   405510.0
    1622   -0.559476     6200.0
    1623   -3.530760    98840.0
    1624   -0.035444       90.0
    1625    0.000000        0.0
    1626   -0.085403     2420.0
    1627   -7.960663   226440.0
    1628   -6.187819   171130.0
    1629  -21.130302   589880.0
    1630  -38.722510  1083530.0
    1631    0.000000        0.0
    1632  -24.642736   651520.0
    1633   -0.028972      830.0
    1634  -10.425229   274110.0
    1635  -17.241049   487410.0
    1636   -5.215462   144620.0
    1637   -0.066937        0.0
    1638  -18.093639   484950.0
    1639   -1.508351    35590.0
    1640   -0.004691        0.0
    1641  -74.090056  2132850.0
    1642  -13.512024   370620.0
    1643   -2.422358    65770.0
    1644   -2.313816    65520.0
    1645   -0.336319     5320.0
    1646   -0.084997     2420.0
    1647   -1.497858    42100.0
    1648   -0.049125        0.0
    1649   -0.028972      830.0
    1650   -0.203653     1140.0
    1651   -1.152767    31350.0
    1652   -0.182056      720.0
    1653   -0.377472     6310.0
    1654   -0.212503     1600.0
    1655   -0.029111      830.0
    1656   -0.195108     2420.0
    1657   -0.084997     2420.0
    1658   -4.476615   120570.0
    1659    0.000000        0.0
    1660   -5.311705   143560.0
    1661   -7.082903   193790.0
    1662   -1.102493    28630.0
    1663   -0.190208     3340.0
    1664   -7.035611   185140.0
    1665   -0.000076        0.0
    1666   -0.085403     2420.0
    1667    0.000000        0.0
    1668   -0.037736     1070.0
    1669    0.000000        0.0
    1670   -0.034340       50.0
    1671   -0.108365     2250.0
    1672   -0.085403     2420.0
    1673   -3.748663    98500.0
    1674   -0.370632     8990.0
    1675   -0.028469      800.0
    1676  -14.448000   377180.0
    1677    0.000000        0.0
    1678   -3.893580   102310.0
    1679   -2.221535    60450.0
    1680   -4.624156   130030.0
    1681   -0.084997     2420.0
    1682  -50.561733  1370300.0
    1683   -1.461948    38590.0
    1684   -0.196590      950.0
    1685    0.000000        0.0
    1686   -5.907667   159210.0
    1687   -5.045559   140600.0
    1688   -0.182444      980.0
    1689   -0.036976      990.0
    1690   -0.223226     2580.0
    1691   -0.476691     4200.0
    1692  -11.704802   330540.0
    1693   -0.223424     2580.0
    1694   -0.085403     2420.0
    1695  -95.157073  2662710.0
    1696  -29.950741   832320.0
    1697   -0.085403     2420.0
    1698  -19.087899   501110.0
    1699   -0.055969     1600.0
    1700   -0.029250      830.0
    1701   -0.041205      830.0
    1702    0.000000        0.0
    1703   -4.197785   117640.0
    1704    0.000000        0.0
    1705  -69.109443  1910500.0
    1706   -5.304365   148150.0
    1707    0.000000        0.0
    1708  -60.600510  1655480.0
    1709  -19.673768   553710.0
    1710    0.000000        0.0
    1711   -3.613250    96990.0
    1712   -1.105031    30850.0
    1713  -35.848983  1020850.0
    1714   -1.875483    53140.0
    1715   -0.085403     2420.0
    1716   -1.075708    29470.0
    1717   -3.820965   107600.0
    1718   -4.992153   139070.0
    1719   -3.831371   107770.0
    1720   -0.028972      830.0
    1721   -0.085403     2420.0
    1722   -3.742705   104930.0
    1723   -0.085403     2420.0
    1724  -40.587177  1118820.0
    1725   -9.680059   273990.0
    1726   -1.733917    48950.0
    1727   -4.420844   122040.0
    1728    0.000000        0.0
    1729  -27.760590   774520.0
    1730   -0.084997     2420.0
    1731   -0.398406    10810.0
    1732    0.000000        0.0
    1733  -68.490676  1872170.0
    1734   -0.085403     2420.0
    1735   -0.028972      830.0
    1736   -2.617938    74300.0
    1737  -43.338320  1164220.0
    1738   -0.256552     6850.0
    1739  -23.744843   642680.0
    1740   -0.085410     2420.0
    1741   -2.340820    66320.0
    1742   -3.902021   109030.0
    1743   -0.084997     2420.0
    1744   -0.167958     2550.0
    1745   -1.674257    44100.0
    1746   -3.913535   109370.0
    1747   -0.106694     1450.0
    1748   -0.027913      800.0
    1749   -1.798066    50680.0
    1750   -1.790056    50580.0
    1751   -1.074750    30280.0
    1752   -5.438222   146760.0
    1753   -0.110785     3150.0
    1754   -3.977764   113670.0
    1755   -0.213729     1270.0
    1756    0.000000        0.0
    1757   -0.029111      830.0
    1758    0.000000        0.0
    1759  -18.654576   474530.0
    1760   -0.814563    22120.0
    1761   -0.178618      620.0
    1762  -11.631052   331330.0
    1763   -0.084997     2420.0
    1764   -0.029111      830.0
    1765   -0.242983     2420.0
    1766   -2.063306    57870.0
    1767   -0.104271     2420.0
    1768   -0.084997     2420.0
    1769    0.000000        0.0
    1770   -0.195389     2420.0
    1771   -0.228080     1140.0
    1772   -4.520767   121450.0
    1773   -4.760851   132550.0
    1774  -84.493314  2432480.0
    1775    0.000000        0.0
    1776   -0.084997     2420.0
    1777   -0.028049      800.0
    1778  -56.078681  1567850.0
    1779   -4.537104   126860.0
    1780    0.000000        0.0
    1781   -4.904125   132630.0
    1782   -0.550708    14210.0
    1783  -10.272246   283730.0
    1784    0.000000        0.0
    1785  -81.348606  2217440.0
    1786  -38.260508  1028120.0
    1787   -0.088059     2420.0
    1788 -206.348862  5566930.0
    1789   -0.084997     2420.0
    1790   -0.841031    20610.0
    1791   -0.018677      350.0
    1792   -0.085403     2420.0
    1793   -0.085403     2420.0
    1794   -0.085403     2420.0
    1795   -0.085403     2420.0
    1796   -3.676191   101550.0
    1797   -0.084997     2420.0
    1798   -0.213719     5860.0
    1799  -19.913045   539910.0
    1800   -0.014250      410.0
    1801   -0.028972      830.0
    1802  -13.997070   382380.0
    1803   -1.570552    44350.0
    1804   -0.055969     1600.0
    1805   -1.561056    38280.0
    1806   -7.243972   201150.0
    1807   -0.085538     2420.0
    1808   -2.066823    58690.0
    1809    0.000000        0.0
    1810   -0.085403     2420.0
    1811    0.000000        0.0
    1812  -26.785004   703060.0
    1813   -0.028979      830.0
    1814   -0.042104      830.0
    1815  -15.580535   423860.0
    1816   -0.028972      830.0
    1817   -3.724590   104290.0
    1818   -0.212042     1600.0
    1819   -0.562444    13860.0
    1820   -0.085403     2420.0
    1821   -8.122243   231330.0
    1822   -7.092323   192770.0
    1823   -0.184934      700.0
    1824   -2.552340    72600.0
    1825   -3.845708   107760.0
    1826   -1.374257    36290.0
    1827   -1.949250    55360.0
    1828   -2.504028    68640.0
    1829   -0.243229     2420.0
    1830   -2.761820    74180.0
    1831   -3.440757    82840.0
    1832   -8.274864   195070.0
    1833   -0.029111      830.0
    1834   -0.087597     2420.0
    1835   -0.083038      670.0
    1836   -5.525479   152750.0
    1837   -1.155306    32600.0
    1838  -23.162486   651730.0
    1839    0.000000        0.0
    1840   -3.407156    95520.0
    1841   -4.167503   116960.0
    1842   -6.675559   185130.0
    1843   -0.014243      410.0
    1844   -5.454653   151430.0
    1845   -3.881247   102560.0
    1846   -0.115059     2420.0
    1847   -1.560868    38160.0
    1848   -0.014250      410.0
    1849  -26.084501   705490.0
    1850   -0.084997     2420.0
    1851   -4.491733   123070.0
    1852   -0.084194      230.0
    1853   -0.084997     2420.0
    1854   -2.004823    56880.0
    1855   -0.085403     2420.0
    1856   -3.686948   103400.0
    1857   -2.364118    64540.0
    1858   -0.085403     2420.0
    1859   -5.375875   149140.0
    1860    0.000000        0.0
    1861   -1.860007    52680.0
    1862   -2.637389    71840.0
    1863   -0.238351     2420.0
    1864   -0.512219    13230.0
    1865   -0.223226     2580.0
    1866    0.000000        0.0
    1867   -1.195778    33100.0
    1868   -0.088122     2510.0
    1869   -0.097313     1920.0
    1870   -8.324382   236750.0
    1871   -1.223788    30840.0
    1872   -0.028972      830.0
    1873  -11.866868   334350.0
    1874   -3.090774    88150.0
    1875   -2.226125    63130.0
    1876   -3.847011   101730.0
    1877   -0.243229     2420.0
    1878    0.000000        0.0
    1879   -0.028972      830.0
    1880   -0.889257    22680.0
    1881   -1.829629    51690.0
    1882   -3.251333    84160.0
    1883   -0.085403     2420.0
    1884   -0.084997     2420.0
    1885  -26.227629   727250.0
    1886   -4.673826   131090.0
    1887   -0.644778    17800.0
    1888  -29.160903   789590.0
    1889   -0.095764      830.0
    1890   -0.056524     1600.0
    1891   -0.032483      930.0
    1892    0.000000        0.0
    1893   -1.835622    51850.0
    1894  -91.179677  2625010.0
    1895   -0.085434     2420.0
    1896   -1.887194    53420.0
    1897    0.000000        0.0
    1898    0.000000        0.0
    1899   -0.935799    23920.0
    1900   -0.084135      830.0
    1901  -22.533948   626550.0
    1902    0.000000        0.0
    1903   -1.789649    50670.0
    1904   -0.398840     2420.0
    1905    0.000000        0.0
    1906  -27.857743   780450.0
    1907  -68.111805  1903900.0
    1908   -0.084997     2420.0
    1909   -2.235476    60600.0
    1910    0.000000        0.0
    1911   -0.415236     9000.0
    1912   -0.028972      830.0
    1913   -1.879872    53150.0
    1914   -0.085403     2420.0
    1915    0.000000        0.0
    1916   -0.375458     8330.0
    1917   -0.041354      830.0
    1918    0.000000        0.0
    1919    0.000000        0.0
    1920   -0.035556        0.0
    1921   -0.201382     2420.0
    1922   -5.571253   154510.0
    1923   -0.084997     2420.0
    1924   -1.921469    54430.0
    1925   -0.200635     2250.0
    1926   -4.274167   119800.0
    1927   -0.085403     2420.0
    1928   -0.028972      830.0
    1929   -3.439802    92040.0
    1930   -0.061635     1600.0
    1931   -0.085517     2420.0
    1932    0.000000        0.0
    1933  -32.836014   864320.0
    1934   -2.938590    75980.0
    1935   -2.446715    63670.0
    1936    0.000000        0.0
    1937   -0.084997     2420.0
    1938    0.000000        0.0
    1939  -56.955757  1508030.0
    1940   -1.072615    24940.0
    1941   -0.000139        0.0
    1942   -0.035222     1010.0
    1943   -0.579806    15170.0
    1944   -0.024667        0.0
    1945   -0.091941     2620.0
    1946   -5.602226   151920.0
    1947   -4.229497   117370.0
    1948   -0.041497      830.0
    1949    0.000000        0.0
    1950   -0.290111     5850.0
    1951   -5.139552   143360.0
    1952   -0.085403     2420.0
    1953   -0.028972      830.0
    1954   -2.375833    64770.0
    1955  -14.327004   406850.0
    1956  -11.020257   304090.0
    1957    0.000000        0.0
    1958   -8.104000   225760.0
    1959  -10.416681   290390.0
    1960  -24.338219   687250.0
    1961    0.000000        0.0
    1962   -0.029938        0.0
    1963    0.000000        0.0
    1964   -0.085403     2420.0
    1965   -0.668243    15360.0
    1966   -0.084997     2420.0
    1967  -21.575850   599980.0
    1968   -1.722653    48860.0
    1969  -14.019097   380960.0
    1970   -0.084997     2420.0
    1971   -0.085403     2420.0
    1972   -0.066937        0.0
    1973   -3.775333   104770.0
    1974    0.000000        0.0
    1975   -2.392493    67880.0
    1976   -2.363483    64500.0
    1977   -0.438080     3400.0
    1978   -3.791111   106150.0
    1979   -2.156226    57270.0
    1980   -0.085403     2420.0
    1981   -1.715045    48660.0
    1982  -11.921222   336270.0
    1983  -26.396691   708710.0
    1984   -0.034243      440.0
    1985   -2.225667    60450.0
    1986   -2.377063    66500.0
    1987   -0.000569        0.0
    1988   -0.039569        0.0
    1989   -0.084997     2420.0
    1990   -0.034962      980.0
    1991  -20.861510   568940.0
    1992  -72.297866  2020390.0
    1993   -3.890819   109100.0
    1994   -1.690285    43960.0
    1995   -0.365872     5760.0
    1996    0.000000        0.0
    1997   -2.940094    77520.0
    1998    0.000000        0.0
    1999  -22.000375   604980.0
    2000   -0.085003     2420.0
    2001   -0.084997     2420.0
    2002   -0.028972      830.0
    2003    0.000000        0.0
    2004  -57.831327  1543280.0
    2005  -44.740219  1231740.0
    2006  -24.306437   665370.0
    2007  -33.908782   926320.0
    2008  -25.726639   678600.0
    2009   -0.890253    22710.0
    2010    0.000000        0.0
    2011   -0.223378     2580.0
    2012   -4.579955   122040.0
    2013   -1.720753    48600.0
    2014  -41.843564  1204340.0
    2015   -2.102354    59530.0
    2016  -94.245576  2713430.0
    2017   -4.149573   112220.0
    2018   -5.224969   144950.0
    2019  -12.758437   325520.0
    2020   -0.085403     2420.0
    2021   -3.654747   102400.0
    2022  -47.089962  1262400.0
    2023   -2.397021    65420.0
    2024   -0.613674    15830.0
    2025   -2.764382    77160.0
    2026   -0.028972      830.0
    2027   -9.088976   255670.0
    2028    0.000000        0.0
    2029   -1.226573    34240.0
    2030  -17.416746   478670.0
    2031   -0.338833     5260.0
    2032    0.000000        0.0
    2033   -0.079163     2100.0
    2034  -88.342564  2357790.0
    2035  -70.205380  2020850.0
    2036   -0.000028        0.0
    2037   -0.910021    23270.0
    2038    0.000000        0.0
    2039    0.000000        0.0
    2040   -4.286076   117390.0
    2041   -4.374344   118650.0
    2042   -2.196490    59270.0
    2043   -0.092517     2420.0
    2044   -8.570768   230410.0
    2045   -0.085403     2420.0
    2046   -2.316781    63460.0
    2047   -5.731472   146780.0
    2048   -0.108597     2850.0
    2049   -0.085403     2420.0
    2050   -3.502910    98210.0
    2051    0.000000        0.0
    2052    0.000000        0.0
    2053   -0.444080    11980.0
    2054    0.000000        0.0
    2055    0.000000        0.0
    2056   -0.024667        0.0
    2057   -4.494857   123080.0
    2058   -0.070983     1600.0
    2059   -3.695125   103700.0
    2060   -7.027452   201220.0
    2061  -11.046076   315290.0
    2062    0.000000        0.0
    2063   -0.889698    22680.0
    2064    0.000000        0.0
    2065  -54.157440  1544090.0
    2066   -0.085403     2420.0
    2067  -35.851497  1002060.0
    2068   -0.377198     6300.0
    2069   -0.056063     1600.0
    2070   -0.144906     4080.0
    2071   -5.100625   133750.0
    2072   -4.530590   126200.0
    2073   -2.302885    64050.0
    2074   -4.111972   111250.0
    2075   -4.700326   127610.0
    2076   -0.661059    15070.0
    2077   -0.085403     2420.0
    2078   -0.889257    22680.0
    2079    0.000000        0.0
    2080   -0.282437     3380.0
    2081   -2.141976    58050.0
    2082   -0.084997     2420.0
    2083   -3.266556    89520.0
    2084   -1.749792    49650.0
    2085   -0.889257    22680.0
    2086   -2.764802    75150.0
    2087   -8.788215   243640.0
    2088   -0.510021    13140.0
    2089    0.000000        0.0
    2090   -0.055969     1600.0
    2091   -0.000024        0.0
    2092   -0.088569     2500.0
    2093   -0.085403     2420.0
    2094   -0.086062     2420.0
    2095  -26.183559   733330.0
    2096   -5.564288   150580.0
    2097  -37.845264  1067510.0
    2098   -3.797847   106450.0
    2099   -8.416215   202530.0
    2100   -5.576764   154840.0
    2101   -8.771247   246390.0
    2102   -2.115722    57750.0
    2103   -0.056931     1600.0
    2104   -0.084997     2420.0
    2105   -0.013542      390.0
    2106   -0.119549     2420.0
    2107   -0.036854      830.0
    2108    0.000000        0.0
    2109   -0.084205      830.0
    2110   -0.085403     2420.0
    2111   -6.944621   193700.0
    2112   -8.829170   238440.0
    2113   -0.084997     2420.0
    2114   -2.610705    68600.0
    2115   -2.443691    67040.0
    2116  -17.480545   467770.0
    2117   -0.318330     4400.0
    2118   -1.305997    34200.0
    2119   -0.028969      830.0
    2120   -4.476750   123010.0
    2121   -0.198056     1160.0
    2122   -0.029017      830.0
    2123    0.000000        0.0
    2124   -0.096139     2420.0
    2125    0.000000        0.0
    2126   -0.028969      830.0
    2127   -0.056104     1600.0
    2128   -0.084997     2420.0
    2129   -6.117465   168810.0
    2130   -0.085267     2420.0
    2131    0.000000        0.0
    2132   -0.373604     6200.0
    2133   -0.057448     1610.0
    2134  -10.765851   304000.0
    2135   -2.966205    81090.0
    2136   -7.407323   197560.0
    2137   -0.035531      830.0
    2138   -0.374444     8990.0
    2139   -5.357132   148530.0
    2140   -2.267253    64350.0
    2141   -0.605396    15070.0
    2142   -0.394097    11350.0
    2143   -3.770142   106810.0
    2144   -0.054146       20.0
    2145   -0.240674     2140.0
    2146  -16.320851   456350.0
    2147   -9.622906   261360.0
    2148  -13.831677   382250.0
    2149   -4.361097   118650.0
    2150   -0.026708      410.0
    2151   -0.084642      860.0
    2152  -31.039319   866660.0
    2153   -0.090552     2580.0
    2154   -0.085403     2420.0
    2155   -0.084997     2420.0
    2156   -0.091517     2600.0
    2157   -0.014938      430.0
    2158    0.000000        0.0
    2159   -3.520132    91500.0
    2160  -98.698587  2672510.0
    2161   -2.315611    59950.0
    2162   -5.759545   155510.0
    2163   -0.045087      920.0
    2164  -93.977191  2641580.0
    2165   -1.211740    33810.0
    2166   -0.231403     1890.0
    2167    0.000000        0.0
    2168   -0.002156        0.0
    2169   -3.824361   104760.0
    2170   -0.083736      830.0
    2171   -0.084997     2420.0
    2172   -3.998608   112270.0
    2173   -0.085267     2420.0
    2174   -0.741965     9150.0
    2175   -0.084997     2420.0
    2176   -0.014240      410.0
    2177   -0.056795     1600.0
    2178   -3.317271    92770.0
    2179   -5.555420   150070.0
    2180    0.000000        0.0
    2181   -0.239587     2080.0
    2182   -2.063538    58350.0
    2183   -0.238500     2420.0
    2184   -7.561889   209040.0
    2185   -0.084997     2420.0
    2186    0.000000        0.0
    2187 -144.230658  3962610.0
    2188   -5.578375   155080.0
    2189   -2.221375    59070.0
    2190   -5.527219   153470.0
    2191   -3.936812   110480.0
    2192   -0.788719    19300.0
    2193   -6.375503   171370.0
    2194   -4.701264   130850.0
    2195   -0.713694    14830.0
    2196   -0.029111      830.0
    2197   -0.395785     9560.0
    2198   -0.209920     4140.0
    2199   -0.062934      470.0
    2200   -2.584879    73350.0
    2201   -2.364472    64550.0
    2202   -2.051764    58100.0
    2203   -2.318580    65810.0
    2204   -1.042983    28350.0
    2205  -37.700121  1052510.0
    2206   -0.580816    14940.0
    2207   -0.014938      430.0
    2208   -1.986642    56090.0
    2209  -43.333535  1186610.0
    2210  -53.687258  1501560.0
    2211   -0.055646      860.0
    2212   -0.223715     1180.0
    2213   -0.085403     2420.0
    2214   -1.482128    41580.0
    2215   -0.277812     3400.0
    2216    0.000000        0.0
    2217   -0.056142     1600.0
    2218   -0.399007     2420.0
    2219   -0.024667        0.0
    2220  -14.237188   403910.0
    2221   -3.678076   103240.0
    2222   -1.777333    50190.0
    2223   -4.705083   131300.0
    2224   -0.027913      800.0
    2225   -0.084997     2420.0
    2226   -0.038330     1100.0
    2227   -0.017316        0.0
    2228   -0.043038     1220.0
    2229   -5.089128   143320.0
    2230   -0.086389      830.0
    2231  -83.857989  2255750.0
    2232  -47.991608  1325310.0
    2233   -0.030017      860.0
    2234   -0.560771    10920.0
    2235   -5.547684   153940.0
    2236    0.000000        0.0
    2237   -0.235934     2420.0
    2238   -3.495965    97510.0
    2239  -77.176594  2221060.0
    2240  -11.533438   325650.0
    2241  -10.269316   269560.0
    2242   -0.084997     2420.0
    2243   -0.086594     2450.0
    2244   -0.084997     2420.0
    2245   -4.248135   116380.0
    2246    0.000000        0.0
    2247   -5.225281   145770.0
    2248    0.000000        0.0
    2249   -0.084997     2420.0
    2250   -5.672972   157370.0
    2251   -0.084997     2420.0
    2252   -1.578858    42830.0
    2253   -0.084997     2420.0
    2254   -0.101035        0.0
    2255   -2.030313    57410.0
    2256    0.000000        0.0
    2257   -1.950920    54540.0
    2258   -5.393708   145140.0
    2259   -0.084997     2420.0
    2260   -8.527930   234920.0
    2261   -3.552292    99470.0
    2262   -0.085267     2420.0
    2263 -108.325695  2950360.0
    2264    0.000000        0.0
    2265   -0.015094      430.0
    2266    0.000000        0.0
    2267    0.000000        0.0
    2268   -0.085410     2420.0
    2269   -8.668358   234030.0
    2270   -5.212649   144470.0
    2271   -0.238351     2420.0
    2272   -0.004181       20.0
    2273   -1.702934    48310.0
    2274   -0.110003     1580.0
    2275   -4.553858   127900.0
    2276   -0.029111      830.0
    2277  -13.878504   390350.0
    2278   -0.000694       20.0
    2279  -16.936959   460530.0
    2280   -6.720479   186790.0
    2281   -0.029875        0.0
    2282   -5.375854   148200.0
    2283   -0.009354       20.0
    2284   -0.056375     1600.0
    2285   -0.519563    13580.0
    2286   -0.083472      830.0
    2287   -0.238351     2420.0
    2288   -3.754267   105250.0
    2289  -26.575944   712850.0
    2290  -67.969953  1885570.0
    2291   -0.084997     2420.0
    2292   -4.554576   124840.0
    2293   -7.915649   221050.0
    2294   -0.194795     1070.0
    2295   -2.283323    58960.0
    2296   -2.110705    57620.0
    2297  -11.839750   333660.0
    2298   -3.932313   108510.0
    2299   -0.531219    13610.0
    2300   -0.085267     2420.0
    2301   -8.335576   234080.0
    2302   -4.022778   112370.0
    2303   -4.008569   112280.0
    2304   -0.028969      830.0
    2305   -3.911628   109560.0
    2306   -5.000486   139410.0
    2307   -3.712163   103030.0
    2308   -0.084997     2420.0
    2309   -0.029108      830.0
    2310   -4.914844   137010.0
    2311   -5.172323   143530.0
    2312   -0.055969     1600.0
    2313   -0.085267     2420.0
    2314   -2.510549    66060.0
    2315  -16.348813   457160.0
    2316    0.000000        0.0
    2317   -0.029122      830.0
    2318   -1.242927    34320.0
    2319   -0.890990    20260.0
    2320   -0.674198    17510.0
    2321   -3.803295   102090.0
    2322   -0.029111      830.0
    2323    0.000000        0.0
    2324   -5.002677   138420.0
    2325   -9.152399   250070.0
    2326   -0.029111      830.0
    2327   -0.828233    22680.0
    2328   -9.911146   243480.0
    2329  -22.720907   631350.0
    2330    0.000000        0.0
    2331   -7.959167   210630.0
    2332   -0.058701        0.0
    2333  -23.322299   577470.0
    2334  -40.614281   941350.0
    2335   -0.006344      130.0
    2336   -0.055604      940.0
    2337   -0.009073      260.0
    2338   -2.700816    77280.0
    2339    0.000000        0.0
    2340    0.000000        0.0
    2341   -4.040705   113580.0
    2342    0.000000        0.0
    2343   -0.760406    20960.0
    2344   -9.541958   256280.0
    2345    0.000000        0.0
    2346   -0.000427        0.0
    2347   -5.672660   158220.0
    2348   -1.977132    55710.0
    2349   -2.964785    84210.0
    2350   -0.003312        0.0
    2351  -17.653715   469720.0
    2352   -0.214000     5950.0
    2353   -0.815167    22280.0
    2354    0.000000        0.0
    2355   -0.233420     6610.0
    2356    0.000000        0.0
    2357    0.000000        0.0
    2358   -0.021632      620.0
    2359   -7.984080   212020.0
    2360   -8.275861   227050.0
    2361  -36.542247   877150.0
    2362   -0.000170        0.0
    2363    0.000000        0.0
    2364    0.000000        0.0
    2365    0.000000        0.0
    2366    0.000000        0.0
    2367   -0.443847    10750.0
    2368   -5.314726   145960.0
    2369   -0.079083     2160.0
    2370  -16.408739   372670.0
    2371   -5.755403   160490.0
    2372   -0.049174     1400.0
    2373   -0.099698     2820.0
    2374   -0.016052      460.0
    2375   -3.847660   107790.0
    2376   -1.349122    36190.0
    2377   -2.438354    67880.0
    2378   -0.085729       10.0
    2379   -1.312847    37800.0
    2380  -16.274625   379680.0
    2381    0.000000        0.0
    2382   -4.218444    99260.0
    2383   -0.352000     2000.0
    2384   -0.050378     1410.0
    2385   -0.218476     4290.0
    2386   -0.043653     1240.0
    2387   -0.007785      220.0
    2388   -5.195108   143770.0
    2389   -3.102924    87220.0
    2390   -2.042163    56760.0
    2391    0.000000        0.0
    2392    0.000000        0.0
    2393  -18.321569   469920.0
    2394    0.000000        0.0
    2395   -0.027712      640.0
    2396   -0.260167     6970.0
    2397  -20.289913   512690.0
    2398   -0.045299     1050.0
    2399   -0.000413       10.0
    2400  -17.025139   439100.0
    2401   -0.012948       60.0
    2402   -0.000010        0.0
    2403   -2.413382    68220.0
    2404    0.000000        0.0
    2405    0.000000        0.0
    2406    0.000000        0.0
    2407   -0.015674      440.0
    2408   -0.015500      440.0
    2409  -21.954854   552030.0
    2410   -0.138792     3700.0
    2411   -0.043500      930.0
    2412    0.000000        0.0
    2413   -0.003819      110.0
    2414   -0.099698     2820.0
    2415  -70.601681  1885840.0
    2416   -0.002094       60.0
    2417   -0.031257      890.0
    2418    0.000000        0.0
    2419   -0.001382        0.0
    2420   -0.129090     3500.0
    2421   -0.132743     3690.0
    2422    0.000000        0.0
    2423    0.000000        0.0
    2424   -0.353517     8180.0
    2425    0.000000        0.0
    2426  -47.561976  1179980.0
    2427   -3.681590   102130.0
    2428   -5.970906   167680.0
    2429   -0.000021        0.0
    2430    0.000000        0.0
    2431   -0.000042        0.0
    2432    0.000000        0.0
    2433  -12.984656   318720.0
    2434  -21.329413   543270.0
    2435   -0.092108     2420.0
    2436   -0.651198    16780.0
    2437  -20.720410   529650.0
    2438  -17.056219   447910.0
    2439  -50.735801  1407500.0
    2440   -4.342042   120710.0
    2441   -5.544587   152060.0
    2442   -0.087854     2490.0
    2443   -5.905708   153530.0
    2444   -8.327437   224400.0
    2445   -0.009740      280.0
    2446   -7.571594   204820.0
    2447   -0.005667      160.0
    2448   -5.480059   152620.0
    2449    0.000000        0.0
    2450   -0.038611     1100.0
    2451    0.000000        0.0
    2452   -8.248243   224850.0
    2453    0.000000        0.0
    2454    0.000000        0.0
    2455   -0.010111      280.0
    2456   -0.000194        0.0
    2457   -6.926917   185810.0
    2458  -11.689507   310180.0
    2459   -5.849972   156530.0
    2460    0.000000        0.0
    2461   -0.011490      330.0
    2462   -0.010788      310.0
    2463   -0.002976       80.0
    2464   -0.000167        0.0
    2465    0.000000        0.0
    2466   -0.068729     1950.0
    2467    0.000000        0.0
    2468   -0.030368      870.0
    2469    0.000000        0.0
    2470    0.000000        0.0
    2471   -0.010222      280.0
    2472  -11.541146   307360.0
    2473   -9.048892   234450.0
    2474  -12.311660   322530.0
    2475   -5.877837   159700.0
    2476   -2.227896    59400.0
    2477    0.000000        0.0
    2478   -5.612486   155340.0
    2479   -3.194111    87060.0
    2480    0.000000        0.0
    2481    0.000000        0.0
    2482   -3.298518    91620.0
    2483   -7.448441   205950.0
    2484    0.000000        0.0
    2485   -0.034187      970.0
    2486   -3.537903    99310.0
    2487   -0.070146     1980.0
    2488   -0.011281      300.0
    2489   -5.650236   156220.0
    2490   -6.395135   177120.0
    2491   -9.366298   251570.0
    2492   -0.045597     1270.0
    2493   -0.010861      300.0
    2494   -0.020236      580.0
    2495   -0.936406    22890.0
    2496   -0.962208    25400.0
    2497   -1.648549    44990.0
    2498   -6.966687   180910.0
    2499   -0.082333     2200.0
    2500   -0.004389      120.0
    2501   -0.068924     1920.0
    2502   -0.066375     1800.0
    2503  -39.807514  1054430.0
    2504   -0.018503      530.0
    2505   -0.030552      870.0
    2506   -0.038806     1110.0
    2507   -0.363045     8990.0
    2508  -18.670316   475610.0
    2509   -0.040299     1140.0
    2510  -17.459111   431470.0
    2511   -0.053330     1520.0
    2512   -3.395813    95660.0
    2513   -3.348510    94690.0
    2514  -17.200715   471210.0
    2515   -3.704292   104600.0
    2516   -5.521358   154290.0
    2517   -0.002674       70.0
    2518   -0.002889       80.0
    2519   -0.686708    17160.0
    2520   -6.578889   163850.0
    2521   -0.229097     6220.0
    2522   -0.786958    20540.0
    2523   -0.024885      700.0
    2524   -0.107889     3040.0
    2525   -5.698608   154820.0
    2526   -0.718858     3900.0
    2527    0.000000        0.0
    2528    0.000000        0.0
    2529    0.000000        0.0
    2530   -2.195837    62630.0
    2531   -0.909451    16190.0
    2532   -4.965552   134630.0
    2533   -1.508941    34590.0
    2534   -4.876129   135920.0
    2535   -5.747375   159890.0
    2536   -1.171667    30600.0
    2537   -0.716681    17920.0
    2538   -1.326267    34200.0
    2539  -15.903875   422180.0
    2540   -0.018941      540.0
    2541   -0.072937     2040.0
    2542   -0.010021      230.0
    2543    0.000000        0.0
    2544   -1.246594    32780.0
    2545   -0.182764     4260.0
    2546   -1.325962    35370.0
    2547  -14.629944   383550.0
    2548   -0.039708     1120.0
    2549   -0.072403     2040.0
    2550   -7.671177   206120.0
    2551    0.000000        0.0
    2552   -2.670649    72900.0
    2553   -2.194031    62330.0
    2554    0.000000        0.0
    2555   -0.054899     1560.0
    2556   -0.020677      590.0
    2557   -7.343778   207380.0
    2558   -5.674931   158220.0
    2559   -3.750181   105520.0
    2560   -0.280965        0.0
    2561   -4.297844   118440.0
    2562   -0.066097     1850.0
    2563   -0.284552     7290.0
    2564   -1.982035    55930.0
    2565   -2.451076    69160.0
    2566    0.000000        0.0
    2567   -0.015948      440.0
    2568  -16.630184   385100.0
    2569   -0.007486      190.0
    2570  -42.157110   984690.0
    2571   -2.161153    60880.0
    2572    0.000000        0.0
    2573   -0.037854     1080.0
    2574    0.000000        0.0
    2575    0.000000        0.0
    2576   -9.917024   262280.0
    2577  -13.598024   351300.0
    2578   -8.338757   224190.0
    2579    0.000000        0.0
    2580   -0.007625        0.0
    2581    0.000000        0.0
    2582    0.000000        0.0
    2583    0.000000        0.0
    2584   -3.397649    95640.0
    2585    0.000000        0.0
    2586    0.000000        0.0
    2587    0.000000        0.0
    2588    0.000000        0.0
    2589    0.000000        0.0
    2590    0.000000        0.0
    2591   -0.016219      460.0
    2592  -13.242233   351430.0
    2593  -26.114466   644810.0
    2594  -18.240788   475390.0
    2595  -11.470989   304920.0
    2596    0.000000        0.0
    2597    0.000000        0.0
    2598    0.000000        0.0
    2599    0.000000        0.0
    2600   -0.088806     2450.0
    2601   -0.004250        0.0
    2602    0.000000        0.0
    2603    0.000000        0.0
    2604   -0.012396       30.0
    2605   -0.297101     8130.0
    2606   -0.019493      460.0
    2607    0.000000        0.0
    2608    0.000000        0.0
    2609   -4.503132   125550.0
    2610    0.000000        0.0
    2611   -6.355358   170700.0
    2612   -5.622403   155580.0
    2613   -5.152590   140050.0
    2614   -5.494184   150790.0
    2615   -0.117639     3320.0
    2616   -0.026257      700.0
    2617    0.000000        0.0
    2618   -2.212674    63000.0
    2619   -0.006139      170.0
    2620    0.000000        0.0
    2621    0.000000        0.0
    2622    0.000000        0.0
    2623   -0.041569      910.0
    2624    0.000000        0.0
    2625    0.000000        0.0
    2626  -37.777278   935800.0
    2627    0.000000        0.0
    2628   -3.100573    86450.0
    2629   -1.519135    43000.0
    2630    0.000000        0.0
    2631    0.000000        0.0
    2632   -0.003837      110.0
    2633   -7.923246   224020.0
    2634   -0.008170      230.0
    2635   -0.150531     4200.0
    2636   -0.010417      300.0
    2637  -55.182350  1493480.0
    2638   -0.010382      280.0
    2639    0.000000        0.0
    2640  -28.165271   693210.0
    2641   -0.037326      910.0
    2642  -25.098750   628360.0
    2643   -1.894705    53540.0
    2644    0.000000        0.0
    2645   -2.446823    69020.0
    2646   -0.036167     1040.0
    2647    0.000000        0.0
    2648   -4.693722   125680.0
    2649   -0.000576        0.0
    2650    0.000000        0.0
    2651    0.000000        0.0
    2652    0.000000        0.0
    2653   -7.934979   214860.0
    2654    0.000000        0.0
    2655   -6.048827   169000.0
    2656   -4.200017   118710.0
    2657   -0.045979     1310.0
    2658   -0.024705      150.0
    2659   -2.801299    79120.0
    2660   -0.013944      400.0
    2661   -8.847174   227500.0
    2662    0.000000        0.0
    2663   -4.762934   131700.0
    2664    0.000000        0.0
    2665   -7.056549   193600.0
    2666    0.000000        0.0
    2667    0.000000        0.0
    2668    0.000000        0.0
    2669  -10.315618   263630.0
    2670    0.000000        0.0
    2671    0.000000        0.0
    2672    0.000000        0.0
    2673  -10.843156   295260.0
    2674    0.000000        0.0
    2675   -0.186066     5160.0
    2676  -55.140580  1314420.0
    2677  -16.597007   419180.0
    2678  -14.251892   366270.0
    2679   -4.401979   120270.0
    2680   -0.012806      360.0
    2681   -0.037649     1020.0
    2682   -0.030528      860.0
    2683    0.000000        0.0
    2684   -2.439642    67910.0
    2685    0.000000        0.0
    2686    0.000000        0.0
    2687    0.000000        0.0
    2688    0.000000        0.0
    2689    0.000000        0.0
    2690    0.000000        0.0
    2691   -0.302066     8290.0
    2692   -8.061893   219200.0
    2693    0.000000        0.0
    2694   -0.047000     1330.0
    2695   -0.185490     5160.0
    2696   -0.001125       30.0
    2697    0.000000        0.0
    2698  -15.336483   397330.0
    2699   -0.000042        0.0
    2700   -0.014604      420.0
    2701    0.000000        0.0
    2702    0.000000        0.0
    2703   -0.574403    14470.0
    2704   -3.420191    95790.0
    2705   -0.084972     2400.0
    2706  -38.390149  1041760.0
    2707   -0.005469      120.0
    2708    0.000000        0.0
    2709   -0.008417      240.0
    2710   -4.691879   132090.0
    2711   -0.006663      190.0
    2712   -1.191785    34030.0
    2713   -0.034399      970.0
    2714   -0.033875      970.0
    2715   -0.032531      930.0
    2716    0.000000        0.0
    2717   -0.032531      930.0
    2718    0.000000        0.0
    2719    0.000000        0.0
    2720    0.000000        0.0
    2721    0.000000        0.0
    2722   -4.313871   120650.0
    2723   -0.006250      180.0
    2724   -1.063045    30380.0
    2725   -0.008681      250.0
    2726   -0.000094        0.0
    2727   -0.185521     5160.0
    2728   -0.079816     2250.0
    2729    0.000000        0.0
    2730   -0.038674        0.0
    2731   -0.172701     4770.0
    2732  -13.161934   350140.0
    2733  -15.250976   405180.0
    2734   -0.124771     3350.0
    2735  -23.668253   585030.0
    2736  -14.426455   385150.0
    2737    0.000000        0.0
    2738   -0.475962    12860.0
    2739    0.000000        0.0
    2740  -10.293358   272240.0
    2741    0.000000        0.0
    2742   -8.336399   230230.0
    2743   -4.459278   125400.0
    2744    0.000000        0.0
    2745   -8.932080   243590.0
    2746  -36.508358   941630.0
    2747  -21.678955   558010.0
    2748   -0.000049        0.0
    2749    0.000000        0.0
    2750   -8.460601   228660.0
    2751   -0.110187     3080.0
    2752  -11.385306   300590.0
    2753   -0.072611     1980.0
    2754    0.000000        0.0
    2755    0.000000        0.0
    2756   -5.721427   158920.0
    2757   -2.789458    79340.0
    2758   -6.837083   189440.0
    2759   -0.026521      760.0
    2760   -4.640948   130640.0
    2761   -3.595465   101400.0
    2762    0.000000        0.0
    2763   -0.072122     1980.0
    2764   -0.070990     1980.0
    2765   -0.000236        0.0
    2766   -7.904733   215400.0
    2767   -0.030264      840.0
    2768   -0.028840      820.0
    2769   -0.117931     3320.0
    2770   -9.258434   253320.0
    2771  -16.582875   437230.0
    2772   -0.137719     3730.0
    2773   -4.462420   125900.0
    2774   -0.042542     1200.0
    2775   -0.000347       10.0
    2776   -0.002142       60.0
    2777  -34.090090   847300.0
    2778  -16.351653   423850.0
    2779   -0.263316     7070.0
    2780   -0.125608     3500.0
    2781   -0.040625     1140.0
    2782  -30.843594   547460.0
    2783   -0.118576     3220.0
    2784  -22.546125   610270.0
    2785  -14.076993   373990.0
    2786    0.000000        0.0
    2787   -1.716319    48700.0
    2788    0.000000        0.0
    2789   -0.007639      220.0
    2790   -0.398753    11060.0
    2791  -21.956219   601070.0
    2792   -1.719927    43480.0
    2793   -8.143187   221840.0
    2794   -0.041194      110.0
    2795    0.000000        0.0
    2796   -7.036899   195440.0
    2797   -0.109465     3050.0
    2798  -31.013986   855300.0
    2799    0.000000        0.0
    2800    0.000000        0.0
    2801   -0.053062     1510.0
    2802   -0.013444      380.0
    2803   -0.054160     1540.0
    2804   -0.006802      190.0
    2805   -4.302212   120310.0
    2806   -0.084726     2420.0
    2807   -0.048955     1400.0
    2808   -0.000056        0.0
    2809   -2.396358    65500.0
    2810    0.000000        0.0
    2811   -0.957042    27130.0
    2812   -0.007691      220.0
    2813   -0.000021        0.0
    2814   -1.430389    40980.0
    2815   -0.054899     1560.0
    2816   -0.013924      400.0
    2817   -0.056799     1620.0
    2818   -1.941222    55080.0
    2819   -0.056316     1360.0
    2820   -0.014021      400.0
    2821   -0.007222      200.0
    2822    0.000000        0.0
    2823    0.000000        0.0
    2824    0.000000        0.0
    2825   -4.282361   119020.0
    2826   -0.036483     1040.0
    2827   -6.771222   185330.0
    2828   -5.641861   158990.0
    2829   -0.037896     1080.0
    2830   -0.069035     1960.0
    2831   -0.026014      730.0
    2832   -0.017451      500.0
    2833   -0.004514      130.0
    2834   -1.702007    47630.0
    2835   -3.586545   100810.0
    2836    0.000000        0.0
    2837    0.000000        0.0
    2838   -2.200306    62730.0
    2839   -3.531688    98840.0
    2840   -0.011160      320.0
    2841   -1.650479    46940.0
    2842   -0.100403     2830.0
    2843   -0.185701     5160.0
    2844   -8.237632   223310.0
    2845  -14.492299   380770.0
    2846   -0.629712    16770.0
    2847   -1.702885    44300.0
    2848   -1.174844    30740.0
    2849   -0.927028    24950.0
    2850   -6.757111   183290.0
    2851    0.000000        0.0
    2852   -6.276694   169920.0
    2853   -8.638757   233930.0
    2854   -0.934993    24390.0
    2855    0.000000        0.0
    2856   -0.547260    15140.0
    2857   -8.704212   234560.0
    2858   -0.022122      630.0
    2859   -0.004014       50.0
    2860    0.000000        0.0
    2861   -2.683285    74220.0
    2862    0.000000        0.0
    2863    0.000000        0.0
    2864   -0.003760        0.0
    2865   -0.017792      510.0
    2866    0.000000        0.0
    2867   -0.041979     1200.0
    2868   -4.593382   128480.0
    2869   -3.799278   106590.0
    2870   -0.002094       60.0
    2871   -7.476465   205890.0
    2872    0.000000        0.0
    2873    0.000000        0.0
    2874   -0.133663     3770.0
    2875    0.000000        0.0
    2876   -6.364319   175840.0
    2877  -48.327479  1351430.0
    2878 -125.677794  3139050.0
    2879   -0.078167     2160.0
    2880   -0.308295     8290.0
    2881  -12.256313   305070.0
    2882   -1.143674    32770.0
    2883   -0.128017     3630.0
    2884   -0.086625        0.0
    2885   -4.769632   134180.0
    2886    0.000000        0.0
    2887   -1.261628    35700.0
    2888   -1.463309    41180.0
    2889    0.000000        0.0
    2890    0.000000        0.0
    2891   -1.884771    53560.0
    2892    0.000000        0.0
    2893    0.000000        0.0
    2894    0.000000        0.0
    2895   -7.613378   209100.0
    2896   -3.417410    95740.0
    2897    0.000000        0.0
    2898   -2.691274    75660.0
    2899    0.000000        0.0
    2900   -0.006250      180.0
    2901    0.000000        0.0
    2902   -0.904851    25620.0
    2903    0.000000        0.0
    2904   -3.082549    87200.0
    2905   -4.175531   116550.0
    2906    0.000000        0.0
    2907   -0.000632        0.0
    2908    0.000000        0.0
    2909    0.000000        0.0
    2910    0.000000        0.0
    2911    0.000000        0.0
    2912  -11.435479   312520.0
    2913    0.000000        0.0
    2914   -0.152462     4280.0
    2915   -0.122611     3420.0
    2916    0.000000        0.0
    2917   -0.215365     6190.0
    2918   -0.081955     2290.0
    2919   -0.000701       20.0
    2920   -0.020771      580.0
    2921   -7.331479   199890.0
    2922   -2.569806    72400.0
    2923    0.000000        0.0
    2924   -4.250733   118490.0
    2925   -4.289382   119200.0
    2926   -0.130799     3690.0
    2927   -6.171896   169780.0
    2928   -2.146635    60520.0
    2929   -0.086406     2120.0
    2930   -3.221792    91210.0
    2931   -2.448306    68710.0
    2932   -3.355549    93350.0
    2933   -2.902389    81270.0
    2934   -0.774615    20580.0
    2935   -2.091750    56160.0
    2936   -0.485722    13130.0
    2937   -0.667948    17920.0
    2938    0.000000        0.0
    2939    0.000000        0.0
    2940   -7.862972   217900.0
    2941    0.000000        0.0
    2942   -0.017021      480.0
    2943   -0.001458        0.0
    2944  -11.289150   287360.0
    2945   -0.848493    23040.0
    2946   -1.394042    39920.0
    2947    0.000000        0.0
    2948   -0.005229      150.0
    2949    0.000000        0.0
    2950    0.000000        0.0
    2951    0.000000        0.0
    2952   -3.258885    91620.0
    2953   -2.086170    59400.0
    2954    0.000000        0.0
    2955    0.000000        0.0
    2956    0.000000        0.0
    2957    0.000000        0.0
    2958   -0.153306     4340.0
    2959   -6.431451   178100.0
    2960   -3.959295   110730.0
    2961   -1.757861    50150.0
    2962   -0.002715       60.0
    2963   -0.003149       30.0
    2964   -0.076590     2160.0
    2965   -0.001052       30.0
    2966  -18.398730   519460.0
    2967   -3.018580    82950.0
    2968    0.000000        0.0
    2969    0.000000        0.0
    2970    0.000000        0.0
    2971    0.000000        0.0
    2972    0.000000        0.0
    2973    0.000000        0.0
    2974    0.000000        0.0
    2975   -2.997628    83470.0
    2976   -1.788250    50410.0
    2977   -2.768222    77260.0
    2978   -0.000479        0.0
    2979    0.000000        0.0
    2980   -4.819330   134340.0
    2981    0.000000        0.0
    2982    0.000000        0.0
    2983   -0.064292     1830.0
    2984    0.000000        0.0
    2985    0.000000        0.0
    2986   -3.570698   100800.0
    2987    0.000000        0.0
    2988   -0.000042        0.0
    2989   -0.002778       80.0
    2990   -0.057378     1640.0
    2991   -0.245896     5900.0
    2992   -5.142139   143190.0
    2993    0.000000        0.0
    2994   -4.367094   121230.0
    2995    0.000000        0.0
    2996    0.000000        0.0
    2997    0.000000        0.0
    2998   -0.010417      300.0
    2999    0.000000        0.0
    3000    0.000000        0.0
    3001    0.000000        0.0
    3002    0.000000        0.0
    3003    0.000000        0.0
    3004  -10.043871   271330.0
    3005   -0.032562      930.0
    3006   -0.016990      440.0
    3007   -9.986983   249840.0
    3008   -0.185444     4330.0
    3009    0.000000        0.0
    3010   -5.026444   141360.0
    3011   -6.164118   172120.0
    3012    0.000000        0.0
    3013   -8.679382   239250.0
    3014  -15.781448   411900.0
    3015   -0.089722     2500.0
    3016   -0.018976      540.0
    3017    0.000000        0.0
    3018   -1.801431    51160.0
    3019    0.000000        0.0
    3020    0.000000        0.0
    3021    0.000000        0.0
    3022   -0.027913      800.0
    3023    0.000000        0.0
    3024    0.000000        0.0
    3025   -0.960837    24300.0
    3026    0.000000        0.0
    3027  -35.291688   857860.0
    3028    0.000000        0.0
    3029  -32.593560   818780.0
    3030  -11.952827   320650.0
    3031   -4.226049   112490.0
    3032    0.000000        0.0
    3033   -5.335847   146070.0
    3034   -3.298774    93420.0
    3035   -0.012611      360.0
    3036   -0.000264        0.0
    3037    0.000000        0.0
    3038   -0.015396      440.0
    3039   -0.096201     2640.0
    3040   -0.058444     1650.0
    3041   -0.105462     2830.0
    3042   -3.387705    93620.0
    3043    0.000000        0.0
    3044    0.000000        0.0
    3045    0.000000        0.0
    3046    0.000000        0.0
    3047    0.000000        0.0
    3048   -6.335913   176960.0
    3049    0.000000        0.0
    3050  -19.720219   518880.0
    3051   -0.027174      640.0
    3052   -0.373938     9900.0