 episode  sum_reward     tardiness
       1   -2.336579  53642.366667
       2   -5.931148 154529.700000
       3   -1.386089  37396.266667
       4   -2.191605  57557.300000
       5   -5.410048 142957.300000
       6   -4.490554 113159.700000
       7   -4.277047 112378.500000
       8   -2.663762  67965.066667
       9   -2.416080  61682.366667
      10   -5.014478 129387.300000
      11   -3.435851  89952.366667
      12  -24.631386 667606.266667
      13   -3.062509  77802.366667
      14   -4.635685 116927.300000
      15   -1.697558  42877.300000
      16  -10.228483 266616.400000
      17   -6.633728 174292.366667
      18   -4.145974 105457.300000
      19  -12.036319 317507.300000
      20   -1.485065  37482.366667
      21   -9.349254 251848.500000
      22   -5.078646 135082.366667
      23   -3.078856  78098.500000
      24   -4.056445 108082.366667
      25   -2.288823  57500.133333
      26   -3.362009  85255.066667
      27   -3.741645  86988.500000
      28   -5.642761 148337.300000
      29  -17.327550 459822.366667
      30   -3.293176  83432.366667
      31   -1.135852  27625.066667
      32   -4.516379 116529.700000
      33   -6.083285 160197.300000
      34  -17.139543 445487.300000
      35   -5.115964 126988.500000
      36   -1.334325  35172.366667
      37   -4.680154 125612.366667
      38   -9.453443 247582.366667
      39   -2.170194  53673.733333
      40   -3.007045  71937.300000
      41  -17.613055 471432.366667
      42  -11.265593 294443.566667
      43   -6.876047 181052.366667
      44   -8.075494 213492.366667
      45   -3.544015  89572.366667
      46   -3.608917  92737.300000
      47  -20.115549 528159.566667
      48   -6.641703 173922.366667
      49   -9.525144 249117.300000
      50  -12.634874 334302.366667
      51   -5.469172 142892.366667
      52  -10.504109 272494.000000
      53  -18.679802 493456.266667
      54  -18.693467 487536.266667
      55  -11.599654 302712.366667
      56   -2.860525  73947.300000
      57  -15.129635 401017.300000
      58  -22.277220 593229.566667
      59   -3.137313  81893.566667
      60   -3.338615  87392.366667
      61  -19.893498 527529.566667
      62  -18.986433 501689.566667
      63   -4.700944 125738.500000
      64   -4.011031 106672.366667
      65   -3.099209  79888.500000
      66   -9.714530 256102.366667
      67   -4.101428 109792.366667
      68   -3.530170  90458.500000
      69  -19.009627 501529.566667
      70  -18.395355 489939.566667
      71  -18.650000 497177.166667
      72   -4.064440 104074.766667
      73   -3.855976 101555.066667
      74  -12.509543 339277.466667
      75   -3.946160 106652.366667
      76   -6.060299 163642.366667
      77   -2.348498  63407.300000
      78   -0.685092  19514.400000
      79   -4.018181 106070.000000
      80   -3.282347  74160.000000
      81   -0.260882   1260.000000
      82   -0.252372   2420.000000
      83   -0.753785  21044.400000
      84   -3.899795 100476.266667
      85   -0.971988  27430.133333
      86   -1.271998  31757.466667
      87   -0.221253   1560.000000
      88   -1.021263  28760.133333
      89   -0.457601  11630.000000
      90   -0.586297  16497.466667
      91   -1.315278  37880.000000
      92   -1.060858  26474.400000
      93   -4.908866 139107.466667
      94   -1.352528  36200.133333
      95   -1.332604  34166.133333
      96   -0.178757    620.000000
      97   -1.967108  50410.133333
      98   -3.871802 106800.000000
      99   -0.776599  20214.400000
     100   -2.457924  65810.000000
     101   -0.919509  25574.400000
     102   -0.917130  25910.133333
     103   -3.147462  82540.000000
     104   -0.755443  21334.400000
     105   -0.627596  16801.333333
     106   -0.558412  15467.466667
     107   -2.361754  61247.466667
     108   -0.377420   6300.000000
     109   -0.029111    830.000000
     110   -0.317872   4400.000000
     111   -2.919435  83396.133333
     112   -1.099686  30930.133333
     113   -0.213250   1260.000000
     114   -0.734130  20537.466667
     115   -0.085267   2420.000000
     116   -0.029111    830.000000
     117   -0.543540  15037.466667
     118  -10.734764 290390.000000
     119   -1.088414  30431.333333
     120   -2.691299  73700.000000
     121   -0.985075  27790.133333
     122   -0.085403   2420.000000
     123   -0.085326    140.000000
     124   -1.514729  38240.000000
     125   -0.995155  27967.466667
     126   -0.558446  15467.466667
     127   -0.084997   2420.000000
     128   -0.028972    830.000000
     129   -0.337675   9427.466667
     130   -0.715432  20047.466667
     131   -2.521678  65401.333333
     132   -1.065889  29951.333333
     133   -1.168435  32742.533333
     134   -0.352344   9870.000000
     135   -0.003080      0.000000
     136   -1.649792  41390.000000
     137   -0.599108  16614.400000
     138   -0.085267   2420.000000
     139   -0.207976   1230.000000
     140    0.000000      0.000000
     141   -0.563693  15617.466667
     142    0.000000      0.000000
     143   -0.028969    830.000000
     144   -0.981047  27680.133333
     145    0.000000      0.000000
     146   -0.085267   2420.000000
     147   -0.163747   2000.000000
     148   -0.014340    410.000000
     149    0.000000      0.000000
     150    0.000000      0.000000
     151   -0.028972    830.000000
     152   -0.085267   2420.000000
     153   -0.029115    830.000000
     154    0.000000      0.000000
     155   -0.702007  19644.400000
     156   -0.993110  28030.133333
     157   -0.356991   9997.466667
     158   -0.085267   2420.000000
     159   -0.084997   2420.000000
     160    0.000000      0.000000
     161   -1.039973  29281.333333
     162   -0.664747  18624.400000
     163   -0.028972    830.000000
     164   -0.084997   2420.000000
     165    0.000000      0.000000
     166    0.000000      0.000000
     167   -0.646070  18014.400000
     168   -0.247715   6910.000000
     169    0.000000      0.000000
     170   -0.602233  16834.400000
     171    0.000000      0.000000
     172   -0.238351   2420.000000
     173   -4.148639 114310.000000
     174    0.000000      0.000000
     175   -0.084997   2420.000000
     176    0.000000      0.000000
     177   -0.829027  23674.400000
     178   -1.210890  32987.466667
     179   -1.130917  31312.533333
     180   -0.028969    830.000000
     181   -0.029111    830.000000
     182   -1.023649  26030.133333
     183    0.000000      0.000000
     184   -0.519594  13580.000000
     185   -0.592341  16182.533333
     186   -0.085267   2420.000000
     187    0.000000      0.000000
     188   -0.512988  14157.466667
     189   -0.198601   1170.000000
     190   -0.801653  22434.400000
     191    0.000000      0.000000
     192    0.000000      0.000000
     193   -0.028972    830.000000
     194   -0.000753     20.000000
     195   -0.657409  18734.400000
     196   -0.084997   2420.000000
     197   -0.085267   2420.000000
     198   -0.085267   2420.000000
     199   -1.669742  45362.533333
     200   -0.715517  19370.000000
     201   -0.028972    830.000000
     202   -0.055969   1600.000000
     203   -0.568286  16203.200000
     204   -0.085267   2420.000000
     205    0.000000      0.000000
     206   -0.084997   2420.000000
     207    0.000000      0.000000
     208   -0.091247   2600.000000
     209   -3.022142  79680.133333
     210    0.000000      0.000000
     211   -1.174764  31942.533333
     212   -0.085267   2420.000000
     213   -1.004011  28024.400000
     214   -0.532728  13594.400000
     215   -1.091236  30334.400000
     216   -0.084997   2420.000000
     217   -0.084441   2420.000000
     218    0.000000      0.000000
     219   -0.084997   2420.000000
     220   -5.373948 141607.300000
     221   -0.084997   2420.000000
     222  -17.188285 476640.000000
     223   -0.028972    830.000000
     224   -0.085309   2420.000000
     225   -0.240514   2420.000000
     226   -0.085267   2420.000000
     227    0.000000      0.000000
     228   -0.037941    830.000000
     229   -0.085267   2420.000000
     230   -1.139881  31240.133333
     231   -0.794873  21787.466667
     232    0.000000      0.000000
     233    0.000000      0.000000
     234   -0.684443  19077.466667
     235    0.000000      0.000000
     236   -0.512128  13230.000000
     237   -0.084997   2420.000000
     238   -0.512462  13230.000000
     239   -1.434705  37100.000000
     240   -2.482212  67040.000000
     241   -0.029250    830.000000
     242   -0.524938  14440.000000
     243   -0.085267   2420.000000
     244   -0.913797  25737.466667
     245   -0.000722     20.000000
     246   -0.029111    830.000000
     247   -1.256754  34642.533333
     248    0.000000      0.000000
     249   -0.085170   2420.000000
     250   -1.319515  36503.200000
     251    0.000000      0.000000
     252   -1.942531  54774.400000
     253   -0.357420   5810.000000
     254   -0.737740  14520.000000
     255   -0.279771   2580.000000
     256   -2.302503  64874.400000
     257   -0.084997   2420.000000
     258   -1.000035  28161.333333
     259   -3.974986 107730.000000
     260   -0.084997   2420.000000
     261   -0.975453  26861.333333
     262   -0.008795      0.000000
     263   -0.005017      0.000000
     264    0.000000      0.000000
     265   -0.085003   2420.000000
     266   -0.029250    830.000000
     267   -0.008233      0.000000
     268   -0.112003   3190.000000
     269   -1.109548  31042.533333
     270   -1.543437  43624.400000
     271   -0.028972    830.000000
     272   -0.085267   2420.000000
     273   -0.029111    830.000000
     274   -0.084997   2420.000000
     275    0.000000      0.000000
     276    0.000000      0.000000
     277   -1.771184  47210.000000
     278   -0.084997   2420.000000
     279    0.000000      0.000000
     280   -0.333370   9277.466667