 episode  sum_reward  tardiness
       1  -44.526497  1184870.0
       2  -13.345167   325340.0
       3  -36.730570   972620.0
       4  -33.086483   853680.0
       5  -33.123823   851420.0
       6  -25.290837   689500.0
       7  -11.927503   317920.0
       8  -15.866611   425320.0
       9 -113.782112  2996990.0
      10  -13.076820   334150.0
      11  -39.287195   996250.0
      12  -32.985909   867700.0
      13  -65.779469  1750840.0
      14  -45.719038  1190690.0
      15  -37.677212  1013520.0
      16  -16.590021   433350.0
      17  -58.495819  1611050.0
      18  -59.703916  1582210.0
      19  -23.182507   630970.0
      20  -45.498558  1204820.0
      21  -19.604708   510700.0
      22  -46.994964  1232180.0
      23  -57.873820  1559840.0
      24  -52.245452  1405350.0
      25  -71.542636  1915750.0
      26  -10.786857   285800.0
      27  -45.892431  1245660.0
      28  -37.154202   969580.0
      29  -38.953105  1005380.0
      30  -71.796239  1942060.0
      31  -15.242452   415350.0
      32  -11.318198   290990.0
      33 -151.440068  4106940.0
      34  -30.636087   836850.0
      35  -19.889007   533190.0
      36  -10.543229   272150.0
      37 -115.872766  3150440.0
      38 -179.174839  4820470.0
      39  -10.748309   292140.0
      40  -13.488716   366090.0
      41  -39.254322  1073420.0
      42  -71.192672  1932770.0
      43  -13.560139   361610.0
      44  -65.158403  1778450.0
      45  -24.773973   674590.0
      46  -28.934708   781570.0
      47  -38.169118  1045200.0
      48  -34.101111   926270.0
      49  -13.441017   360090.0
      50  -28.453121   784060.0
      51  -16.460934   443660.0
      52  -40.524044  1113880.0
      53  -32.858497   858230.0
      54   -7.476021   201420.0
      55  -84.519354  2323270.0
      56  -29.184826   759020.0
      57  -43.528473  1185200.0
      58  -33.910191   880340.0
      59  -24.320111   674540.0
      60  -11.348052   309820.0
      61  -15.968191   434710.0
      62   -7.584111   199330.0
      63  -65.509368  1758800.0
      64   -7.934181   214000.0
      65  -12.801858   360140.0
      66  -29.077434   755250.0
      67  -25.818736   727610.0
      68  -12.051302   337850.0
      69 -116.337057  3168560.0
      70   -9.661788   259350.0
      71   -4.914243   136920.0
      72  -39.144910  1077430.0
      73  -11.502108   308820.0
      74   -5.198806   144880.0
      75  -46.102101  1254470.0
      76 -116.344396  3169050.0
      77  -13.568556   381910.0
      78  -25.548032   698160.0
      79   -5.086889   141820.0
      80  -10.056660   271180.0
      81   -9.931698   261870.0
      82  -33.115094   902490.0
      83  -32.088809   837860.0
      84  -10.849632   290620.0
      85  -31.356274   825150.0
      86   -9.375195   250990.0
      87  -14.030896   394690.0
      88   -4.635059   129140.0
      89  -33.026711   856770.0
      90   -8.729868   234630.0
      91   -6.358608   170040.0
      92  -21.121980   578060.0
      93  -21.533511   537130.0
      94  -26.251045   715430.0
      95  -53.011757  1450530.0
      96  -16.702716   470030.0
      97  -18.194034   503330.0
      98  -15.599844   427580.0
      99  -56.964788  1549250.0
     100   -9.361247   250940.0
     101  -12.622941   341530.0
     102  -15.000184   413130.0
     103  -10.306580   282820.0
     104  -16.495601   464510.0
     105  -84.909049  2287910.0
     106  -51.820845  1398580.0
     107   -4.874372   136010.0
     108  -17.169489   483280.0
     109  -92.443573  2492030.0
     110  -11.711486   319660.0
     111  -11.323288   309580.0
     112   -7.769830   206790.0
     113  -25.396622   708700.0
     114  -18.588819   507700.0
     115  -14.956930   410950.0
     116  -83.975580  2265010.0
     117  -80.505511  2095400.0
     118   -8.918264   228590.0
     119  -14.858062   407860.0
     120  -35.888556   996020.0
     121  -14.422701   395710.0
     122  -21.976427   598210.0
     123  -89.145501  2390870.0
     124  -15.999416   438540.0
     125  -17.376115   467860.0
     126  -12.860094   355410.0
     127  -47.100298  1251210.0
     128  -23.188389   637910.0
     129  -26.745017   734080.0
     130  -52.786993  1409490.0
     131  -39.735080  1069540.0
     132  -26.820125   730830.0
     133  -52.588035  1407960.0
     134  -52.867424  1431410.0
     135  -58.317850  1584940.0
     136  -44.086885  1165270.0
     137  -31.500153   837090.0
     138 -115.042913  3131540.0
     139  -36.787872   986700.0
     140  -51.063996  1345730.0
     141  -26.680778   720500.0
     142  -32.728671   859900.0
     143  -32.052201   848670.0
     144 -117.024840  3172880.0
     145  -90.613221  2458050.0
     146 -113.201875  3069920.0
     147  -34.678813   927930.0
     148  -33.994018   901850.0
     149  -94.847427  2584310.0
     150  -11.598510   321490.0
     151  -33.639691   898430.0
     152  -30.992136   823850.0
     153  -42.074635  1089510.0
     154  -11.492010   305710.0
     155  -31.894733   849760.0
     156 -106.202726  2873440.0
     157  -30.899545   821990.0
     158  -46.774566  1268750.0
     159  -39.478810  1041460.0
     160  -36.584233   973030.0
     161  -52.296256  1410760.0
     162  -14.264514   347270.0
     163  -32.581146   848970.0
     164  -75.602562  1978140.0
     165 -120.489447  3273590.0
     166  -96.477151  2598260.0
     167  -79.123703  2152780.0
     168 -130.373417  3492580.0
     169 -103.676295  2790050.0
     170 -128.054657  3466430.0
     171 -110.517478  2969350.0
     172 -108.854711  2917300.0
     173  -93.730456  2493610.0
     174 -118.069288  3182720.0
     175 -126.982839  3413020.0
     176  -47.209468  1270200.0
     177  -78.020279  2083950.0
     178 -110.326533  2973870.0
     179 -101.312087  2714900.0
     180  -88.525528  2376380.0
     181 -119.628604  3233170.0
     182 -105.555241  2843600.0
     183 -153.826749  4189970.0
     184 -101.604235  2720690.0
     185 -110.442586  2984570.0
     186  -96.276798  2636660.0
     187  -91.705197  2451760.0
     188 -100.565294  2719380.0
     189  -63.927735  1690850.0
     190 -132.054140  3589830.0
     191 -129.231788  3459960.0
     192  -75.645646  2030030.0
     193 -105.948763  2837090.0
     194 -102.505348  2753160.0
     195  -56.034923  1496220.0
     196  -17.739850   472840.0
     197  -53.583641  1424950.0
     198  -61.128735  1645830.0
     199 -137.444936  3730750.0
     200  -61.562993  1674090.0
     201  -77.901836  2107630.0
     202  -68.779340  1850810.0
     203  -53.635197  1444430.0
     204  -44.021764  1178690.0
     205  -45.655764  1223570.0
     206  -65.862272  1784060.0
     207  -28.395493   772470.0
     208  -53.586740  1416730.0
     209  -68.522527  1864640.0
     210 -106.102578  2858180.0
     211  -68.096330  1847310.0
     212  -61.834190  1654300.0
     213  -36.418191   984850.0
     214  -44.494129  1214940.0
     215  -88.839833  2378160.0
     216  -10.630500   255910.0
     217  -41.818573  1083910.0
     218  -61.677635  1633230.0
     219  -34.292903   861830.0
     220  -18.252378   472680.0
     221  -27.517993   722490.0
     222  -83.279167  2233750.0
     223  -29.607534   784470.0
     224  -12.761608   330690.0
     225  -13.084225   328850.0
     226  -29.821379   780890.0
     227  -11.902722   318120.0
     228  -74.536007  2008450.0
     229  -45.120416  1159360.0
     230   -4.479882   120720.0
     231  -26.988816   698770.0
     232  -15.091209   408380.0
     233   -5.913344   159730.0
     234   -8.938406   240410.0
     235  -42.230437  1129290.0
     236  -37.493938  1029730.0
     237   -5.529149   153260.0
     238  -11.021580   305890.0
     239  -92.945715  2494340.0
     240  -21.417997   597040.0
     241   -1.654962    45500.0
     242   -1.137479    26640.0
     243   -7.396167   183190.0
     244   -0.226365     2590.0
     245   -2.278635    59970.0
     246   -2.157424    58140.0
     247   -0.374323     6220.0
     248   -1.726531    48760.0
     249    0.000000        0.0
     250   -0.110448     2310.0
     251   -1.855965    45240.0
     252   -0.055969     1600.0
     253   -3.902167   109100.0
     254   -0.084031      830.0
     255   -6.895385   183730.0
     256   -0.240069     2420.0
     257   -0.223198     2580.0
     258  -30.116715   829410.0
     259   -3.546736    99510.0
     260   -1.683226    45110.0
     261  -30.314202   791310.0
     262  -16.944288   458980.0
     263  -33.908966   955860.0
     264   -0.370997     2850.0
     265  -52.649803  1514640.0
     266   -0.038517      830.0
     267   -8.555049   243650.0
     268   -0.084997     2420.0
     269   -0.024667        0.0
     270    0.000000        0.0
     271   -0.028983      830.0
     272  -66.512617  1773690.0
     273   -1.447295    38160.0
     274   -1.203128    22680.0
     275  -29.279774   761900.0
     276    0.000000        0.0
     277   -0.085274      800.0
     278  -29.851616   769270.0
     279   -0.099066     2640.0
     280   -3.054083    79100.0
     281   -0.223556     2590.0
     282  -10.685351   301630.0
     283    0.000000        0.0
     284   -4.177347   113510.0
     285   -1.446948    38240.0
     286  -20.367084   554710.0
     287    0.000000        0.0
     288   -0.029000      830.0
     289 -104.564205  2925710.0
     290   -1.103878    30810.0
     291   -0.197462     2420.0
     292  -75.484069  2058220.0
     293   -0.211872     5170.0
     294   -4.490802   123070.0
     295 -100.905449  2725030.0
     296   -0.223167     2580.0
     297   -0.238493     2420.0
     298   -1.795208    48240.0
     299   -0.056031     1600.0
     300  -61.452379  1608500.0
     301   -0.430785     3430.0
     302    0.000000        0.0
     303  -26.126597   745720.0
     304   -1.318056    37220.0
     305  -89.685407  2395870.0
     306   -0.084997     2420.0
     307  -82.334895  2246810.0
     308  -12.068271   331240.0
     309  -42.337882  1136020.0
     310   -0.246160     2420.0
     311    0.000000        0.0
     312  -43.227899  1143540.0
     313  -41.866022  1145460.0
     314   -0.223250     2580.0
     315   -2.124170    57650.0
     316  -84.532271  2291930.0
     317  -37.004940  1042910.0
     318   -0.892524    22680.0
     319   -0.057701     1620.0
     320   -8.562844   230700.0
     321   -0.655628    16140.0
     322   -1.399090    36270.0
     323   -0.084997     2420.0
     324   -0.092517     2420.0
     325   -0.014243      410.0
     326   -0.189882     4030.0
     327   -0.029111      830.0
     328   -0.041205      830.0
     329   -0.085403     2420.0
     330    0.000000        0.0
     331   -0.372740     2420.0
     332 -106.128220  2969480.0
     333  -93.523792  2692800.0
     334   -2.363483    64500.0
     335   -5.352187   142740.0
     336   -1.567590    39000.0
     337   -0.085403     2420.0
     338   -0.236347     2420.0
     339   -1.809677    44430.0
     340  -13.061406   353030.0
     341   -0.072722        0.0
     342    0.000000        0.0
     343   -2.491559    65880.0
     344   -3.288618    87840.0
     345  -51.870257  1422030.0
     346   -1.711483    48550.0
     347   -0.099455     2420.0
     348   -5.148972   141840.0
     349   -2.363483    64500.0
     350   -0.085403     2420.0
     351    0.000000        0.0
     352   -0.035406        0.0
     353   -2.045295    56110.0
     354   -1.578698    44550.0
     355    0.000000        0.0
     356   -0.196604     2420.0
     357   -3.928583   110410.0
     358   -1.351420    36440.0
     359   -1.817556    51600.0
     360   -0.338146     5240.0
     361    0.000000        0.0
     362   -1.694507    46570.0
     363    0.000000        0.0
     364   -4.972000   137750.0
     365   -0.169250      360.0
     366   -0.206965     1220.0
     367   -1.837479    48160.0
     368    0.000000        0.0
     369   -0.346660     9830.0
     370   -0.325187     7700.0
     371   -4.942045   137720.0
     372  -83.858497  2382040.0
     373   -0.319795     4400.0
     374   -6.849073   185440.0
     375   -1.302722    27700.0
     376  -76.711035  2173330.0
     377  -32.203541   878480.0
     378  -43.381916  1160710.0
     379  -48.724662  1299790.0
     380  -33.992850   922800.0
     381   -8.298271   227340.0
     382   -1.554153    38760.0
     383   -0.203063     1140.0
     384  -48.510010  1373430.0
     385    0.000000        0.0
     386  -42.962639  1124580.0
     387   -9.895569   252220.0
     388  -23.920282   672120.0
     389  -24.387319   653160.0
     390   -0.029198      830.0
     391  -18.130048   478310.0
     392   -0.241476     2420.0
     393   -6.452229   165770.0
     394  -15.851017   444460.0
     395    0.000000        0.0
     396  -13.586483   371150.0
     397  -10.003774   268610.0
     398  -13.264163   371620.0
     399  -65.091678  1821600.0
     400  -10.742747   302560.0
     401    0.000000        0.0
     402   -7.397281   199370.0
     403   -9.007479   250860.0
     404   -8.993007   241820.0
     405   -0.196899      940.0
     406  -15.952330   425060.0
     407   -0.603944    15060.0
     408  -27.552907   754380.0
     409   -0.043958     1240.0
     410   -0.070740       20.0
     411  -31.290726   865880.0
     412   -3.546903    99950.0
     413   -0.085146     2420.0
     414   -2.323083    64200.0
     415   -1.076378    30510.0
     416   -4.379965   123080.0
     417   -0.071844     2040.0
     418   -0.961521    27230.0
     419  -21.187866   591890.0
     420   -0.931639    23820.0
     421   -0.056413     1600.0
     422   -0.682712    18210.0
     423   -0.230135     2750.0
     424   -5.757101   158120.0
     425    0.000000        0.0
     426   -1.553410    38760.0
     427   -0.065993     1870.0
     428   -0.088344     2510.0
     429   -4.316837   117520.0
     430   -0.085753     2420.0
     431   -0.089788     2160.0
     432   -6.200347   160340.0
     433  -88.605206  2551160.0
     434   -6.547174   178800.0
     435   -7.806066   212840.0
     436   -0.095163     2670.0
     437  -12.770368   363170.0
     438   -3.419583    96410.0
     439    0.000000        0.0
     440   -0.091503     2580.0
     441   -0.029431      830.0
     442   -0.084997     2420.0
     443    0.000000        0.0
     444   -0.096455     2730.0
     445  -15.440194   423920.0
     446   -0.699271    15180.0
     447   -3.344347    94240.0
     448   -3.473621    97970.0
     449  -11.275833   308350.0
     450   -0.064566     1530.0
     451   -2.662892    71200.0
     452   -0.085066     2420.0
     453   -0.055969     1600.0
     454  -27.143952   749250.0
     455   -1.413809    39980.0
     456    0.000000        0.0
     457   -3.773986   106370.0
     458   -0.096437     2710.0
     459   -0.032160      920.0
     460   -3.908760   109890.0
     461    0.000000        0.0
     462   -9.373594   260550.0
     463   -0.030090      860.0
     464    0.000000        0.0
     465   -1.288608    36540.0
     466   -1.069007    29420.0
     467   -0.085851     2420.0
     468   -0.323458     3950.0
     469   -2.369712    64700.0
     470   -3.617507   102030.0
     471    0.000000        0.0
     472   -0.042851     1220.0
     473   -0.032233      920.0
     474   -5.630010   155310.0
     475   -4.510941   122470.0
     476   -7.559632   205620.0
     477   -0.777618    21570.0
     478   -1.317830    37220.0
     479   -0.085097     2420.0
     480    0.000000        0.0
     481   -0.195333     2420.0
     482   -4.846462   135310.0
     483   -0.094194     2670.0
     484   -4.225028   113340.0
     485   -9.778736   278440.0
     486   -3.703063   103870.0
     487   -1.826580    51600.0
     488   -1.138510    31790.0
     489   -0.098726     2640.0
     490    0.000000        0.0
     491   -4.108597   111530.0
     492   -0.030972      830.0
     493   -1.341851    36210.0
     494   -0.029111      830.0
     495    0.000000        0.0
     496   -0.029111      830.0
     497   -1.267906    35780.0
     498   -0.086427     2420.0
     499   -1.074712    30280.0
     500    0.000000        0.0
     501   -5.056969   136580.0
     502   -4.666868   130290.0
     503   -0.223413     2580.0
     504   -3.287670    82840.0
     505   -1.298809    36670.0
     506   -4.054792   113460.0
     507   -2.141233    58050.0
     508    0.000000        0.0
     509    0.000000        0.0
     510   -5.325521   148380.0
     511   -0.029278      830.0
     512   -1.317906    37220.0
     513  -19.705198   560140.0
     514   -0.178229      620.0
     515  -10.801497   294840.0
     516   -0.029111      830.0
     517   -4.829795   134690.0
     518   -0.085403     2420.0
     519   -1.409531    39850.0
     520   -4.810361   132430.0
     521    0.000000        0.0
     522    0.000000        0.0
     523   -0.096858     2420.0
     524   -0.084997     2420.0
     525   -0.618705    16160.0
     526   -0.029111      830.0
     527    0.000000        0.0
     528   -0.055969     1600.0
     529    0.000000        0.0
     530   -0.000028        0.0
     531   -0.041451      830.0
     532   -0.029111      830.0
     533    0.000000        0.0
     534    0.000000        0.0
     535   -0.084997     2420.0
     536   -0.085403     2420.0
     537   -0.085403     2420.0
     538   -0.084997     2420.0
     539   -0.084997     2420.0
     540   -1.753028    49600.0
     541   -3.627781   101560.0
     542    0.000000        0.0
     543    0.000000        0.0
     544   -1.686309    47830.0
     545   -4.765285   132920.0
     546   -3.610121   101190.0
     547   -3.627781   101560.0
     548   -1.686309    47830.0
     549   -1.677129    47570.0
     550   -1.682760    47730.0
     551   -8.817153   247910.0
     552   -0.142174     3080.0
     553   -1.469694    36840.0
     554   -0.084997     2420.0
     555   -0.085403     2420.0
     556   -0.312587     8400.0
     557   -0.084997     2420.0
     558   -0.085403     2420.0
     559   -0.055969     1600.0
     560   -0.085403     2420.0
     561   -1.705479    48090.0
     562   -4.765771   132920.0
     563   -3.627781   101560.0
     564   -0.085403     2420.0
     565   -0.084997     2420.0
     566   -0.084997     2420.0
     567   -4.765771   132920.0
     568   -0.084997     2420.0
     569   -3.627781   101560.0
     570   -4.618764   128900.0
     571   -1.737816    49020.0
     572   -0.029111      830.0
     573   -0.085403     2420.0
     574   -0.085403     2420.0
     575 -104.824346  2982400.0
     576   -1.686309    47830.0
     577   -0.029111      830.0
     578   -3.681799   103270.0
     579   -1.885809    49320.0
     580   -0.085403     2420.0
     581   -3.591326   100710.0
     582    0.000000        0.0
     583   -0.085403     2420.0
     584   -1.667257    47360.0
     585   -0.085403     2420.0
     586   -4.971583   136950.0
     587   -0.029111      830.0
     588   -4.682462   130710.0
     589   -4.552271   126990.0
     590   -0.084997     2420.0
     591   -3.659892   102400.0
     592   -3.641795   101890.0
     593   -0.084997     2420.0
     594   -0.085403     2420.0
     595   -0.085403     2420.0
     596   -0.030437      830.0
     597   -0.084997     2420.0
     598    0.000000        0.0
     599    0.000000        0.0
     600    0.000000        0.0
     601   -0.084997     2420.0
     602   -4.554941   127060.0
     603  -35.414975   973180.0
     604   -0.084997     2420.0
     605   -4.557653   127140.0
     606   -0.084997     2420.0
     607    0.000000        0.0
     608   -1.707837    48450.0
     609   -0.084997     2420.0
     610   -1.707837    48450.0
     611   -0.085403     2420.0
     612   -0.085403     2420.0
     613    0.000000        0.0
     614   -0.029309      830.0
     615   -0.029111      830.0
     616   -0.088017     2420.0
     617   -0.029111      830.0
     618   -7.958052   214880.0
     619   -0.085403     2420.0
     620   -0.085403     2420.0
     621   -7.794243   210420.0
     622    0.000000        0.0
     623    0.000000        0.0
     624   -0.206569     1140.0
     625   -0.084997     2420.0
     626   -0.090958     2580.0
     627    0.000000        0.0
     628  -18.789125   523420.0
     629   -3.898240   108800.0
     630   -0.108368     2250.0
     631   -4.801611   133390.0
     632    0.000000        0.0
     633   -0.031490      830.0
     634   -1.801587    51050.0
     635   -0.030896      830.0
     636    0.000000        0.0
     637   -4.102226   114580.0
     638   -4.766104   132760.0
     639   -7.136771   186910.0
     640   -0.084997     2420.0
     641    0.000000        0.0
     642   -0.084997     2420.0
     643   -6.240254   174740.0
     644   -0.029111      830.0
     645   -3.932531   109700.0
     646   -3.923851   109450.0
     647    0.000000        0.0
     648   -4.877125   136000.0
     649   -0.085403     2420.0
     650   -0.084997     2420.0
     651   -1.817510    51440.0
     652   -3.880698   108220.0
     653   -0.085403     2420.0
     654   -0.085403     2420.0
     655    0.000000        0.0
     656   -0.097806     2420.0
     657   -4.008823   111910.0
     658   -0.085403     2420.0
     659   -0.084997     2420.0
     660   -3.999636   111610.0
     661   -3.999636   111610.0
     662   -0.029111      830.0
     663   -4.359056   118650.0
     664   -4.843163   134920.0
     665   -0.029111      830.0
     666   -0.084997     2420.0
     667   -0.085403     2420.0
     668   -0.029111      830.0
     669   -0.241937     2420.0
     670    0.000000        0.0
     671   -1.769760    50190.0
     672   -0.084997     2420.0
     673 -107.452195  3006570.0
     674   -0.084997     2420.0
     675   -2.114132    58820.0
     676   -4.845090   134970.0
     677    0.000000        0.0
     678   -1.801587    51050.0
     679   -0.029111      830.0
     680   -4.109135   111530.0
     681   -4.813458   134110.0
     682    0.000000        0.0
     683   -0.029146      830.0
     684   -1.801587    51050.0
     685   -0.029111      830.0
     686   -4.769250   132850.0
     687   -3.925587   109500.0
     688   -0.110347     2420.0
     689   -4.982556   138790.0
     690   -3.674035   102580.0
     691    0.000000        0.0
     692   -2.745476    72220.0
     693   -5.158403   143220.0
     694   -0.084997     2420.0
     695   -0.029111      830.0
     696   -0.084997     2420.0
     697   -5.379156   149170.0
     698   -0.096858     2420.0
     699   -5.684875   153490.0
     700   -0.084997     2420.0
     701    0.000000        0.0
     702   -0.262472     7200.0
     703    0.000000        0.0
     704   -0.085035     2420.0
     705   -4.091122   114500.0
     706    0.000000        0.0
     707   -0.029111      830.0
     708   -0.029111      830.0
     709    0.000000        0.0
     710   -5.130583   142960.0
     711    0.000000        0.0
     712   -0.029111      830.0
     713   -5.983312   165120.0
     714   -2.363483    64500.0
     715   -5.254323   142230.0
     716   -0.084997     2420.0
     717   -1.498354    42060.0
     718   -4.091122   114500.0
     719    0.000000        0.0
     720   -4.062649   113680.0
     721   -1.498354    42060.0
     722   -0.085403     2420.0
     723   -8.037163   224830.0
     724   -0.024667        0.0
     725   -0.085403     2420.0
     726    0.000000        0.0
     727   -5.494590   152600.0
     728   -4.091122   114500.0
     729   -1.498354    42060.0
     730   -0.029111      830.0
     731    0.000000        0.0
     732   -2.435580    69090.0
     733    0.000000        0.0
     734    0.000000        0.0
     735   -4.040490   112920.0
     736    0.000000        0.0
     737  -17.796073   495440.0
     738   -0.084528      830.0
     739   -1.927608    54670.0
     740    0.000000        0.0
     741    0.000000        0.0
     742   -0.029111      830.0
     743   -0.084997     2420.0
     744    0.000000        0.0
     745   -0.084997     2420.0
     746   -3.488688    98050.0
     747   -0.084997     2420.0
     748   -3.595174   100560.0
     749   -0.029111      830.0
     750   -0.333264     7920.0
     751   -2.141233    58050.0
     752   -5.377601   149130.0
     753   -0.084997     2420.0
     754   -0.084997     2420.0
     755   -6.202372   172300.0
     756   -0.099455     2420.0
     757   -3.679809   102970.0
     758   -0.029111      830.0
     759    0.000000        0.0
     760    0.000000        0.0
     761   -0.084997     2420.0
     762   -8.308920   224250.0
     763   -5.157000   138400.0
     764    0.000000        0.0
     765   -1.686309    47830.0
     766   -0.006111        0.0
     767   -0.029111      830.0
     768   -5.898719   162760.0
     769    0.000000        0.0
     770   -0.085403     2420.0
     771   -0.085403     2420.0
     772    0.000000        0.0
     773   -0.084997     2420.0
     774   -4.766118   132930.0
     775    0.000000        0.0
     776    0.000000        0.0
     777   -1.686309    47830.0
     778   -0.084997     2420.0
     779    0.000000        0.0
     780   -4.669292   130230.0
     781  -12.989139   363260.0
     782   -0.029111      830.0
     783   -0.091753     2530.0
     784   -0.084997     2420.0
     785   -0.029111      830.0
     786   -0.029167      830.0
     787  -12.670753   354530.0
     788   -0.680306    18260.0
     789   -1.886306    53600.0
     790    0.000000        0.0
     791   -0.029111      830.0
     792   -0.085403     2420.0
     793   -4.042993   112560.0
     794   -0.084997     2420.0
     795   -0.085132     2420.0
     796   -0.085403     2420.0
     797    0.000000        0.0
     798   -0.000028        0.0
     799   -4.576663   127760.0
     800   -0.029111      830.0
     801   -3.741708   104960.0
     802   -0.002361        0.0
     803   -0.029111      830.0
     804   -0.029111      830.0
     805   -9.846903   264660.0
     806    0.000000        0.0
     807   -4.898382   136090.0
     808   -0.115059     2420.0
     809  -15.799976   437450.0
     810   -0.037934      830.0
     811   -0.029111      830.0
     812   -3.686076   103160.0
     813    0.000000        0.0
     814   -4.817531   130510.0
     815   -1.878108    53370.0
     816   -0.029111      830.0
     817    0.000000        0.0
     818   -4.740229   132240.0
     819   -3.521038    98480.0
     820    0.000000        0.0
     821    0.000000        0.0
     822   -0.085403     2420.0
     823   -0.241115     2420.0
     824   -1.687000    47850.0
     825   -0.029111      830.0
     826   -4.764215   132880.0
     827   -0.084997     2420.0
     828   -3.735840   104440.0
     829   -0.029111      830.0
     830   -4.709771   131310.0
     831   -3.631142   101650.0
     832  -45.030111  1206570.0
     833    0.000000        0.0
     834   -4.144247   112520.0
     835   -0.085403     2420.0
     836    0.000000        0.0
     837    0.000000        0.0
     838   -0.035649      800.0
     839   -1.687000    47850.0
     840   -4.766118   132930.0
     841   -0.029111      830.0
     842    0.000000        0.0
     843   -8.498504   236980.0
     844   -0.085403     2420.0
     845   -1.687000    47850.0
     846   -1.687000    47850.0
     847   -5.107441   137990.0
     848    0.000000        0.0
     849   -0.223181     2580.0
     850   -1.687000    47850.0
     851   -0.029111      830.0
     852   -0.085403     2420.0
     853   -0.029111      830.0
     854   -0.029111      830.0
     855    0.000000        0.0
     856   -5.216215   141120.0
     857   -0.085403     2420.0
     858   -0.085403     2420.0
     859  -15.698677   418000.0
     860   -1.074712    30280.0
     861   -4.764563   132890.0
     862   -0.029111      830.0
     863    0.000000        0.0
     864   -0.889257    22680.0
     865    0.000000        0.0
     866   -1.687000    47850.0
     867   -0.084997     2420.0
     868   -0.062146     1420.0
     869   -0.084997     2420.0
     870   -0.085403     2420.0
     871   -0.029167      830.0
     872    0.000000        0.0
     873   -0.029111      830.0
     874   -0.084997     2420.0
     875   -0.037934      830.0
     876   -0.084997     2420.0
     877   -1.361306    38470.0