 episode  sum_reward  tardiness
       1  -53.077476  1457760.0
       2  -12.353694   303830.0
       3  -38.547965  1018680.0
       4  -99.842750  2698320.0
       5  -14.592473   400450.0
       6  -16.920510   460860.0
       7  -50.260909  1354260.0
       8  -12.346059   309890.0
       9  -29.706031   806840.0
      10  -11.563569   303270.0
      11  -52.939594  1418320.0
      12   -8.664934   233640.0
      13  -62.797166  1706590.0
      14  -13.753535   358290.0
      15  -82.866515  2250300.0
      16 -102.429482  2716180.0
      17  -12.025833   296370.0
      18   -8.311344   224510.0
      19  -18.588555   497870.0
      20  -53.266295  1429050.0
      21  -27.006080   715550.0
      22  -92.814263  2491780.0
      23  -32.105420   844440.0
      24 -120.601427  3237590.0
      25  -78.686528  2124230.0
      26  -10.812094   275680.0
      27  -40.321454  1078010.0
      28  -81.384678  2159710.0
      29  -34.394664   927020.0
      30  -95.643758  2628120.0
      31  -55.601055  1495180.0
      32  -62.152570  1682960.0
      33  -93.328192  2523700.0
      34  -52.418806  1367870.0
      35  -20.886695   568880.0
      36  -39.531462  1057270.0
      37  -62.757996  1702080.0
      38 -108.451693  2923800.0
      39  -26.945111   716120.0
      40  -31.208372   857120.0
      41  -67.432761  1819170.0
      42  -37.336996   983850.0
      43  -88.449948  2395360.0
      44  -49.963125  1359270.0
      45  -21.793927   585680.0
      46  -48.926566  1317270.0
      47  -37.905805  1021390.0
      48  -41.776527  1107340.0
      49  -53.483614  1442190.0
      50  -23.355462   619290.0
      51  -40.726278  1080340.0
      52  -40.247234  1108010.0
      53  -22.738451   613400.0
      54  -89.671686  2366740.0
      55  -56.605529  1558400.0
      56  -62.898126  1695010.0
      57  -46.844396  1244190.0
      58  -33.838243   924250.0
      59  -27.079865   745760.0
      60  -23.137903   616660.0
      61  -32.190871   871350.0
      62  -47.696581  1317090.0
      63  -34.322587   921620.0
      64  -50.212813  1358800.0
      65  -48.641136  1272020.0
      66  -39.357299  1052940.0
      67 -101.971185  2736790.0
      68  -57.540233  1567830.0
      69  -14.392264   387280.0
      70  -58.451317  1583760.0
      71  -34.164945   924200.0
      72  -39.916653  1055490.0
      73  -35.055229   956820.0
      74  -30.114504   824900.0
      75  -10.375424   271700.0
      76  -12.478173   331910.0
      77  -24.955118   674050.0
      78  -27.409584   728990.0
      79  -66.034368  1794040.0
      80   -5.065247   136850.0
      81  -13.096587   345200.0
      82  -66.728740  1841270.0
      83  -46.688788  1233380.0
      84  -49.162201  1304270.0
      85   -8.184208   224980.0
      86  -87.574090  2380820.0
      87  -25.357250   689880.0
      88  -16.149538   424010.0
      89   -5.437174   151620.0
      90   -4.960969   132660.0
      91  -47.714653  1279520.0
      92   -7.408597   200450.0
      93   -8.495903   226030.0
      94  -21.482347   596390.0
      95  -55.450444  1536600.0
      96  -10.523389   277130.0
      97  -24.993736   676460.0
      98 -121.425508  3307180.0
      99  -23.058631   631790.0
     100  -24.589885   661090.0
     101  -50.102819  1330380.0
     102  -49.729441  1336390.0
     103  -25.118368   680400.0
     104  -12.015337   310360.0
     105  -22.002024   618310.0
     106   -7.717111   212210.0
     107  -95.829050  2581220.0
     108   -7.934302   214220.0
     109  -10.199604   276030.0
     110  -14.246077   388150.0
     111   -5.405583   146730.0
     112  -23.509326   635560.0
     113  -25.268893   684840.0
     114   -8.208719   226980.0
     115  -95.586343  2605030.0
     116  -26.762684   720720.0
     117  -36.060455   951970.0
     118   -8.803340   236600.0
     119  -38.746934  1058130.0
     120  -11.179944   295090.0
     121  -11.780229   311910.0
     122  -32.537049   867630.0
     123  -11.375111   282920.0
     124  -12.339806   336450.0
     125  -57.741202  1588670.0
     126   -9.235160   250060.0
     127  -18.411122   494510.0
     128  -30.945674   821320.0
     129  -16.578843   459970.0
     130  -86.095573  2323630.0
     131  -12.305222   311370.0
     132  -21.541886   582670.0
     133   -9.805097   264670.0
     134   -8.642195   233010.0
     135  -29.898990   797220.0
     136  -10.246438   267950.0
     137   -8.147153   219990.0
     138   -8.771691   231440.0
     139  -10.192021   268220.0
     140  -13.679743   360420.0
     141  -12.397205   326300.0
     142  -44.435090  1171900.0
     143   -7.746392   209180.0
     144  -11.257840   292820.0
     145  -10.042993   270110.0
     146  -11.456142   289770.0
     147  -10.552979   283310.0
     148  -14.584135   369970.0
     149  -29.020191   788060.0
     150  -25.619136   698350.0
     151  -11.015514   297450.0
     152  -13.882340   371430.0
     153  -16.180472   434960.0
     154  -10.204708   273110.0
     155  -16.549653   452670.0
     156  -58.453256  1569550.0
     157   -9.189816   248870.0
     158   -8.990920   235780.0
     159  -22.716659   611710.0
     160   -5.639281   155390.0
     161  -91.160719  2525290.0
     162  -30.995486   835820.0
     163  -33.989493   876860.0
     164  -23.304041   633690.0
     165  -24.840924   665440.0
     166  -33.264479   922620.0
     167  -19.378865   531270.0
     168   -7.585434   206030.0
     169  -61.878900  1676860.0
     170  -21.458340   560710.0
     171  -13.701225   364980.0
     172  -11.442681   281800.0
     173   -9.952504   264040.0
     174  -31.770000   836130.0
     175   -4.981708   138110.0
     176  -42.919354  1189750.0
     177   -9.593930   256630.0
     178  -11.235962   279100.0
     179   -7.236233   195430.0
     180  -11.056614   287790.0
     181  -29.097823   757480.0
     182  -32.615271   875180.0
     183  -14.288705   365240.0
     184   -8.776892   237000.0
     185  -10.915646   276640.0
     186   -9.912820   266590.0
     187  -30.275614   781980.0
     188  -23.393872   613500.0
     189   -5.511094   152520.0
     190  -45.335368  1192820.0
     191   -9.663208   228790.0
     192  -48.263468  1285430.0
     193  -64.748793  1750870.0
     194  -56.500961  1534110.0
     195  -16.369646   429520.0
     196  -12.640431   320410.0
     197  -10.510285   283700.0
     198  -98.357625  2640970.0
     199  -86.206271  2343680.0
     200  -55.245080  1528840.0
     201  -11.553563   301910.0
     202  -23.228032   643050.0
     203  -31.184257   824380.0
     204   -7.314864   201980.0
     205   -6.024128   166530.0
     206   -5.454663   144980.0
     207  -49.323025  1347130.0
     208  -11.756920   300540.0
     209  -29.412021   777510.0
     210  -42.297292  1136450.0
     211  -91.727268  2474140.0
     212  -32.506091   870910.0
     213   -9.207260   244380.0
     214  -55.740489  1532880.0
     215   -5.512677   145960.0
     216  -13.607538   369470.0
     217  -31.743222   826280.0
     218  -29.132584   792020.0
     219   -5.304694   147720.0
     220  -66.538167  1766790.0
     221  -29.809351   788740.0
     222  -58.388666  1583960.0
     223  -38.738747  1047350.0
     224   -8.946698   237610.0
     225  -31.432236   824150.0
     226  -41.606684  1093140.0
     227   -7.336767   197460.0
     228  -17.657882   485240.0
     229   -8.252969   201600.0
     230  -32.611722   842520.0
     231  -14.685424   377990.0
     232  -58.652174  1575650.0
     233  -55.245479  1497570.0
     234   -1.343785    36150.0
     235  -54.856041  1531340.0
     236   -0.873660    18800.0
     237  -94.595052  2516120.0
     238   -0.995333    28000.0
     239   -1.553125    43540.0
     240   -2.819420    59790.0
     241   -0.404729     7020.0
     242   -1.348642    36360.0
     243   -0.595837    11620.0
     244  -34.646834   934790.0
     245   -2.207715    59930.0
     246   -5.327129   147180.0
     247  -16.739750   453510.0
     248   -1.943722    55070.0
     249   -1.328573    37440.0
     250   -0.159403     1600.0
     251  -23.833136   677390.0
     252  -83.885379  2291560.0
     253   -4.009976   112490.0
     254  -36.370868  1003760.0
     255    0.000000        0.0
     256   -0.056104     1600.0
     257   -2.251132    60340.0
     258  -52.690681  1433690.0
     259  -91.760459  2466000.0
     260  -17.233819   473020.0
     261   -0.052767     1420.0
     262   -0.658260    17360.0
     263   -6.630097   190000.0
     264  -34.820972   961810.0
     265   -0.084997     2420.0
     266  -18.167893   515410.0
     267  -56.958723  1551780.0
     268   -0.861972    16400.0
     269   -3.220906    84020.0
     270  -32.213906   909170.0
     271   -2.476774    66390.0
     272   -4.920483   134710.0
     273   -2.477212    67400.0
     274   -2.404122    65860.0
     275  -31.103306   812810.0
     276   -0.458816     3520.0
     277   -0.023701      410.0
     278   -0.065625     1890.0
     279  -11.945823   329540.0
     280   -0.221920     3910.0
     281   -3.550910    92460.0
     282   -0.085267     2420.0
     283   -2.630163    69310.0
     284   -0.029007      830.0
     285   -5.056441   139920.0
     286   -1.446774    39000.0
     287   -0.224899     1250.0
     288   -4.358437   118650.0
     289   -9.111722   245960.0
     290   -0.085052     2420.0
     291   -5.551993   154270.0
     292   -2.538559    67770.0
     293  -15.890792   440050.0
     294   -1.136198    32050.0
     295   -9.124101   242460.0
     296   -4.202778   113710.0
     297   -8.440278   227190.0
     298   -0.085267     2420.0
     299  -25.096653   699890.0
     300   -2.490076    70580.0
     301   -1.638010    41920.0
     302    0.000000        0.0
     303   -4.404080   122970.0
     304   -2.411434    62700.0
     305 -190.490077  5140150.0
     306   -0.476431    10800.0
     307  -88.039450  2533740.0
     308  -23.238576   632220.0
     309   -0.090778     2580.0
     310   -0.217104     1490.0
     311  -51.470216  1402640.0
     312   -2.339076    66240.0
     313   -0.468274    12080.0
     314   -2.006191    56970.0
     315  -15.022851   411940.0
     316   -1.082167    30480.0
     317  -24.120018   680280.0
     318  -14.453267   385430.0
     319   -8.163823   227280.0
     320   -2.092507    59330.0
     321   -0.018111        0.0
     322   -0.195354     2420.0
     323   -0.028969      830.0
     324   -0.416615    11050.0
     325    0.000000        0.0
     326   -4.186597   117090.0
     327   -9.685226   239670.0
     328   -2.718840    75820.0
     329   -4.244240   118670.0
     330   -0.462792    12600.0
     331   -0.028969      830.0
     332   -5.656226   157000.0
     333   -9.699212   264890.0
     334   -0.364493     2340.0
     335   -1.653840    41170.0
     336   -4.856382   131200.0
     337   -0.035566      930.0
     338   -0.059566        0.0
     339  -57.372254  1541120.0
     340   -1.031087    27620.0
     341   -0.041524      800.0
     342   -1.478229    41780.0
     343   -0.054788        0.0
     344   -2.051274    58080.0
     345   -2.982035    76840.0
     346   -1.658042    41750.0
     347   -0.159292     4440.0
     348   -0.378590     6310.0
     349  -75.379301  2039870.0
     350   -0.377194     6300.0
     351   -1.997906    56520.0
     352   -3.233566    78920.0
     353   -5.514212   149480.0
     354   -8.353729   224060.0
     355   -4.165326   116210.0
     356   -1.894233    53560.0
     357   -0.056962     1600.0
     358  -40.295282  1148680.0
     359   -4.149604   112220.0
     360   -1.989361    56490.0
     361  -68.208973  1879300.0
     362   -0.272601     6200.0
     363  -58.879184  1571310.0
     364   -4.698184   130850.0
     365   -2.272233    57530.0
     366    0.000000        0.0
     367   -0.029111      830.0
     368    0.000000        0.0
     369   -0.085403     2420.0
     370    0.000000        0.0
     371   -1.901399    54040.0
     372    0.000000        0.0
     373  -43.111082  1202660.0
     374   -0.796000    20900.0
     375    0.000000        0.0
     376   -4.866326   135500.0
     377  -18.739048   514130.0
     378   -0.041476      830.0
     379   -0.244205     2510.0
     380  -27.535903   740100.0
     381   -2.247514    63400.0
     382   -0.240806     2420.0
     383    0.000000        0.0
     384    0.000000        0.0
     385   -0.085517     2420.0
     386   -0.005972        0.0
     387  -27.619229   751080.0
     388  -31.509492   884470.0
     389  -54.734920  1518260.0
     390  -99.996084  2721740.0
     391    0.000000        0.0
     392   -2.148062    58250.0
     393   -0.240514     2420.0
     394   -0.223122     2580.0
     395   -0.377212     6300.0
     396  -98.509409  2782370.0
     397  -10.462521   300490.0
     398   -6.773993   185740.0
     399   -4.627781   129180.0
     400  -84.697254  2327880.0
     401   -1.645979    41400.0
     402  -20.301219   552790.0
     403   -0.085267     2420.0
     404  -80.084315  2305600.0
     405   -0.534858    13830.0
     406   -6.619458   182270.0
     407    0.000000        0.0
     408   -0.332951     7920.0
     409   -1.009646    15280.0
     410   -4.754045   132820.0
     411   -2.141806    58020.0
     412   -0.029111      830.0
     413   -2.107625    59660.0
     414   -0.085892     2420.0
     415   -0.875188    23490.0
     416   -0.085403     2420.0
     417    0.000000        0.0
     418    0.000000        0.0
     419   -0.394240     2420.0
     420   -1.187219    24510.0
     421    0.000000        0.0
     422  -14.681215   405970.0
     423   -3.231608    85170.0
     424   -0.094753     1070.0
     425   -1.348111    38090.0
     426   -1.600875    44650.0
     427   -0.086212      800.0
     428  -97.565328  2658950.0
     429   -0.032226        0.0
     430   -0.015576      410.0
     431   -0.030507      830.0
     432   -1.292333    35310.0
     433   -0.167434     1070.0
     434    0.000000        0.0
     435   -5.321212   149740.0
     436  -34.182344   956300.0
     437   -3.776615   103330.0
     438   -5.148066   139040.0
     439   -0.042253      830.0
     440   -5.727722   161870.0
     441   -1.074944    30280.0
     442   -7.971840   222220.0
     443   -5.079090   137210.0
     444   -0.889257    22680.0
     445   -0.050906        0.0
     446   -8.370701   225640.0
     447   -0.029111      830.0
     448   -1.273156    34760.0
     449   -4.659677   130000.0
     450   -4.812288   134170.0
     451  -25.106417   677340.0
     452   -0.084997     2420.0
     453    0.000000        0.0
     454   -0.382323     2420.0
     455   -5.683003   153950.0
     456  -29.492483   817660.0
     457   -7.422358   200560.0
     458   -3.829594   108510.0
     459    0.000000        0.0
     460   -4.764215   132880.0
     461   -5.126229   135500.0
     462  -41.252253  1153820.0
     463  -10.412729   268750.0
     464   -0.055969     1600.0
     465   -1.554153    38760.0
     466   -5.473476   150850.0
     467   -2.148726    58250.0
     468   -2.276830    63200.0
     469   -0.098729     2640.0
     470   -0.084997     2420.0
     471   -1.388260    36240.0
     472   -0.085403     2420.0
     473   -1.899003    53710.0
     474   -1.688670    47900.0
     475   -0.028972      830.0
     476   -0.085403     2420.0
     477   -0.351385     1530.0
     478   -0.152608     4370.0
     479  -22.452619   595590.0
     480   -0.593042     9190.0
     481   -3.042007    83380.0
     482   -9.240205   254490.0
     483   -8.819604   247530.0
     484  -10.267139   279860.0
     485   -7.853423   216690.0
     486    0.000000        0.0
     487  -11.718837   317160.0
     488   -0.029111      830.0
     489   -4.964139   138610.0
     490   -2.885472    79610.0
     491   -0.296830     2580.0
     492    0.000000        0.0
     493   -4.117684   111790.0
     494   -4.751698   132520.0
     495   -5.625257   136010.0
     496    0.000000        0.0
     497   -0.085799     1600.0
     498   -4.607635   129540.0
     499   -4.572983   121940.0
     500   -5.296361   138970.0
     501  -25.271211   718510.0
     502   -1.782788    50500.0
     503   -0.029111      830.0
     504   -0.029111      830.0
     505   -2.575694    71040.0
     506   -0.051903        0.0
     507   -1.043875    29400.0
     508   -1.506663    36840.0
     509   -0.029354      830.0
     510    0.000000        0.0
     511   -0.084719     2420.0
     512    0.000000        0.0
     513   -1.346264    37900.0
     514   -0.240774     2420.0
     515   -8.423913   226850.0
     516   -1.292872    36510.0
     517   -5.227642   141820.0
     518   -2.677778    71520.0
     519   -8.093743   219630.0
     520   -4.500753   112960.0
     521   -9.305552   249420.0
     522    0.000000        0.0
     523  -23.921951   646480.0
     524  -35.719489   981850.0
     525    0.000000        0.0
     526   -0.087872     2420.0
     527   -1.314236    37110.0
     528   -0.338236     5240.0
     529   -4.710524   131320.0
     530   -0.227448     1820.0
     531   -0.089917     2550.0
     532  -53.034688  1436920.0
     533   -0.195108     2420.0
     534   -3.219760    81080.0
     535   -0.029111      830.0
     536   -0.084542      830.0
     537   -0.404497    10540.0
     538   -4.593882   127930.0
     539   -1.600691    42240.0
     540   -0.524378    14600.0
     541  -15.232670   421450.0
     542   -0.092517     2420.0
     543  -25.720173   708250.0
     544  -12.350080   343350.0
     545  -95.836148  2706870.0
     546   -0.085403     2420.0
     547  -10.117233   284420.0
     548  -23.530208   620070.0
     549   -4.708312   131440.0
     550  -24.706976   665610.0
     551   -0.028049      800.0
     552   -0.178312      620.0
     553  -10.344958   280810.0
     554   -4.862701   131770.0
     555   -0.085003     2420.0
     556   -0.039507      830.0
     557  -19.663861   559290.0
     558   -0.029111      830.0
     559  -10.020781   243030.0
     560   -1.768087    49990.0
     561   -3.703493   103520.0
     562   -4.940361   136250.0
     563   -9.594142   257710.0
     564   -0.223451     2580.0
     565   -0.223552     2580.0
     566   -0.084997     2420.0
     567   -0.185444     4260.0
     568   -0.378139     6330.0
     569   -0.015233      410.0
     570   -4.358688   118650.0
     571   -8.162552   219510.0
     572   -0.055535     1500.0
     573   -0.056510     1600.0
     574    0.000000        0.0
     575    0.000000        0.0
     576   -0.084997     2420.0
     577    0.000000        0.0
     578   -0.029122      830.0
     579   -0.085403     2420.0
     580   -2.612673    70720.0
     581   -2.397309    67870.0
     582   -0.028972      830.0
     583   -0.100403     2420.0
     584   -4.491097   123080.0
     585    0.000000        0.0
     586   -0.073135        0.0
     587   -2.164892    61480.0
     588   -3.039382    84410.0
     589   -3.626625   101810.0
     590   -6.171788   163980.0
     591    0.000000        0.0
     592    0.000000        0.0
     593   -6.443799   178360.0
     594   -6.480983   171410.0
     595   -0.029111      830.0
     596   -0.084997     2420.0
     597   -2.181767    59150.0
     598  -30.792530   862860.0
     599   -4.359055   118650.0
     600   -1.885503    53230.0
     601   -0.238351     2420.0
     602   -0.263024     2920.0
     603  -14.408906   363200.0
     604  -77.663035  2135010.0
     605    0.000000        0.0
     606  -18.196757   502100.0
     607   -2.449552    66020.0
     608  -43.923406  1239760.0
     609  -14.054649   397740.0
     610   -2.148062    58250.0
     611   -2.205319    61630.0
     612   -5.288490   140750.0
     613   -0.084997     2420.0
     614   -2.477385    66880.0
     615   -0.002677        0.0
     616   -3.646125   102090.0
     617   -0.253920     1260.0
     618  -35.264494  1005420.0
     619    0.000000        0.0
     620   -4.149660   112220.0
     621   -1.693417    48030.0
     622   -0.084997     2420.0
     623   -1.693250    48030.0
     624   -0.084997     2420.0
     625  -61.955825  1662710.0
     626   -2.655705    72730.0
     627   -3.614243    93870.0
     628  -62.960430  1708700.0
     629   -0.085403     2420.0
     630  -29.522257   781270.0
     631   -0.219104      620.0
     632   -4.276292   119050.0
     633  -19.438997   549320.0
     634   -4.108597   111530.0
     635   -4.675090   130120.0
     636   -0.054097        0.0
     637    0.000000        0.0
     638  -18.392194   502560.0
     639   -0.032226        0.0
     640   -4.351969   120120.0
     641   -0.084997     2420.0
     642   -4.027840   112560.0
     643   -3.810510   106400.0
     644  -23.655341   633090.0
     645   -0.034063        0.0
     646   -4.111698   111530.0
     647   -5.389288   149950.0
     648  -40.392441  1141200.0
     649   -3.632951   101700.0
     650   -2.867260    77690.0
     651   -9.854882   260730.0
     652   -0.084997     2420.0
     653   -7.342570   206820.0
     654   -3.672924   102510.0
     655  -10.738604   283040.0
     656  -32.815684   917570.0
     657   -0.300167     3960.0
     658    0.000000        0.0
     659   -3.822208   107010.0
     660   -1.314198    37110.0
     661   -0.764698    21060.0
     662   -2.214403    61960.0
     663  -86.718947  2496770.0
     664   -5.020754   137900.0
     665   -3.434347    96270.0
     666   -0.085267     2420.0
     667   -4.288385   122800.0
     668   -0.429566     9340.0
     669   -0.014243      410.0
     670  -62.108162  1681490.0
     671   -2.363483    64500.0
     672   -0.029111      830.0
     673   -4.802965   130080.0
     674   -0.084997     2420.0
     675   -8.032996   214150.0
     676  -23.373475   658570.0
     677   -2.384601    64600.0
     678   -1.454920    38160.0
     679   -0.029111      830.0
     680  -44.238738  1273340.0
     681   -9.969115   277370.0
     682  -10.433730   291900.0
     683  -49.244830  1391090.0
     684   -0.085267     2420.0
     685    0.000000        0.0
     686   -0.084997     2420.0
     687   -1.687000    47850.0
     688   -0.315281     8650.0
     689  -16.034226   460950.0
     690   -0.240781     2420.0
     691   -0.029111      830.0
     692   -4.252267   113900.0
     693   -4.795059   133540.0
     694   -0.085042     2420.0
     695   -3.564764    99850.0
     696   -8.437379   227320.0
     697   -0.317899     4400.0
     698    0.000000        0.0
     699   -0.198851     1870.0
     700   -0.059524     1600.0
     701   -1.493885    39230.0
     702   -4.354976   122250.0
     703   -0.055969     1600.0
     704   -0.358118     5760.0
     705   -0.236389     2420.0
     706   -0.612906    16880.0
     707   -0.214757     1600.0
     708   -4.894208   136410.0
     709   -0.084997     2420.0
     710   -4.506337   125470.0
     711    0.000000        0.0
     712    0.000000        0.0
     713    0.000000        0.0
     714   -1.552927    38160.0
     715   -8.176472   223880.0
     716   -6.844719   191690.0
     717   -0.240840     2420.0
     718   -1.074750    30280.0
     719   -1.766976    50100.0
     720   -0.085267     2420.0
     721   -7.069229   198670.0
     722   -0.014243      410.0
     723    0.000000        0.0
     724  -44.976941  1259420.0
     725   -2.781844    74650.0
     726   -0.233479     4410.0
     727   -0.395462     9340.0
     728    0.000000        0.0
     729   -2.197764    62360.0
     730   -0.300167     3960.0
     731    0.000000        0.0
     732    0.000000        0.0
     733   -0.085403     2420.0
     734   -0.000028        0.0
     735  -47.499370  1341900.0
     736    0.000000        0.0
     737    0.000000        0.0
     738   -0.041205      830.0
     739   -1.897927    53680.0
     740   -2.409521    68190.0
     741   -3.978649   101290.0
     742   -8.062507   224820.0
     743   -0.029111      830.0
     744   -1.443222    38160.0
     745   -2.150635    60990.0
     746   -5.799715   160630.0
     747   -0.088410     2420.0
     748   -2.148062    58250.0
     749   -4.157639   112220.0
     750   -0.203063     1140.0
     751   -1.870271    52970.0
     752   -0.083333      830.0
     753   -0.385267     9340.0
     754   -2.148795    58250.0
     755   -0.029111      830.0
     756   -3.645396   100820.0
     757   -4.420809   122040.0
     758  -16.308340   455960.0
     759   -3.973438   107190.0
     760   -1.252278    32340.0
     761  -14.692715   410570.0
     762   -0.085403     2420.0
     763   -8.844448   236810.0
     764   -4.624014   129150.0
     765   -2.145747    58180.0
     766    0.000000        0.0
     767   -1.830253    51800.0
     768  -36.042284   967740.0
     769   -0.155920     3450.0
     770    0.000000        0.0
     771  -30.048583   828180.0
     772   -2.386458    64700.0
     773  -57.073902  1556970.0
     774   -0.000212        0.0
     775    0.000000        0.0
     776   -0.245799     2420.0
     777  -87.041044  2372280.0
     778   -0.085403     2420.0
     779   -3.444649    89820.0
     780  -97.987225  2647360.0
     781   -1.135104    30850.0
     782   -0.244569     2510.0
     783   -7.847361   221870.0
     784  -21.758337   605300.0
     785   -2.493156    65930.0
     786   -6.658476   178160.0
     787   -4.222920   113240.0
     788   -0.203063     1140.0
     789   -2.038240    57670.0
     790   -0.084997     2420.0
     791  -57.688867  1659640.0
     792    0.000000        0.0
     793   -0.365778     7450.0
     794    0.000000        0.0
     795   -3.926389   110370.0
     796   -3.708649   103660.0
     797   -6.386517   180060.0
     798   -0.084997     2420.0
     799   -0.084997     2420.0
     800  -12.600031   343240.0
     801   -0.084792      830.0
     802   -0.238389     2420.0
     803   -0.260944     2420.0
     804   -5.847323   159920.0
     805  -28.977632   764370.0
     806   -3.907736   109540.0
     807  -54.918391  1496800.0
     808    0.000000        0.0
     809    0.000000        0.0
     810   -0.238351     2420.0
     811   -3.742608   104880.0
     812   -4.413104   121830.0
     813   -4.740854   131870.0
     814   -2.632042    73510.0
     815   -0.195108     2420.0
     816  -19.172128   523370.0
     817   -0.034063        0.0
     818   -1.350378    36440.0
     819   -3.755045   104750.0
     820  -11.263378   296290.0
     821    0.000000        0.0
     822   -4.027618   100410.0
     823   -0.084997     2420.0
     824   -5.966167   165420.0
     825   -2.139365    60620.0
     826   -2.343788    66330.0
     827   -0.085003     2420.0
     828    0.000000        0.0
     829   -1.872903    49320.0
     830   -0.030267      800.0
     831    0.000000        0.0
     832   -0.593573     7140.0
     833   -0.889257    22680.0
     834   -1.459226    41290.0
     835   -0.318323     4400.0
     836   -2.626215    70740.0
     837    0.000000        0.0
     838   -7.883833   226330.0
     839   -1.285465    27200.0
     840   -0.197691     3330.0
     841   -0.029111      830.0
     842   -0.029142      830.0
     843   -4.508090   127180.0
     844   -2.509938    70600.0
     845   -2.141233    58050.0
     846   -5.453920   151340.0
     847   -0.029111      830.0
     848   -0.084997     2420.0
     849   -0.096931     2420.0
     850   -0.195108     2420.0
     851    0.000000        0.0
     852   -0.085403     2420.0
     853   -3.582132   100220.0
     854   -0.240986     2420.0
     855  -23.774327   655830.0
     856    0.000000        0.0
     857   -0.054097        0.0
     858   -3.765285   105430.0
     859   -5.501042   152490.0
     860   -5.841195   164820.0
     861  -15.171556   429980.0
     862   -0.377198     6300.0
     863   -0.052726        0.0
     864   -0.195108     2420.0
     865   -4.192340   117420.0
     866   -0.040559      240.0
     867   -0.084997     2420.0
     868   -0.325625     7700.0
     869    0.000000        0.0
     870   -0.405719     2820.0
     871   -0.029111      830.0
     872  -46.079218  1290360.0
     873   -0.085403     2420.0
     874   -0.050014     1080.0
     875   -3.421201    95770.0
     876  -41.360310  1098200.0
     877  -63.410750  1703800.0
     878    0.000000        0.0
     879    0.000000        0.0
     880   -8.557024   235770.0
     881  -10.726111   289860.0
     882  -12.472267   334990.0
     883   -0.028069      800.0
     884   -0.520892        0.0
     885  -10.996962   277520.0
     886  -73.847017  1947530.0
     887    0.000000        0.0
     888   -0.091722     2460.0
     889   -0.007264        0.0
     890   -2.176858    61840.0
     891    0.000000        0.0
     892   -0.881458    25250.0
     893    0.000000        0.0
     894   -0.226736     6530.0
     895   -0.918885    22490.0
     896   -2.432250    67190.0
     897   -4.684243   127610.0
     898   -0.041847     1160.0
     899   -4.150222   115560.0
     900    0.000000        0.0
     901   -5.091507   139720.0
     902    0.000000        0.0
     903   -0.037934        0.0
     904  -10.198656   274610.0
     905   -0.684844    17920.0
     906    0.000000        0.0
     907   -0.656399    18240.0
     908    0.000000        0.0
     909   -1.676052    47760.0
     910    0.000000        0.0
     911   -0.006083        0.0
     912   -0.017542      450.0
     913   -0.855000        0.0
     914    0.000000        0.0
     915   -4.822858   134300.0
     916   -0.200569     5250.0
     917   -4.683021   129710.0
     918   -0.167958     4720.0
     919   -0.017389      490.0
     920    0.000000        0.0
     921  -16.042125   421970.0
     922    0.000000        0.0
     923  -11.838194   309070.0
     924  -15.715594   399030.0
     925   -0.159712     4330.0
     926  -12.815910   335490.0
     927    0.000000        0.0
     928    0.000000        0.0
     929   -0.049174     1400.0
     930   -7.001740   193190.0
     931   -0.030986      880.0
     932   -0.046403     1320.0
     933  -27.386053   764920.0
     934  -55.172291  1480930.0
     935   -3.695403   103280.0
     936   -0.004861      140.0
     937    0.000000        0.0
     938   -0.007365      210.0
     939  -11.182760   298460.0
     940   -0.000403        0.0
     941    0.000000        0.0
     942   -0.009316      250.0
     943   -2.577247    72230.0
     944    0.000000        0.0
     945    0.000000        0.0
     946   -0.893500    25370.0
     947    0.000000        0.0
     948   -4.700687   131760.0
     949   -0.001063        0.0
     950   -0.097861     2750.0
     951  -28.270316   802550.0
     952   -0.000115        0.0
     953   -0.006399        0.0
     954   -0.022455        0.0
     955    0.000000        0.0
     956   -0.017743      510.0
     957   -0.037031     1060.0
     958    0.000000        0.0
     959    0.000000        0.0
     960    0.000000        0.0
     961   -0.000337        0.0
     962    0.000000        0.0
     963  -19.250955   529580.0
     964    0.000000        0.0
     965   -4.287212   115730.0
     966    0.000000        0.0
     967    0.000000        0.0
     968   -3.400444    91740.0
     969    0.000000        0.0
     970    0.000000        0.0
     971    0.000000        0.0
     972   -2.458132    69890.0
     973   -0.011639      330.0
     974    0.000000        0.0
     975  -14.497142   384770.0
     976  -30.198011   836980.0
     977   -0.261684     3330.0
     978   -0.000028        0.0
     979   -8.024250   212310.0
     980   -0.326875     7760.0
     981   -4.920125   133400.0
     982  -48.260643  1337250.0
     983   -9.634049   254970.0
     984    0.000000        0.0
     985   -6.909462   186450.0
     986   -0.040802     1160.0
     987    0.000000        0.0
     988    0.000000        0.0
     989   -0.051170     1460.0
     990   -0.051170     1460.0
     991   -0.026434      760.0
     992   -3.378965    95590.0
     993    0.000000        0.0
     994    0.000000        0.0
     995    0.000000        0.0
     996   -0.045264     1280.0
     997    0.000000        0.0
     998   -0.008847      240.0
     999   -0.026517      760.0
    1000   -0.196431     4470.0
    1001    0.000000        0.0
    1002    0.000000        0.0
    1003   -0.078885     2250.0
    1004   -0.187788     5270.0
    1005   -0.013573      390.0
    1006   -2.348854    66240.0
    1007   -0.027396      780.0
    1008    0.000000        0.0
    1009   -2.655010    74890.0
    1010    0.000000        0.0
    1011    0.000000        0.0
    1012   -3.580781   100920.0
    1013    0.000000        0.0
    1014    0.000000        0.0
    1015   -0.077997     2220.0
    1016  -35.554725   982150.0
    1017    0.000000        0.0
    1018    0.000000        0.0
    1019   -1.336135    38220.0
    1020   -2.047896    58240.0
    1021   -1.032347    27490.0
    1022    0.000000        0.0
    1023   -0.002906       70.0
    1024   -0.084535     2320.0
    1025   -1.831851    50990.0
    1026   -0.154306     4290.0
    1027    0.000000        0.0
    1028   -0.476542    13290.0
    1029    0.000000        0.0
    1030   -1.427448    39590.0
    1031    0.000000        0.0
    1032    0.000000        0.0
    1033   -0.047920     1360.0
    1034   -0.001420       30.0
    1035    0.000000        0.0
    1036   -0.005233      150.0
    1037  -66.603160  1646680.0
    1038  -49.925677  1272730.0
    1039    0.000000        0.0
    1040   -0.058233     1650.0
    1041   -0.015420      440.0
    1042    0.000000        0.0
    1043   -0.001611       40.0
    1044   -0.005503      150.0
    1045   -1.380621    39060.0
    1046   -0.003472      100.0
    1047    0.000000        0.0
    1048  -31.387041   873320.0
    1049    0.000000        0.0
    1050   -8.785254   244160.0
    1051   -0.038785        0.0
    1052   -0.041201        0.0
    1053   -0.016722      480.0
    1054    0.000000        0.0
    1055  -12.038260   285620.0
    1056   -1.386889    36750.0
    1057   -0.123125     2830.0
    1058   -0.077306     2160.0
    1059    0.000000        0.0
    1060    0.000000        0.0
    1061    0.000000        0.0
    1062    0.000000        0.0
    1063   -0.207604     5800.0
    1064   -0.336215     9260.0
    1065   -5.745639   156020.0
    1066   -0.000076        0.0
    1067    0.000000        0.0
    1068    0.000000        0.0
    1069   -4.806719   133570.0
    1070    0.000000        0.0
    1071    0.000000        0.0
    1072   -0.012573        0.0
    1073  -20.691292   539680.0
    1074  -19.064441   489540.0
    1075    0.000000        0.0
    1076    0.000000        0.0
    1077    0.000000        0.0
    1078    0.000000        0.0
    1079    0.000000        0.0
    1080    0.000000        0.0
    1081   -0.388417    11100.0
    1082   -4.742167   130830.0
    1083   -0.464826     9680.0
    1084   -0.069736     1980.0
    1085   -0.001375        0.0
    1086   -0.000257        0.0
    1087    0.000000        0.0
    1088   -1.936371    54810.0
    1089   -2.566052    72740.0
    1090   -0.011483      330.0
    1091   -0.000198        0.0
    1092   -9.306906   254700.0
    1093    0.000000        0.0
    1094   -0.076788     2160.0
    1095    0.000000        0.0
    1096   -0.046660     1300.0
    1097   -0.020427      580.0
    1098   -0.203229     5710.0
    1099    0.000000        0.0
    1100   -1.932948    47990.0
    1101  -14.591927   379330.0
    1102   -0.162490     4330.0
    1103   -6.892247   190070.0
    1104   -0.562726    12190.0
    1105   -2.728354    74690.0
    1106  -16.367576   439500.0
    1107   -0.346552     8320.0
    1108   -1.473892    39500.0
    1109   -0.007573        0.0
    1110  -10.758649   289070.0
    1111    0.000000        0.0
    1112    0.000000        0.0
    1113    0.000000        0.0
    1114   -6.817104   180670.0
    1115   -0.228219     6100.0
    1116  -18.031014   469910.0
    1117  -17.498198   457480.0
    1118    0.000000        0.0
    1119   -0.000760        0.0
    1120  -15.650750   415340.0
    1121   -0.231295     2960.0
    1122   -0.249642     6900.0
    1123   -1.122063    29600.0
    1124   -1.058292    29600.0
    1125   -1.155656    27700.0
    1126   -1.122736    29600.0
    1127    0.000000        0.0
    1128    0.000000        0.0
    1129    0.000000        0.0
    1130   -8.398938   226830.0
    1131    0.000000        0.0
    1132    0.000000        0.0
    1133   -0.000781       10.0
    1134   -3.885524   108000.0
    1135   -4.893080   135630.0
    1136    0.000000        0.0
    1137    0.000000        0.0
    1138   -0.010788      310.0
    1139    0.000000        0.0
    1140    0.000000        0.0
    1141    0.000000        0.0
    1142   -7.823680   210470.0
    1143    0.000000        0.0
    1144   -0.000958        0.0
    1145    0.000000        0.0
    1146    0.000000        0.0
    1147    0.000000        0.0
    1148  -11.125437   298580.0
    1149  -20.749337   562710.0
    1150   -0.103458     2920.0
    1151  -39.591257   997580.0
    1152  -15.018021   396840.0
    1153  -31.254899   821700.0
    1154   -0.059920     1680.0
    1155   -0.015448      440.0
    1156    0.000000        0.0
    1157  -30.707442   852700.0
    1158    0.000000        0.0
    1159    0.000000        0.0
    1160    0.000000        0.0
    1161   -0.617542    17660.0
    1162   -0.228576     6440.0
    1163    0.000000        0.0
    1164   -6.871799   191920.0
    1165   -3.938754   110400.0
    1166   -0.011510      330.0
    1167    0.000000        0.0
    1168   -2.941382    83260.0
    1169   -1.708979    48520.0
    1170    0.000000        0.0
    1171  -12.876434   345420.0
    1172  -31.638045   848260.0
    1173  -10.606347   286040.0
    1174  -10.556385   268010.0
    1175   -0.109444     3070.0
    1176  -10.280681   265860.0
    1177   -3.027035    85090.0
    1178   -4.305472   120470.0
    1179  -19.482313   505880.0
    1180   -0.008215        0.0
    1181    0.000000        0.0
    1182    0.000000        0.0
    1183  -11.556816   306920.0
    1184   -9.427955   255880.0
    1185   -1.257865    33900.0
    1186   -0.002104       60.0
    1187  -25.554521   647330.0
    1188  -35.740535   876600.0
    1189   -1.278351        0.0
    1190    0.000000        0.0
    1191   -4.555667   126070.0
    1192    0.000000        0.0
    1193  -11.611164   328260.0
    1194   -4.835819   135170.0
    1195   -0.016983      440.0
    1196    0.000000        0.0
    1197    0.000000        0.0
    1198   -0.191628     5160.0
    1199   -7.105861   195040.0
    1200   -0.010167        0.0
    1201   -0.494524    13310.0
    1202   -0.169889     4710.0
    1203   -4.417736   122350.0
    1204    0.000000        0.0
    1205    0.000000        0.0
    1206    0.000000        0.0
    1207    0.000000        0.0
    1208 -100.915515  2799220.0
    1209   -0.001743       50.0
    1210    0.000000        0.0
    1211    0.000000        0.0
    1212   -0.006597      190.0
    1213   -0.357194    10000.0
    1214   -2.775253    77930.0
    1215  -47.710654  1335680.0
    1216   -0.046500     1330.0
    1217   -1.110326    31790.0
    1218    0.000000        0.0
    1219    0.000000        0.0
    1220   -0.057434     1630.0
    1221   -6.850743   187160.0
    1222   -0.003434       80.0
    1223   -0.000681        0.0
    1224   -1.391299    39750.0
    1225    0.000000        0.0
    1226   -1.748437    49000.0
    1227   -0.000125        0.0
    1228   -0.036514     1040.0
    1229  -10.497681   274250.0
    1230   -7.358153   197580.0
    1231   -0.000396        0.0
    1232    0.000000        0.0
    1233   -0.060611     1650.0
    1234    0.000000        0.0
    1235    0.000000        0.0
    1236   -7.552306   203240.0
    1237    0.000000        0.0
    1238   -9.194056   243650.0
    1239   -7.223031   196130.0
    1240   -0.109243     3070.0
    1241    0.000000        0.0
    1242   -0.139569     3920.0
    1243   -4.518035   124450.0
    1244   -5.263448   143700.0
    1245   -0.490014    13550.0
    1246   -0.659437    17620.0
    1247   -0.002104       60.0
    1248   -0.104823     2980.0
    1249   -4.217747   118200.0
    1250   -2.132326    60750.0
    1251   -4.274451   119960.0
    1252   -7.705309   208800.0
    1253    0.000000        0.0
    1254   -0.101479     2830.0
    1255  -42.579921  1186900.0
    1256   -5.672493   158370.0
    1257   -0.189792     5310.0
    1258   -3.641330   101650.0
    1259   -0.115281     3240.0
    1260   -2.361767    66180.0
    1261   -0.082615     2340.0
    1262    0.000000        0.0
    1263   -0.011264      320.0
    1264   -1.077931    29600.0
    1265   -9.053188   246390.0
    1266   -0.000500        0.0
    1267   -3.505236    97520.0
    1268    0.000000        0.0
    1269    0.000000        0.0
    1270   -2.745653    77290.0
    1271   -0.056920     1610.0
    1272   -0.036479     1040.0
    1273   -5.428920   150520.0
    1274   -4.853219   131830.0
    1275   -0.021785      570.0
    1276    0.000000        0.0
    1277    0.000000        0.0
    1278    0.000000        0.0
    1279   -5.516997   153430.0
    1280    0.000000        0.0
    1281    0.000000        0.0
    1282    0.000000        0.0
    1283   -0.054813     1560.0
    1284   -4.105385   114820.0
    1285   -4.245594   118100.0
    1286    0.000000        0.0
    1287    0.000000        0.0
    1288  -11.186861   312580.0
    1289    0.000000        0.0
    1290  -12.264656   346490.0
    1291   -0.001118        0.0
    1292   -6.486267   174700.0
    1293    0.000000        0.0
    1294    0.000000        0.0
    1295   -4.597879   127350.0
    1296   -1.576028    41100.0
    1297    0.000000        0.0
    1298   -0.030264      760.0
    1299  -10.059868   279780.0
    1300   -0.053771     1530.0
    1301  -16.087698   454820.0
    1302   -8.411326   237980.0
    1303   -0.001736       50.0
    1304   -0.062323     1770.0
    1305  -27.130931   747600.0
    1306    0.000000        0.0
    1307   -0.005556      160.0
    1308   -1.501990    41290.0
    1309    0.000000        0.0
    1310   -0.090587     2580.0
    1311   -4.943365   136340.0
    1312   -0.043479      380.0
    1313  -28.849064   799720.0
    1314   -0.087368     2460.0
    1315   -0.000351        0.0
    1316    0.000000        0.0
    1317   -0.121122     3440.0
    1318    0.000000        0.0
    1319   -3.135260    88690.0
    1320    0.000000        0.0
    1321   -4.218083   118400.0
    1322    0.000000        0.0
    1323   -0.082167     2340.0
    1324    0.000000        0.0
    1325    0.000000        0.0
    1326   -3.208889    89970.0
    1327   -2.849066    79750.0
    1328   -2.487948    70900.0
    1329   -2.842125    80380.0
    1330   -2.698688    74910.0
    1331   -0.046017     1270.0
    1332  -13.444236   345400.0
    1333   -0.150587     4200.0
    1334   -6.258573   167900.0
    1335   -0.021806      590.0
    1336   -0.779163    20160.0
    1337   -6.370781   172680.0
    1338   -4.257642   114590.0
    1339   -4.150851   115900.0
    1340  -10.269048   273410.0
    1341   -0.040128     1140.0
    1342    0.000000        0.0
    1343   -0.000163        0.0
    1344  -19.083785   504990.0
    1345   -0.207191     5700.0
    1346   -0.040160     1140.0
    1347   -0.016747      480.0
    1348    0.000000        0.0
    1349   -4.398677   122720.0
    1350   -0.105243     2990.0
    1351   -0.163153     4520.0
    1352   -0.054955     1560.0
    1353   -0.158108     4390.0
    1354    0.000000        0.0
    1355    0.000000        0.0
    1356   -6.188719   170580.0
    1357    0.000000        0.0
    1358    0.000000        0.0
    1359    0.000000        0.0
    1360   -6.168444   165750.0
    1361   -6.702868   184200.0
    1362   -5.952955   161160.0
    1363  -21.004396   538340.0
    1364    0.000000        0.0
    1365    0.000000        0.0
    1366    0.000000        0.0
    1367   -0.195118     5500.0
    1368   -0.161062     4560.0
    1369   -0.021993      580.0
    1370   -0.019826      560.0
    1371    0.000000        0.0
    1372   -5.402601   151270.0
    1373    0.000000        0.0
    1374    0.000000        0.0
    1375   -0.074313     2110.0
    1376   -0.299021     8000.0
    1377    0.000000        0.0
    1378   -3.761601   105940.0
    1379    0.000000        0.0
    1380   -0.249764     7190.0
    1381    0.000000        0.0
    1382   -2.703174    76740.0
    1383   -0.027521      790.0
    1384    0.000000        0.0
    1385   -8.316844   226060.0
    1386    0.000000        0.0
    1387    0.000000        0.0
    1388  -23.253881   662670.0
    1389    0.000000        0.0
    1390    0.000000        0.0
    1391   -4.315840   119170.0
    1392   -0.284628     7920.0
    1393   -3.857267   105360.0
    1394   -1.116306    30230.0
    1395   -2.132757    60970.0
    1396    0.000000        0.0
    1397   -2.350104    66710.0
    1398   -0.537743    15470.0
    1399   -0.030368      870.0
    1400   -0.091156     2600.0
    1401   -0.038778     1110.0
    1402   -5.122639   143610.0
    1403   -0.027625      790.0
    1404   -0.027972      760.0
    1405   -0.037031     1060.0
    1406   -1.282069    36070.0
    1407   -8.123993   219220.0
    1408    0.000000        0.0
    1409  -18.164062   500910.0
    1410    0.000000        0.0
    1411   -2.513118    70010.0
    1412   -5.483417   151800.0
    1413   -3.904823   107920.0
    1414    0.000000        0.0
    1415    0.000000        0.0
    1416    0.000000        0.0
    1417    0.000000        0.0
    1418    0.000000        0.0
    1419   -0.000941        0.0
    1420  -22.681885   565500.0
    1421  -18.178955   467070.0
    1422  -21.875594   553160.0
    1423   -4.041375   114000.0
    1424   -0.005090        0.0
    1425   -9.456583   259290.0
    1426    0.000000        0.0
    1427   -6.332038   173340.0
    1428   -0.449896    11800.0
    1429   -5.274198   145710.0
    1430   -0.973875    24080.0
    1431   -0.092434     2630.0
    1432    0.000000        0.0
    1433   -0.090663     2580.0
    1434   -3.405798    96010.0
    1435    0.000000        0.0
    1436   -0.082184     2340.0
    1437   -0.121503     3450.0
    1438   -3.169629    89140.0
    1439  -12.401028   328080.0
    1440    0.000000        0.0
    1441   -0.058368     1650.0
    1442   -8.692774   219230.0
    1443    0.000000        0.0
    1444   -0.002788       70.0
    1445   -0.072358     2010.0
    1446  -26.963517   669070.0
    1447    0.000000        0.0
    1448  -17.674711   469180.0
    1449  -19.040618   497590.0
    1450    0.000000        0.0
    1451   -0.045806     1270.0
    1452   -0.000194        0.0
    1453   -0.045194     1270.0
    1454   -0.000201        0.0
    1455    0.000000        0.0
    1456    0.000000        0.0
    1457   -5.359368   149910.0
    1458   -0.019885      570.0
    1459    0.000000        0.0
    1460   -3.968663   110220.0
    1461   -0.013542      390.0
    1462   -3.332184    87720.0
    1463    0.000000        0.0
    1464   -0.067833        0.0
    1465    0.000000        0.0
    1466   -3.598708   101240.0
    1467  -16.527073   415200.0
    1468    0.000000        0.0
    1469  -11.148444   283840.0
    1470    0.000000        0.0
    1471    0.000000        0.0
    1472   -3.335094    92350.0
    1473    0.000000        0.0
    1474    0.000000        0.0
    1475   -0.091080     2580.0
    1476   -3.811924   104180.0
    1477   -2.625799    73750.0
    1478  -20.999920   594410.0
    1479   -0.002778       80.0
    1480   -0.019097      550.0
    1481   -4.812996   130680.0
    1482   -6.289687   169060.0
    1483    0.000000        0.0
    1484   -5.580993   154610.0
    1485 -136.965237  3614530.0
    1486    0.000000        0.0
    1487    0.000000        0.0
    1488    0.000000        0.0
    1489    0.000000        0.0
    1490   -5.773070   160570.0
    1491    0.000000        0.0
    1492    0.000000        0.0
    1493    0.000000        0.0
    1494    0.000000        0.0
    1495    0.000000        0.0
    1496  -14.988216   390120.0
    1497    0.000000        0.0
    1498   -0.076854     2160.0
    1499   -0.066517     1860.0
    1500   -0.945806    25330.0
    1501  -13.399444   353070.0
    1502   -0.422906    11570.0
    1503   -0.160486     4100.0
    1504   -0.005448        0.0
    1505   -0.000274        0.0
    1506   -0.890052    23040.0
    1507  -13.762601   344400.0
    1508  -15.031406   393650.0
    1509    0.000000        0.0
    1510   -0.000438        0.0
    1511   -0.024500      700.0
    1512   -3.994778   111130.0
    1513   -7.444632   204960.0
    1514    0.000000        0.0
    1515    0.000000        0.0
    1516   -9.576788   268120.0
    1517   -0.072830     1920.0
    1518   -0.027986      800.0
    1519   -0.020833      600.0
    1520   -6.254719   168500.0
    1521    0.000000        0.0
    1522   -7.018496   188620.0
    1523   -1.149087    31800.0
    1524  -20.782271   534120.0
    1525   -0.289788     7250.0
    1526    0.000000        0.0
    1527    0.000000        0.0
    1528    0.000000        0.0
    1529  -11.450809   304840.0
    1530  -89.064444  2142930.0
    1531    0.000000        0.0
    1532  -22.193504   612050.0
    1533    0.000000        0.0
    1534  -22.109472   598600.0
    1535   -0.002823       70.0
    1536   -0.000396       10.0
    1537   -0.325736     8690.0
    1538   -1.484948    39040.0
    1539  -76.821543  2131430.0
    1540    0.000000        0.0
    1541   -0.191483     5350.0
    1542    0.000000        0.0
    1543   -2.564587    72260.0
    1544    0.000000        0.0
    1545   -2.118323    59970.0
    1546   -2.123517    59720.0
    1547   -0.067795     1900.0
    1548   -0.054448     1530.0
    1549   -0.163413        0.0
    1550    0.000000        0.0
    1551    0.000000        0.0
    1552    0.000000        0.0
    1553    0.000000        0.0
    1554    0.000000        0.0
    1555    0.000000        0.0
    1556    0.000000        0.0
    1557  -23.173399   595280.0
    1558    0.000000        0.0
    1559   -0.023087      660.0
    1560    0.000000        0.0
    1561   -4.700816   131890.0
    1562   -0.060191     1720.0
    1563   -4.458278   125190.0
    1564    0.000000        0.0
    1565   -0.049174     1400.0
    1566   -0.074313     2110.0
    1567   -5.232833   144440.0
    1568   -3.867521   106830.0
    1569   -4.443410   124560.0
    1570   -0.016021      460.0
    1571    0.000000        0.0
    1572   -4.190531   120620.0
    1573   -0.080052     2280.0
    1574   -2.883701    81330.0
    1575   -1.745094    49460.0
    1576   -0.053382     1520.0
    1577   -8.684594   238320.0
    1578   -0.000382        0.0
    1579   -0.372708     9630.0
    1580  -14.950396   393670.0
    1581    0.000000        0.0
    1582   -0.100635     2750.0
    1583    0.000000        0.0
    1584    0.000000        0.0
    1585  -10.400729   275390.0
    1586  -27.122233   741900.0
    1587  -17.059576   445040.0
    1588   -0.024951      690.0
    1589    0.000000        0.0
    1590   -0.001736       50.0
    1591   -0.113635     3210.0
    1592   -8.640757   236930.0
    1593   -0.221615     6200.0
    1594   -0.038052     1080.0
    1595   -0.101160     2850.0
    1596    0.000000        0.0
    1597   -0.140292     3920.0
    1598   -0.073431     2080.0
    1599   -7.783823   215280.0
    1600   -0.003135       90.0
    1601    0.000000        0.0
    1602   -3.941726   111750.0
    1603  -12.295556   323780.0
    1604   -0.000010        0.0
    1605   -0.213122     5860.0
    1606   -0.001017        0.0
    1607  -12.651205   340940.0
    1608  -14.791399   392170.0
    1609   -0.031688        0.0
    1610   -0.461476    11970.0
    1611   -9.418101   255410.0
    1612  -11.479108   309740.0
    1613  -18.473201   484820.0
    1614   -0.000524        0.0
    1615   -0.105160     2990.0
    1616   -0.045497     1300.0
    1617   -3.118854    87460.0
    1618   -0.004861      140.0
    1619  -74.983534  1988440.0
    1620  -14.223042   373710.0
    1621   -8.598240   231560.0
    1622  -14.959903   389460.0
    1623    0.000000        0.0
    1624   -0.018785        0.0
    1625    0.000000        0.0
    1626   -0.133403     3760.0
    1627   -0.202774     5600.0
    1628  -18.643365   493390.0
    1629   -1.552667    43840.0
    1630    0.000000        0.0
    1631   -0.290934     8120.0
    1632   -1.025292    23640.0
    1633   -2.232851    63020.0
    1634    0.000000        0.0
    1635    0.000000        0.0
    1636    0.000000        0.0
    1637    0.000000        0.0
    1638    0.000000        0.0
    1639   -0.016052      460.0
    1640    0.000000        0.0
    1641    0.000000        0.0
    1642   -0.016052      460.0
    1643  -21.790889   549930.0
    1644  -15.336195   406020.0
    1645   -0.099826     2500.0
    1646    0.000000        0.0
    1647   -2.523628    71320.0
    1648   -0.127858     3630.0
    1649    0.000000        0.0
    1650   -0.097038     2760.0
    1651   -1.009163    28850.0
    1652   -0.022354      640.0
    1653   -0.000069        0.0
    1654   -6.900035   190860.0
    1655    0.000000        0.0
    1656   -0.032083      660.0
    1657  -20.848462   528390.0
    1658  -25.586021   643030.0
    1659    0.000000        0.0
    1660    0.000000        0.0
    1661    0.000000        0.0
    1662    0.000000        0.0
    1663    0.000000        0.0
    1664   -2.373420    67200.0
    1665    0.000000        0.0
    1666   -0.034795      990.0
    1667    0.000000        0.0
    1668   -2.259052    64040.0
    1669    0.000000        0.0
    1670   -5.927299   144080.0
    1671    0.000000        0.0
    1672    0.000000        0.0
    1673  -15.018302   419240.0
    1674    0.000000        0.0
    1675   -6.651743   181060.0
    1676    0.000000        0.0
    1677   -8.389635   225200.0
    1678   -0.164757     4640.0
    1679    0.000000        0.0
    1680   -0.024115      690.0
    1681   -0.035076     1000.0
    1682   -7.900201   217300.0
    1683   -3.046156    85480.0
    1684   -0.041021     1170.0
    1685    0.000000        0.0
    1686   -6.244837   174180.0
    1687    0.000000        0.0
    1688   -2.735413    77140.0
    1689    0.000000        0.0
    1690    0.000000        0.0
    1691    0.000000        0.0
    1692   -0.011601      330.0
    1693   -3.203701    88230.0
    1694    0.000000        0.0
    1695   -4.147007   116870.0
    1696    0.000000        0.0
    1697   -0.001736       50.0
    1698   -4.301323   118880.0
    1699   -2.643601    74340.0
    1700   -0.052705     1510.0
    1701    0.000000        0.0
    1702   -3.219896    90540.0
    1703   -6.315931   172140.0
    1704   -3.061847    83890.0
    1705   -7.885930   215150.0
    1706    0.000000        0.0
    1707   -0.059292     1680.0
    1708  -49.696180  1318070.0
    1709   -0.088757     2520.0
    1710  -18.935226   510240.0
    1711   -0.396979    11020.0
    1712   -0.882594    24060.0
    1713   -0.073628     2090.0
    1714   -0.903455    24810.0
    1715    0.000000        0.0
    1716   -2.209129    62430.0
    1717    0.000000        0.0
    1718    0.000000        0.0
    1719   -5.901993   162060.0
    1720   -0.058503     1660.0
    1721    0.000000        0.0
    1722  -29.095892   805010.0
    1723   -3.758559   105620.0
    1724    0.000000        0.0
    1725    0.000000        0.0
    1726   -2.277615    64500.0
    1727   -0.072882     2050.0
    1728    0.000000        0.0
    1729   -0.142451     3960.0
    1730   -5.656670   156240.0
    1731   -9.122507   247420.0
    1732   -0.013247      380.0
    1733   -0.000003        0.0
    1734    0.000000        0.0
    1735    0.000000        0.0
    1736   -1.871392    53150.0
    1737    0.000000        0.0
    1738    0.000000        0.0
    1739   -0.051410     1470.0
    1740    0.000000        0.0
    1741   -0.086500     2280.0
    1742   -4.889281   137080.0
    1743    0.000000        0.0
    1744  -12.145719   324140.0
    1745   -0.052396     1480.0
    1746    0.000000        0.0
    1747   -4.484941   125250.0
    1748   -0.010417      300.0
    1749    0.000000        0.0
    1750    0.000000        0.0
    1751    0.000000        0.0
    1752   -4.479708   124370.0
    1753    0.000000        0.0
    1754    0.000000        0.0
    1755    0.000000        0.0
    1756    0.000000        0.0
    1757    0.000000        0.0
    1758    0.000000        0.0
    1759   -0.296049      920.0
    1760   -0.820229    23500.0
    1761   -0.630330    18030.0
    1762   -7.088347   198540.0
    1763   -9.993035   275430.0
    1764    0.000000        0.0
    1765   -7.531646   205070.0
    1766   -0.016052      460.0
    1767    0.000000        0.0
    1768    0.000000        0.0
    1769  -11.099441   298750.0
    1770    0.000000        0.0
    1771   -0.382132    10660.0
    1772   -0.130861     3680.0
    1773   -0.012556      360.0
    1774    0.000000        0.0
    1775  -12.589333   338620.0
    1776   -8.153903   226210.0
    1777  -67.355257  1769510.0
    1778    0.000000        0.0
    1779   -0.122920     3490.0
    1780    0.000000        0.0
    1781    0.000000        0.0
    1782    0.000000        0.0
    1783   -2.914260    81170.0
    1784    0.000000        0.0
    1785   -4.446552   122840.0
    1786    0.000000        0.0
    1787    0.000000        0.0
    1788    0.000000        0.0
    1789    0.000000        0.0
    1790  -18.121851   478560.0
    1791   -0.048920     1380.0
    1792   -0.129128     3520.0
    1793   -6.061889   166430.0
    1794   -2.111924    55680.0
    1795    0.000000        0.0
    1796    0.000000        0.0
    1797    0.000000        0.0
    1798   -5.609083   151890.0
    1799   -0.032111      920.0
    1800   -0.131837     3720.0
    1801   -0.082476     2340.0
    1802   -0.325122     9230.0
    1803    0.000000        0.0
    1804   -1.407691    39850.0
    1805   -0.121497     3450.0
    1806   -2.903410    82410.0
    1807   -0.100698     2830.0
    1808   -6.739239   185180.0
    1809   -0.000010        0.0
    1810  -75.484074  2024950.0
    1811   -3.971021   108290.0
    1812   -4.477451   123850.0
    1813   -0.051135     1460.0
    1814   -0.142330     4020.0
    1815    0.000000        0.0
    1816  -12.683847   335720.0
    1817    0.000000        0.0
    1818    0.000000        0.0
    1819   -0.000066        0.0
    1820    0.000000        0.0
    1821  -22.256844   569680.0
    1822  -21.095979   537550.0
    1823   -3.273882    92560.0
    1824   -0.007986      230.0
    1825   -0.012500      360.0
    1826    0.000000        0.0
    1827   -2.237920    63380.0
    1828   -3.446479    96990.0
    1829    0.000000        0.0
    1830   -0.038823     1110.0
    1831  -68.617081  1669120.0
    1832  -21.512920   559430.0
    1833    0.000000        0.0
    1834    0.000000        0.0
    1835    0.000000        0.0
    1836   -0.000569        0.0
    1837   -7.747795   208640.0
    1838   -6.434694   175120.0
    1839   -4.961233   124080.0
    1840   -0.084851     2400.0
    1841    0.000000        0.0
    1842   -0.082615     2340.0
    1843   -0.010448      300.0
    1844   -0.037854     1080.0
    1845    0.000000        0.0
    1846    0.000000        0.0
    1847   -5.307441   148090.0
    1848   -4.896556   136940.0
    1849    0.000000        0.0
    1850    0.000000        0.0
    1851    0.000000        0.0
    1852    0.000000        0.0
    1853    0.000000        0.0
    1854    0.000000        0.0
    1855    0.000000        0.0
    1856    0.000000        0.0
    1857    0.000000        0.0
    1858   -0.003535      100.0
    1859   -7.235278   195390.0
    1860   -0.149510     4200.0
    1861   -0.070559     1980.0
    1862   -8.555837   228640.0
    1863   -7.160201   196590.0
    1864   -0.790049     8140.0
    1865   -0.001181       20.0
    1866    0.000000        0.0
    1867    0.000000        0.0
    1868    0.000000        0.0
    1869   -5.672083   155450.0
    1870    0.000000        0.0
    1871  -16.441462   459250.0
    1872   -0.048458     1380.0
    1873   -3.909528   109530.0
    1874   -7.094490   199380.0
    1875   -6.696191   185920.0
    1876   -4.007906   112700.0
    1877    0.000000        0.0
    1878   -2.250417    63790.0
    1879    0.000000        0.0
    1880    0.000000        0.0
    1881    0.000000        0.0
    1882   -1.581417    44700.0
    1883  -26.123820   655640.0
    1884   -1.362372    36790.0
    1885  -23.697837   607560.0
    1886    0.000000        0.0
    1887  -12.612656   337160.0
    1888    0.000000        0.0
    1889    0.000000        0.0
    1890    0.000000        0.0
    1891   -0.000302        0.0
    1892   -6.978833   186540.0
    1893  -11.187087   296110.0
    1894   -0.069587     1980.0
    1895   -0.189038     5160.0
    1896   -0.189128     5160.0
    1897    0.000000        0.0
    1898    0.000000        0.0
    1899    0.000000        0.0
    1900   -9.038431   232320.0
    1901   -0.000097        0.0
    1902   -6.587118   178690.0
    1903    0.000000        0.0
    1904    0.000000        0.0
    1905    0.000000        0.0
    1906   -4.690264   127980.0
    1907   -0.000708        0.0
    1908  -25.219580   675730.0
    1909   -7.240976   199790.0
    1910  -19.679459   513990.0
    1911   -8.866920   244280.0
    1912   -6.047625   168670.0
    1913   -0.099882     2820.0
    1914   -0.016052      460.0
    1915    0.000000        0.0
    1916  -30.044996   746560.0
    1917  -26.291087   665330.0
    1918    0.000000        0.0
    1919   -9.370274   254140.0
    1920    0.000000        0.0
    1921   -6.053118   165300.0
    1922   -5.077375   140850.0
    1923    0.000000        0.0
    1924   -1.602549    45470.0
    1925   -3.784361   105270.0
    1926    0.000000        0.0
    1927    0.000000        0.0
    1928   -0.050229     1440.0
    1929    0.000000        0.0
    1930    0.000000        0.0
    1931    0.000000        0.0
    1932   -0.117639     3320.0
    1933   -0.190781     5350.0
    1934    0.000000        0.0
    1935  -17.005580   444620.0
    1936    0.000000        0.0
    1937  -21.672837   553940.0
    1938  -19.734219   513610.0
    1939   -0.001865       30.0
    1940   -1.825208    48540.0
    1941   -4.055122   113050.0
    1942   -0.708017    17990.0
    1943    0.000000        0.0
    1944   -0.049236     1400.0
    1945  -40.883654  1078540.0
    1946   -0.053444     1510.0
    1947   -0.080559     2280.0
    1948   -0.142069     4000.0
    1949    0.000000        0.0
    1950   -4.964045   138010.0
    1951   -2.864726    80810.0
    1952   -9.133347   249780.0
    1953    0.000000        0.0
    1954   -0.026503      760.0
    1955   -3.145826    89000.0
    1956    0.000000        0.0
    1957   -2.374559    67590.0
    1958    0.000000        0.0
    1959    0.000000        0.0
    1960    0.000000        0.0
    1961   -0.006250      180.0
    1962   -2.782851    78070.0
    1963   -1.129677    30150.0
    1964   -1.079719    28240.0
    1965   -5.491167   149740.0
    1966   -0.000281        0.0
    1967   -1.019576    28730.0
    1968   -2.116545    60130.0
    1969    0.000000        0.0
    1970   -0.031069      890.0
    1971   -7.511812   204690.0
    1972   -0.000167        0.0
    1973   -1.096035    29600.0
    1974   -0.009979        0.0
    1975  -15.794243   422890.0
    1976   -0.098212     2750.0
    1977    0.000000        0.0
    1978   -1.722660    48830.0
    1979    0.000000        0.0
    1980   -0.002431       70.0
    1981    0.000000        0.0
    1982   -2.482580    70440.0
    1983    0.000000        0.0
    1984   -6.359198   176650.0
    1985   -0.005566      160.0
    1986   -4.896118   134560.0
    1987   -5.432889   120660.0
    1988   -4.537288   124570.0
    1989    0.000000        0.0
    1990   -0.100667     2830.0
    1991    0.000000        0.0
    1992    0.000000        0.0
    1993   -3.295410    90480.0
    1994    0.000000        0.0
    1995    0.000000        0.0
    1996    0.000000        0.0
    1997   -0.018486      530.0
    1998   -0.032215      920.0
    1999   -0.003118       80.0
    2000   -0.004566      100.0
    2001   -0.008271      190.0
    2002   -0.060233     1660.0
    2003   -0.224896     6190.0
    2004   -0.184625     5110.0
    2005   -5.970347   169790.0
    2006    0.000000        0.0
    2007   -0.630153    16040.0
    2008   -0.152212     4290.0
    2009   -0.137660     3460.0
    2010   -0.000080        0.0
    2011   -5.990691   167690.0
    2012   -4.955854   139600.0
    2013   -0.100528     2830.0
    2014   -0.000083        0.0
    2015    0.000000        0.0
    2016   -1.902608    54210.0
    2017   -1.724913    48990.0
    2018   -0.128205     3640.0
    2019   -5.171493   145090.0
    2020  -10.128716   276520.0
    2021   -8.872847   245190.0
    2022   -0.185764     5160.0
    2023    0.000000        0.0
    2024    0.000000        0.0
    2025   -3.767767   106400.0
    2026   -7.356722   204510.0
    2027  -27.516885   757190.0
    2028    0.000000        0.0
    2029   -0.000861        0.0
    2030   -7.864691   217470.0
    2031    0.000000        0.0
    2032   -0.026611      760.0
    2033    0.000000        0.0
    2034    0.000000        0.0
    2035    0.000000        0.0
    2036   -7.618448   212430.0
    2037   -0.102639     2850.0
    2038   -4.342361   122600.0
    2039    0.000000        0.0
    2040   -5.599351   152670.0
    2041    0.000000        0.0
    2042    0.000000        0.0
    2043    0.000000        0.0
    2044   -0.249368     6710.0
    2045   -3.779635    84350.0
    2046   -0.226413     6110.0
    2047   -0.000372        0.0
    2048   -0.090858     2580.0
    2049    0.000000        0.0
    2050   -0.006483      170.0
    2051    0.000000        0.0
    2052  -23.966708   655120.0
    2053   -7.407309   202230.0
    2054    0.000000        0.0
    2055   -2.162851    60460.0
    2056   -2.370677    66160.0
    2057    0.000000        0.0
    2058    0.000000        0.0
    2059   -4.543420   125520.0
    2060   -1.266684    36270.0
    2061   -4.225455   116740.0
    2062   -0.162618     3260.0
    2063    0.000000        0.0
    2064   -0.085267     2420.0
    2065   -0.010764      310.0
    2066   -0.057806     1640.0
    2067    0.000000        0.0
    2068   -2.122844    60220.0
    2069   -5.045969   141370.0
    2070   -2.720601    77150.0
    2071   -0.000250        0.0
    2072  -21.032597   529720.0
    2073    0.000000        0.0
    2074   -0.011139      310.0
    2075   -8.869115   236770.0
    2076    0.000000        0.0
    2077   -7.188920   195370.0
    2078    0.000000        0.0
    2079   -0.935257    25040.0
    2080   -3.941840   108770.0
    2081   -0.448132    12280.0
    2082   -0.262021     6560.0
    2083    0.000000        0.0
    2084    0.000000        0.0
    2085    0.000000        0.0
    2086    0.000000        0.0
    2087    0.000000        0.0
    2088    0.000000        0.0
    2089   -0.000562        0.0
    2090    0.000000        0.0
    2091  -30.869567   774180.0
    2092   -0.009799      280.0
    2093  -31.324336   785450.0
    2094  -36.569833   874740.0
    2095  -17.700580   458440.0
    2096    0.000000        0.0
    2097  -15.902611   403990.0
    2098   -0.159747     2950.0
    2099    0.000000        0.0
    2100   -6.632917   183090.0
    2101   -0.052069     1480.0
    2102    0.000000        0.0
    2103  -54.828524  1394170.0
    2104   -4.380618   121670.0
    2105   -2.285927    62440.0
    2106   -1.623965    43800.0
    2107    0.000000        0.0
    2108   -0.343760     9440.0
    2109   -0.076556     2160.0
    2110    0.000000        0.0
    2111   -6.281087   171840.0
    2112    0.000000        0.0
    2113    0.000000        0.0
    2114    0.000000        0.0
    2115   -0.603542    15590.0
    2116   -0.068753     1940.0
    2117   -0.003920       80.0
    2118   -0.081583     2270.0
    2119    0.000000        0.0
    2120    0.000000        0.0
    2121    0.000000        0.0
    2122    0.000000        0.0
    2123  -45.705750  1110470.0
    2124   -0.001733        0.0
    2125  -10.851972   289430.0
    2126    0.000000        0.0
    2127    0.000000        0.0
    2128   -0.232861     3260.0
    2129  -24.833118   641760.0
    2130  -19.573941   491980.0
    2131    0.000000        0.0
    2132   -6.649500   182560.0
    2133    0.000000        0.0
    2134   -3.456910    97480.0
    2135   -8.032379   223600.0
    2136   -0.004208      120.0
    2137   -1.796875    51110.0
    2138    0.000000        0.0
    2139    0.000000        0.0
    2140    0.000000        0.0
    2141    0.000000        0.0
    2142    0.000000        0.0
    2143    0.000000        0.0
    2144   -0.058372     1650.0
    2145  -57.512751  1530100.0
    2146  -12.965906   342640.0
    2147  -11.673944   314650.0
    2148   -0.076819     2150.0
    2149   -7.154434   196470.0
    2150   -1.913663    47290.0
    2151   -1.151573    30230.0
    2152   -0.068330     1940.0
    2153   -4.895115   135090.0
    2154   -5.008792   138020.0
    2155   -0.000118        0.0
    2156   -0.217781     6090.0
    2157   -0.092146      170.0
    2158   -0.223684     6230.0
    2159   -0.089674     2540.0
    2160   -7.434615   206550.0
    2161   -0.062323     1770.0
    2162  -61.489337  1705180.0
    2163    0.000000        0.0
    2164  -26.523591   669130.0
    2165  -19.386757   491330.0
    2166  -29.748188   753380.0
    2167    0.000000        0.0
    2168   -0.297302     8310.0
    2169   -0.449201    12370.0
    2170   -0.439063    11340.0
    2171   -0.348465     9030.0
    2172  -12.053653   326960.0
    2173   -0.176066     4890.0
    2174  -15.031781   402790.0
    2175    0.000000        0.0
    2176   -0.196872     5500.0
    2177    0.000000        0.0
    2178  -82.861900  2171290.0
    2179    0.000000        0.0
    2180    0.000000        0.0
    2181    0.000000        0.0
    2182   -2.930233    83160.0
    2183   -3.855521   107520.0
    2184   -0.254125     7010.0
    2185   -0.049174     1400.0
    2186   -0.074313     2110.0
    2187    0.000000        0.0
    2188    0.000000        0.0
    2189    0.000000        0.0
    2190    0.000000        0.0
    2191   -0.000201        0.0
    2192   -3.585340   100000.0
    2193   -0.000104        0.0
    2194   -4.459253   123030.0
    2195    0.000000        0.0
    2196   -0.011111      320.0
    2197   -5.835858   162050.0
    2198   -1.927993    54910.0
    2199   -3.993149   110570.0
    2200   -0.132528     3760.0
    2201   -0.184288     5180.0
    2202   -7.842580   213730.0
    2203    0.000000        0.0
    2204    0.000000        0.0
    2205   -0.054215     1550.0
    2206   -0.012198      350.0
    2207   -2.689347    76390.0
    2208   -2.929944    82260.0
    2209   -1.270875    36020.0
    2210   -1.139944    32520.0
    2211   -1.046684    29990.0
    2212    0.000000        0.0
    2213   -7.949573   225620.0
    2214   -0.011847      340.0
    2215    0.000000        0.0
    2216  -12.734729   320290.0
    2217    0.000000        0.0
    2218   -7.820844   216660.0
    2219  -12.658576   363950.0
    2220    0.000000        0.0
    2221    0.000000        0.0
    2222    0.000000        0.0
    2223  -17.908764   470510.0
    2224   -0.341601     8390.0
    2225    0.000000        0.0
    2226  -26.230340   646550.0
    2227   -3.190896    90390.0
    2228    0.000000        0.0
    2229   -1.583222    45350.0
    2230   -2.871017    81310.0
    2231   -0.148542     4240.0
    2232    0.000000        0.0
    2233   -1.141649    32590.0
    2234   -0.010069      290.0
    2235    0.000000        0.0
    2236    0.000000        0.0
    2237   -5.142229   144090.0
    2238   -4.060174   112770.0
    2239   -4.459104   125890.0
    2240    0.000000        0.0
    2241    0.000000        0.0
    2242   -3.219309    91100.0
    2243  -19.022799   500000.0
    2244   -0.137941     3840.0
    2245  -19.432319   512940.0
    2246   -0.131337     3660.0
    2247   -0.462167    12280.0
    2248   -0.413135    11470.0
    2249   -0.021806      380.0
    2250   -0.000934        0.0
    2251  -23.975931   594510.0
    2252   -0.047177       10.0
    2253  -23.343358   582030.0
    2254   -0.136622     3780.0
    2255   -6.917865   176000.0
    2256    0.000000        0.0
    2257    0.000000        0.0
    2258   -0.020271      580.0
    2259    0.000000        0.0
    2260    0.000000        0.0
    2261    0.000000        0.0
    2262    0.000000        0.0
    2263   -9.292635   250610.0
    2264   -7.529722   203550.0
    2265    0.000000        0.0
    2266  -11.215674   299240.0
    2267   -0.266573     7430.0
    2268    0.000000        0.0
    2269    0.000000        0.0
    2270   -0.080649     2280.0
    2271    0.000000        0.0
    2272    0.000000        0.0
    2273    0.000000        0.0
    2274    0.000000        0.0
    2275   -2.710167    75260.0
    2276    0.000000        0.0
    2277    0.000000        0.0
    2278   -3.321878    93050.0
    2279  -16.103285   428360.0
    2280  -14.067802   376450.0
    2281   -0.000274        0.0
    2282   -1.144455    27430.0
    2283    0.000000        0.0
    2284   -4.898139   137130.0
    2285   -3.994892   112570.0
    2286   -3.846844   108430.0
    2287    0.000000        0.0
    2288   -9.103806   250300.0
    2289   -0.124774     3500.0
    2290  -13.480917   334290.0
    2291   -0.000167        0.0
    2292   -0.133167     3750.0
    2293   -3.994042   110810.0