 episode  sum_reward  tardiness
       1   -7.976840   214340.0
       2  -48.731854  1277120.0
       3  -65.269520  1749590.0
       4  -11.238569   271580.0
       5  -41.906353  1102660.0
       6  -12.016934   310120.0
       7 -150.197098  4050470.0
       8  -18.267712   490790.0
       9  -81.404583  2175100.0
      10  -12.281351   331620.0
      11   -9.273017   243870.0
      12  -12.194625   315930.0
      13  -46.325256  1266430.0
      14  -10.966504   285960.0
      15  -51.624308  1374450.0
      16  -20.896156   567060.0
      17  -28.759681   758000.0
      18  -13.502535   338700.0
      19  -41.097521  1115930.0
      20  -54.104080  1417600.0
      21  -58.415872  1550870.0
      22  -14.970490   390220.0
      23   -9.805452   240830.0
      24   -9.922896   263980.0
      25  -55.390562  1454140.0
      26   -7.225420   196380.0
      27  -33.730315   867480.0
      28  -33.631531   931810.0
      29  -62.725697  1684630.0
      30   -6.063524   166800.0
      31  -41.286288  1136070.0
      32  -10.730239   260470.0
      33  -10.293736   269120.0
      34  -66.695778  1742850.0
      35  -11.929576   317300.0
      36  -52.492159  1420250.0
      37  -36.852233  1010320.0
      38  -14.508979   380780.0
      39  -29.348437   789530.0
      40  -30.548055   820440.0
      41   -9.254552   252940.0
      42   -5.011226   139650.0
      43  -10.583115   278380.0
      44  -44.183413  1188010.0
      45  -21.324277   604210.0
      46   -9.740288   259350.0
      47 -105.255316  2864190.0
      48  -82.761659  2295630.0
      49 -159.483565  4316980.0
      50  -32.936902   905700.0
      51 -112.951281  3012000.0
      52  -23.131723   616210.0
      53 -125.852073  3391150.0
      54  -44.911284  1197420.0
      55  -12.293444   308270.0
      56  -12.710441   341900.0
      57  -44.253931  1156440.0
      58  -11.229240   294080.0
      59  -12.184076   325860.0
      60  -13.247121   336010.0
      61  -33.186229   905530.0
      62  -18.975531   504940.0
      63  -12.700771   343390.0
      64  -17.180813   446790.0
      65  -41.065650  1070870.0
      66  -39.512761  1072320.0
      67  -14.628396   381640.0
      68  -45.534913  1192040.0
      69  -22.911955   627710.0
      70   -9.494205   263210.0
      71  -38.438559  1033460.0
      72  -28.258865   764430.0
      73 -112.043979  3022830.0
      74  -77.327548  2101150.0
      75  -26.121511   702570.0
      76  -29.487795   793430.0
      77  -12.380350   327580.0
      78  -13.193934   324670.0
      79  -47.884315  1233710.0
      80  -25.710611   694250.0
      81  -16.287438   442200.0
      82 -127.728829  3464950.0
      83  -12.636031   336550.0
      84  -26.789118   744360.0
      85  -74.783185  2002560.0
      86  -43.458532  1169910.0
      87  -32.880504   893930.0
      88  -38.336212  1060860.0
      89   -5.628695   155900.0
      90  -35.665632   938770.0
      91  -15.154295   406650.0
      92  -21.354726   567150.0
      93  -10.992115   303870.0
      94  -18.362879   499710.0
      95  -49.576215  1345440.0
      96  -34.033642   921370.0
      97  -75.923162  2014140.0
      98  -39.988493  1072090.0
      99   -9.593177   264480.0
     100  -72.203463  1946410.0
     101  -24.209333   667960.0
     102  -37.197747  1007720.0
     103  -57.696888  1520480.0
     104  -60.549970  1624880.0
     105  -15.634476   380490.0
     106  -30.352556   788840.0
     107  -58.834722  1604250.0
     108   -9.528871   256710.0
     109  -29.305483   766180.0
     110  -26.557549   738000.0
     111  -10.316458   258310.0
     112  -42.876205  1163800.0
     113  -13.149094   356430.0
     114   -8.581990   240150.0
     115  -17.027809   458820.0
     116  -19.770979   538890.0
     117  -48.505150  1257600.0
     118  -26.933774   721900.0
     119  -10.250337   272880.0
     120  -25.395067   678750.0
     121  -29.638288   777620.0
     122  -59.219209  1638130.0
     123  -50.981535  1383690.0
     124  -75.299470  1999230.0
     125   -4.542615   126400.0
     126  -19.031361   523280.0
     127  -54.626609  1482700.0
     128  -15.717198   404980.0
     129  -54.027386  1472160.0
     130  -49.539482  1352860.0
     131  -33.604459   912710.0
     132  -34.685674   894750.0
     133  -61.196948  1646140.0
     134  -60.798531  1649230.0
     135  -38.508889  1027910.0
     136  -22.994823   626240.0
     137  -35.454440   973500.0
     138   -9.183170   248220.0
     139  -42.214115  1133020.0
     140  -31.936996   892280.0
     141  -27.252101   734060.0
     142   -5.797017   161080.0
     143  -20.433743   574180.0
     144   -8.351215   225020.0
     145  -25.230993   663430.0
     146  -25.264191   684150.0
     147   -9.659038   258130.0
     148 -112.226973  3035120.0
     149  -58.993055  1600450.0
     150  -72.159139  1908430.0
     151   -5.719771   158680.0
     152   -9.396139   263000.0
     153  -94.320493  2545900.0
     154  -52.764500  1395150.0
     155  -36.350677   998680.0
     156  -32.878962   878020.0
     157  -33.919834   916320.0
     158  -61.874778  1686300.0
     159  -45.967493  1223610.0
     160  -11.390618   277950.0
     161  -10.549410   284260.0
     162  -64.045615  1708530.0
     163  -32.195479   845130.0
     164  -30.335003   796440.0
     165  -30.661934   814560.0
     166  -75.362188  2039370.0
     167  -24.236621   660730.0
     168  -27.966695   770260.0
     169  -46.346344  1287830.0
     170  -24.058611   628840.0
     171  -27.722420   727910.0
     172  -16.267420   424330.0
     173  -28.194080   758020.0
     174  -26.894382   724480.0
     175  -17.609885   480090.0
     176  -15.147115   425240.0
     177   -8.195576   217200.0
     178   -4.868691   134830.0
     179  -51.916507  1372480.0
     180  -52.686225  1433490.0
     181  -23.413479   631210.0
     182  -10.721483   286570.0
     183  -52.693216  1423670.0
     184  -11.326181   301710.0
     185  -48.828272  1309140.0
     186  -11.454323   297670.0
     187  -31.920896   888390.0
     188  -15.124153   409110.0
     189  -57.924050  1589950.0
     190  -78.587159  2112230.0
     191  -25.414291   691990.0
     192  -50.385243  1301000.0
     193  -35.570656   963520.0
     194  -16.532820   460920.0
     195  -12.664556   330090.0
     196  -41.131666  1116020.0
     197  -59.196423  1615840.0
     198  -54.726330  1510090.0
     199   -9.339826   250020.0
     200  -57.606584  1558680.0
     201  -15.151004   426620.0
     202  -44.425750  1172420.0
     203  -49.042045  1346850.0
     204   -5.370351   149760.0
     205  -14.598504   373980.0
     206   -4.661497   130160.0
     207   -8.497059   229520.0
     208   -5.082660   137030.0
     209  -48.529456  1333100.0
     210  -15.124413   418270.0
     211  -29.747337   788040.0
     212  -34.838802   945650.0
     213  -18.418486   478490.0
     214   -9.826708   262180.0
     215  -45.130924  1196770.0
     216  -84.750063  2271690.0
     217  -28.404677   747780.0
     218  -91.849090  2500570.0
     219  -10.736642   272670.0
     220   -7.676236   205330.0
     221   -4.777733   133480.0
     222   -9.665587   256430.0
     223   -8.827486   238130.0
     224  -28.086674   721210.0
     225  -93.866308  2554490.0
     226  -11.061160   293320.0
     227   -6.251233   172000.0
     228  -50.108007  1368620.0
     229  -28.221371   760280.0
     230  -14.707944   405910.0
     231   -5.154389   142190.0
     232  -54.427254  1493040.0
     233  -85.249837  2339020.0
     234  -68.001541  1805870.0
     235   -6.923778   183650.0
     236  -18.725038   511940.0
     237   -5.220552   141260.0
     238  -18.093309   496820.0
     239  -27.148199   714400.0
     240   -1.420271    25400.0
     241  -25.566580   703200.0
     242   -3.970997    99560.0
     243  -11.034108   280100.0
     244  -35.179785   984080.0
     245   -0.339816     5120.0
     246  -13.904572   380830.0
     247  -60.669496  1696200.0
     248  -73.496501  2012620.0
     249  -32.373396   845160.0
     250   -2.388840    63520.0
     251  -17.754871   499080.0
     252   -4.762851   132570.0
     253   -0.169413      360.0
     254   -0.207580     4140.0
     255   -0.223667     1600.0
     256   -1.348111    38090.0
     257   -0.254302     2420.0
     258   -0.076847     2040.0
     259   -2.298708    59970.0
     260   -0.889399    22680.0
     261   -0.317608     4400.0
     262  -25.060070   686660.0
     263   -0.358708     5260.0
     264   -4.053910   113600.0
     265    0.000000        0.0
     266   -0.223635     2590.0
     267  -26.849843   735430.0
     268   -0.085632     2420.0
     269   -0.028576        0.0
     270   -4.110875   114580.0
     271 -105.774044  2959560.0
     272  -19.708559   560230.0
     273   -4.412007   120160.0
     274   -2.182188    53620.0
     275  -22.199062   594380.0
     276  -39.311153  1077410.0
     277   -0.069142        0.0
     278  -33.014048   855840.0
     279   -7.611785   200150.0
     280   -4.530510   124280.0
     281    0.000000        0.0
     282   -8.107819   218500.0
     283   -4.673392   129890.0
     284   -0.085267     2420.0
     285   -2.030434    50960.0
     286   -1.998622    49270.0
     287   -9.185350   255990.0
     288   -1.307979    27700.0
     289  -36.617951  1004870.0
     290   -0.444267    11980.0
     291   -4.547031   125720.0
     292   -7.336229   199840.0
     293   -1.891667    51100.0
     294   -0.437924     3520.0
     295   -0.644115    17280.0
     296  -39.442218  1076050.0
     297   -0.151556     2250.0
     298  -12.464347   306800.0
     299   -0.187073     2420.0
     300   -4.874146   135830.0
     301   -0.613642     7850.0
     302   -4.461917   123220.0
     303   -2.442767    69270.0
     304  -16.446180   451550.0
     305   -2.255861    63500.0
     306   -1.552903    38160.0
     307   -0.968545    22770.0
     308    0.000000        0.0
     309  -33.316705   890680.0
     310    0.000000        0.0
     311   -0.608656    14400.0
     312    0.000000        0.0
     313   -3.208451    84420.0
     314   -2.103948    45890.0
     315   -0.294677     8080.0
     316    0.000000        0.0
     317   -6.748042   177070.0
     318   -0.563146    14630.0
     319   -0.238351     2420.0
     320   -4.351969   120120.0
     321   -0.212118     1220.0
     322   -1.677653    42180.0
     323   -2.459111    66890.0
     324    0.000000        0.0
     325   -0.236347     2420.0
     326   -0.244576     2420.0
     327  -24.761584   676340.0
     328   -4.412423   119780.0
     329  -15.674174   433870.0
     330   -1.684462    47710.0
     331   -1.122705    31350.0
     332   -3.771063    98500.0
     333  -32.417552   857540.0
     334   -1.237629    34530.0
     335   -2.292649    65000.0
     336  -25.828486   697710.0
     337  -86.169494  2480880.0
     338   -0.072601        0.0
     339   -0.049323        0.0
     340   -1.648948    41490.0
     341  -60.200255  1600760.0
     342  -26.469805   716030.0
     343  -46.601980  1246700.0
     344   -0.058674     1600.0
     345   -7.330528   199240.0
     346   -0.029111      830.0
     347   -0.209639     1260.0
     348  -15.065330   382290.0
     349  -16.363225   458380.0
     350   -0.033066      900.0
     351   -0.225819     2580.0
     352   -1.495264    41930.0
     353   -2.079729    58980.0
     354   -0.084997     2420.0
     355  -34.435118   939230.0
     356  -61.622650  1739080.0
     357   -2.596653    60600.0
     358   -0.379594     6310.0
     359   -5.376378   147930.0
     360   -4.522618   123960.0
     361   -0.354927     1600.0
     362   -0.264281     3720.0
     363   -0.212417     2270.0
     364    0.000000        0.0
     365   -6.976097   200170.0
     366   -0.085403     2420.0
     367   -4.531517   114500.0
     368  -14.703524   401110.0
     369   -3.036045    83740.0
     370   -3.651792   102290.0
     371  -14.159726   393420.0
     372   -0.376687     1600.0
     373   -0.084997     2420.0
     374   -0.000108        0.0
     375   -1.856247    45900.0
     376   -8.139979   209510.0
     377   -4.566278   124230.0
     378   -0.223219     2580.0
     379  -10.709906   293640.0
     380    0.000000        0.0
     381   -1.970969    55860.0
     382   -0.084997     2420.0
     383   -0.084997     2420.0
     384   -0.084997     2420.0
     385   -0.427753    10440.0
     386    0.000000        0.0
     387  -13.523594   380420.0
     388  -13.560882   362380.0
     389   -0.244434     2460.0
     390   -0.085403     2420.0
     391   -0.085434     2420.0
     392   -0.317656     8520.0
     393   -0.067153        0.0
     394   -4.687705   130860.0
     395   -0.238635     2420.0
     396   -0.488635     8940.0
     397   -0.042212      830.0
     398   -0.305615     2580.0
     399   -0.024667        0.0
     400   -0.084997     2420.0
     401   -0.057208        0.0
     402   -1.711597    48560.0
     403   -1.274292    33890.0
     404   -0.373142     6200.0
     405   -2.124399    55720.0
     406    0.000000        0.0
     407   -0.084997     2420.0
     408   -2.366983    64600.0
     409  -13.563729   374560.0
     410 -112.378355  3085080.0
     411  -12.689844   352840.0
     412   -0.029250      830.0
     413   -0.211177     1600.0
     414  -35.137246   999090.0
     415  -30.894139   839490.0
     416    0.000000        0.0
     417   -0.243462     2420.0
     418   -0.041389      830.0
     419   -0.085448     2420.0
     420   -0.209878     1600.0
     421   -0.257712     2420.0
     422   -0.006111        0.0
     423  -28.289455   735970.0
     424   -0.085403     2420.0
     425   -0.207639     1140.0
     426   -8.603722   244650.0
     427   -0.238406     2420.0
     428   -4.728038   129670.0
     429   -2.063080    54550.0
     430   -0.084997     2420.0
     431   -0.223090     2580.0
     432   -1.852076    52530.0
     433   -6.035920   172900.0
     434   -0.210253     1270.0
     435   -0.223340     2580.0
     436  -21.582517   597450.0
     437  -10.728969   305670.0
     438    0.000000        0.0
     439   -0.477993    11180.0
     440   -7.897087   214230.0
     441   -0.029389      830.0
     442  -93.344481  2538780.0
     443  -76.844964  2187250.0
     444   -2.640712    64670.0
     445   -0.368972     8940.0
     446   -1.021580    27600.0
     447   -0.520833    14140.0
     448   -0.085514     2420.0
     449   -4.149573   112220.0
     450   -2.208014    59970.0
     451   -8.125406   226180.0
     452   -0.087816     1710.0
     453   -4.334219   124120.0
     454   -0.255260     2190.0
     455   -0.055969     1600.0
     456    0.000000        0.0
     457   -3.716771   104070.0
     458   -4.935045   133080.0
     459   -4.847250   131070.0
     460    0.000000        0.0
     461  -26.369830   707850.0
     462  -94.293917  2714980.0
     463  -16.298465   455710.0
     464   -0.889875    22680.0
     465  -43.427436  1151140.0
     466  -31.991125   847980.0
     467  -41.497966  1123420.0
     468   -0.328271     8950.0
     469   -0.084997     2420.0
     470   -3.873316   108530.0
     471  -26.648427   721950.0
     472    0.000000        0.0
     473   -1.421115    36730.0
     474   -1.460424    35810.0
     475   -0.084997     2420.0
     476  -18.709438   521940.0
     477   -3.406906    89280.0
     478   -0.511031    13230.0
     479   -0.029281      830.0
     480   -0.029111      830.0
     481   -0.343705     5340.0
     482   -0.238642     2420.0
     483  -19.867271   551600.0
     484   -0.718042    17280.0
     485   -0.223160     2580.0
     486  -74.128409  2048740.0
     487  -10.206945   260520.0
     488   -0.084997     2420.0
     489   -0.236340     2420.0
     490  -99.851860  2740100.0
     491    0.000000        0.0
     492   -5.413305   146890.0
     493   -1.692635    48010.0
     494  -17.854698   507720.0
     495   -0.029250      830.0
     496   -0.108365     2250.0
     497   -0.182021      700.0
     498   -1.210649    33770.0
     499   -3.287156    82840.0
     500  -29.527882   803720.0
     501  -32.698771   854650.0
     502   -0.282708     3410.0
     503   -0.116816     2420.0
     504   -1.885625    53060.0
     505   -0.084997     2420.0
     506  -47.219546  1320870.0
     507   -0.084997     2420.0
     508  -38.449439  1072550.0
     509   -1.228465    33770.0
     510    0.000000        0.0
     511   -0.084997     2420.0
     512  -55.305274  1533530.0
     513   -0.151451     2700.0
     514   -0.093382     2420.0
     515   -0.115059     2420.0
     516   -0.039017      830.0
     517   -0.223205     2580.0
     518    0.000000        0.0
     519  -29.827364   791050.0
     520   -0.090681     1730.0
     521  -51.189593  1382640.0
     522  -27.471744   743360.0
     523  -69.261932  1935410.0
     524  -86.136763  2480060.0
     525   -0.084997     2420.0
     526   -2.320833    65160.0
     527   -0.029111      830.0
     528   -1.705899    48390.0
     529   -0.129212     2250.0
     530   -3.973944   113780.0
     531 -117.023466  3187160.0
     532   -3.546031    98940.0
     533   -6.777892   177140.0
     534   -1.256125    33130.0
     535   -3.904198   109250.0
     536  -21.416597   592680.0
     537   -0.084997     2420.0
     538   -0.027913      800.0
     539   -0.184108      620.0
     540   -2.523087    69030.0
     541   -0.030132      830.0
     542   -0.008139      230.0
     543   -1.391281    39260.0
     544   -2.208753    59970.0
     545   -6.973413   187830.0
     546  -18.348979   510900.0
     547   -0.339913     5280.0
     548    0.000000        0.0
     549   -1.408823    34800.0
     550  -23.099635   625980.0
     551   -3.696701   103370.0
     552  -93.920627  2559540.0
     553   -3.331660    90570.0
     554   -3.853896    99380.0
     555   -0.000063        0.0
     556   -0.181389     2250.0
     557   -0.296087     4650.0
     558   -1.625819    40810.0
     559   -1.028979    20880.0
     560   -0.085604     2420.0
     561   -0.535917     5970.0
     562   -1.773524    50390.0
     563   -4.792663   129430.0
     564   -3.153316    84210.0
     565   -0.246031     2420.0
     566   -0.241115     2420.0
     567   -3.955990   106800.0
     568   -3.023111    83380.0
     569   -3.552305    98990.0
     570  -14.364306   368690.0
     571   -2.466653    68740.0
     572    0.000000        0.0
     573   -0.240774     2420.0
     574  -33.339312   909320.0
     575   -0.835694    22860.0
     576   -0.243476     2420.0
     577   -0.023250        0.0
     578   -0.181354      700.0
     579  -98.677105  2813710.0
     580  -34.912456   976610.0
     581   -0.042625      830.0
     582   -0.070976     1420.0
     583  -12.891906   321040.0
     584   -0.243229     2420.0
     585    0.000000        0.0
     586   -1.173733    29730.0
     587   -1.721642    48830.0
     588   -0.054781     1480.0
     589  -50.291392  1384580.0
     590   -2.385819    66360.0
     591    0.000000        0.0
     592   -0.195108     2420.0
     593  -33.076201   858840.0
     594  -44.405354  1185510.0
     595   -4.150837   112220.0
     596   -2.263389    61650.0
     597   -0.084997     2420.0
     598   -0.157253     4500.0
     599   -0.255472     1180.0
     600   -4.789851   133740.0
     601   -2.412555    66820.0
     602   -0.567128    15130.0
     603   -3.880035   105190.0
     604   -1.759726    49910.0
     605    0.000000        0.0
     606   -0.955920    24570.0
     607   -0.255503     1260.0
     608   -0.085566     2420.0
     609    0.000000        0.0
     610  -34.248657   969990.0
     611   -2.365070    67060.0
     612  -15.690011   398890.0
     613   -5.156757   141250.0
     614   -2.689424    76250.0
     615   -2.265153    64210.0
     616   -5.432038   150860.0
     617   -0.041896      830.0
     618    0.000000        0.0
     619  -25.229830   688890.0
     620   -0.210507     1260.0
     621    0.000000        0.0
     622   -4.175281   108430.0
     623   -0.097424      830.0
     624   -1.173837    24400.0
     625  -12.758083   344970.0
     626  -14.538038   399400.0
     627   -2.385121    65110.0
     628  -29.263250   807270.0
     629    0.000000        0.0
     630   -2.190271    60450.0
     631  -34.075340   908400.0
     632    0.000000        0.0
     633  -31.045833   821970.0
     634   -0.056212     1600.0
     635   -0.243493     2420.0
     636    0.000000        0.0
     637   -0.096983     2420.0
     638   -0.029111      830.0
     639    0.000000        0.0
     640    0.000000        0.0
     641   -1.978069    52140.0
     642  -70.573688  1972270.0
     643   -0.029250      830.0
     644   -0.089833     2420.0
     645   -1.890788    49390.0
     646   -0.209865     1260.0
     647   -0.086024     2420.0
     648   -1.981764    55160.0
     649   -1.074712    30280.0
     650    0.000000        0.0
     651    0.000000        0.0
     652   -4.042059   112650.0
     653   -0.028969      830.0
     654   -1.642351    41300.0
     655   -0.029111      830.0
     656   -0.042253        0.0
     657   -1.552635    42940.0
     658    0.000000        0.0
     659    0.000000        0.0
     660   -0.028049      800.0
     661   -4.068521   111830.0
     662  -40.441301  1142580.0
     663   -0.084788      830.0
     664    0.000000        0.0
     665   -4.080580   114240.0
     666  -35.307215   972760.0
     667  -11.282566   282890.0
     668   -0.377198     6300.0
     669   -1.675410    47520.0
     670   -1.686233    47830.0
     671   -1.620660    39720.0
     672  -35.289479   987560.0
     673   -2.626802    70400.0
     674   -1.602927    45490.0
     675   -0.084997     2420.0
     676   -2.344962    66460.0
     677   -0.020122        0.0
     678   -2.276934    63200.0
     679   -1.074944    30280.0
     680    0.000000        0.0
     681   -2.221542    61570.0
     682   -0.110170     2420.0
     683   -0.029420      830.0
     684   -0.033628       40.0
     685 -120.799613  3290370.0
     686   -3.698243   103500.0
     687   -4.757389   132850.0
     688  -37.064024  1021900.0
     689   -5.610576   150310.0
     690   -2.896142    78030.0
     691    0.000000        0.0
     692   -0.185312     4200.0
     693   -9.267170   255230.0
     694   -4.118125   111790.0
     695  -54.933531  1523400.0
     696    0.000000        0.0
     697   -6.995614   185730.0
     698    0.000000        0.0
     699   -3.748524   104960.0
     700   -0.241201     2420.0
     701  -31.244785   848220.0
     702   -0.084997     2420.0
     703    0.000000        0.0
     704   -4.118142   111790.0
     705   -0.115764     2440.0
     706   -7.784174   208890.0
     707   -0.889257    22680.0
     708  -30.376948   837160.0
     709    0.000000        0.0
     710   -1.739229    49360.0
     711   -0.338222     5240.0
     712   -6.849639   188370.0
     713   -0.085403     2420.0
     714   -2.332618    63260.0
     715   -2.326049    63610.0
     716   -1.707837    48450.0
     717  -11.603261   309620.0
     718   -0.029111      830.0
     719   -1.074712    30280.0
     720   -2.202576    59820.0
     721   -7.411399   204590.0
     722   -2.363479    64500.0
     723   -1.573604    44390.0
     724  -18.071990   508670.0
     725    0.000000        0.0
     726   -6.686108   179740.0
     727   -0.082684     1600.0
     728   -1.848906    52400.0
     729   -0.006111        0.0
     730   -4.800198   132970.0
     731   -6.846125   181010.0
     732   -0.377517     6310.0
     733  -69.189553  1892530.0
     734   -0.029125      830.0
     735   -0.084997     2420.0
     736   -4.463326   123890.0
     737   -0.084997     2420.0
     738   -0.029361      830.0
     739   -0.020361      560.0
     740   -0.055969     1600.0
     741   -0.094306     1060.0
     742   -4.220708   114110.0
     743   -5.000993   134930.0
     744  -26.000667   705780.0
     745   -5.892955   143040.0
     746   -6.279410   176220.0
     747   -0.203306     1140.0
     748   -0.085403     2420.0
     749   -0.084997     2420.0
     750   -7.582608   209460.0
     751    0.000000        0.0
     752   -2.104139    55820.0
     753  -14.521719   409400.0
     754   -0.049205        0.0
     755    0.000000        0.0
     756  -89.733504  2445100.0
     757   -0.084997     2420.0
     758   -0.056510     1600.0
     759  -28.119108   770260.0
     760   -1.662462    41860.0
     761  -16.636267   435230.0
     762  -98.108761  2672460.0
     763   -0.043090        0.0
     764   -4.328305   119700.0
     765   -2.212660    62770.0
     766   -0.085403     2420.0
     767   -8.137694   219940.0
     768   -0.085403     2420.0
     769  -75.845482  2183590.0
     770   -6.893226   194860.0
     771   -3.974417   111150.0
     772   -0.238358     2420.0
     773   -3.774733   106200.0
     774   -8.315438   225990.0
     775  -45.882292  1267370.0
     776  -23.525562   634640.0
     777   -0.579622    15170.0
     778    0.000000        0.0
     779  -43.597709  1243540.0
     780   -0.151594     2300.0
     781   -0.056215     1600.0
     782   -0.062844     1710.0
     783   -0.085403     2420.0
     784   -0.317878     4400.0
     785   -6.291875   176660.0
     786   -0.084997     2420.0
     787   -0.213858     5860.0
     788    0.000000        0.0
     789   -1.217451    34440.0
     790  -31.098511   845810.0
     791   -0.095372      530.0
     792    0.000000        0.0
     793   -0.029111      830.0
     794   -0.247979     2420.0
     795   -0.318330     4400.0
     796   -4.017924   113160.0
     797   -0.535993    14280.0
     798   -0.108760     2420.0
     799   -0.014243      410.0
     800   -0.238351     2420.0
     801   -0.093382     2420.0
     802   -6.459618   179590.0
     803   -3.927719   110640.0
     804   -0.055969     1600.0
     805   -0.029146      830.0
     806   -0.085403     2420.0
     807    0.000000        0.0
     808   -0.029139      830.0
     809   -0.084719     2420.0
     810    0.000000        0.0
     811   -0.000469       10.0
     812 -105.907673  2963440.0
     813   -6.217180   170280.0
     814   -0.088528     2510.0
     815   -3.853451   108670.0
     816  -33.683176   869970.0
     817   -4.163976   113110.0
     818  -44.805552  1277530.0
     819   -4.149872   112230.0
     820   -4.491316   123080.0
     821   -0.880344    23970.0
     822  -69.523682  1945140.0
     823  -17.777573   476590.0
     824   -0.029111      830.0
     825   -2.190271    60450.0
     826   -7.344493   199970.0
     827   -0.474722     4400.0
     828    0.000000        0.0
     829  -38.125920  1075750.0
     830   -0.531378     9720.0
     831   -0.098861     2640.0
     832   -1.045035    22680.0
     833   -0.166660     2420.0
     834    0.000000        0.0
     835   -1.866118    52710.0
     836   -0.029552      830.0
     837  -51.216670  1405330.0
     838  -18.594250   528450.0
     839   -0.028972      830.0
     840   -0.085403     2420.0
     841   -0.005108        0.0
     842   -0.029111      830.0
     843  -24.275802   670660.0
     844   -0.085403     2420.0
     845   -0.150826     3330.0
     846  -80.123114  2306810.0
     847   -0.028969      830.0
     848   -4.921333   133080.0
     849   -0.027913      800.0
     850   -8.908184   255820.0
     851   -2.145403    58250.0
     852   -0.223330     2580.0
     853   -0.028972      830.0
     854   -0.520194    13580.0
     855   -0.240069     2420.0
     856   -1.834569    52090.0
     857   -1.692559    48010.0
     858   -2.248566    62720.0
     859   -1.692559    48010.0
     860   -0.033767      880.0
     861   -0.108385     2250.0
     862    0.000000        0.0
     863   -2.674104    64220.0
     864   -0.146031     2250.0
     865   -0.084997     2420.0
     866    0.000000        0.0
     867   -0.084997     2420.0
     868    0.000000        0.0
     869   -3.954649   106800.0
     870   -0.014528      410.0
     871  -37.412529  1010740.0
     872   -0.562299    14940.0
     873   -0.029701        0.0
     874   -1.665240    47260.0
     875   -0.030333      830.0
     876   -0.029111      830.0
     877   -1.662903    44080.0
     878   -4.351969   120120.0
     879   -1.976476    56120.0
     880   -8.188240   227860.0
     881  -40.141520  1144660.0
     882    0.000000        0.0
     883   -0.085403     2420.0
     884   -0.084997     2420.0
     885   -0.000104        0.0
     886    0.000000        0.0
     887   -0.000108        0.0
     888   -9.262444   257200.0
     889   -0.107010     2420.0
     890   -0.028972      830.0
     891  -28.131448   800340.0
     892   -1.648948    41490.0
     893   -1.276781    34800.0
     894   -1.082167    30480.0
     895  -10.488094   275910.0
     896   -8.449715   227750.0
     897   -3.900142   109170.0
     898   -0.029111      830.0
     899  -14.600653   399780.0
     900   -0.056524     1600.0
     901   -2.406420    65480.0
     902   -3.906427   109530.0
     903   -3.186507    85500.0
     904   -4.596993   128780.0
     905   -1.817837    50670.0
     906  -59.873712  1630990.0
     907   -0.085267     2420.0
     908   -5.641569   152130.0
     909  -29.029162   792990.0
     910    0.000000        0.0
     911   -1.246719    34800.0
     912   -0.056038     1600.0
     913  -91.319460  2474270.0
     914   -1.711524    48550.0
     915   -7.496778   207180.0
     916   -1.711524    48550.0
     917   -6.211785   174170.0
     918   -4.468760   115340.0
     919   -0.014240      410.0
     920   -0.084997     2420.0
     921   -6.598639   189320.0
     922   -0.085403     2420.0
     923   -8.573559   231180.0
     924  -56.477232  1550870.0
     925   -2.918667    80620.0
     926  -19.345955   549880.0
     927   -0.634104    15120.0
     928    0.000000        0.0
     929   -1.908677    53620.0
     930   -1.804066    50180.0
     931   -0.084997     2420.0
     932   -0.097653     2420.0
     933   -4.671351   130210.0
     934   -0.098205     2420.0
     935   -8.831997   248330.0
     936    0.000000        0.0
     937   -1.210108    33770.0
     938   -0.000104        0.0
     939   -0.396264     2430.0
     940   -0.084997     2420.0
     941   -0.111066     3120.0
     942  -44.506062  1195190.0
     943   -4.769476   128690.0
     944   -0.091653     2600.0
     945  -32.856716   918410.0
     946   -0.029111      830.0
     947    0.000000        0.0
     948    0.000000        0.0
     949    0.000000        0.0
     950   -0.029111      830.0
     951   -0.468399    11360.0
     952   -0.029111      830.0
     953   -4.436524   121590.0
     954  -95.732173  2703920.0
     955   -0.223142     2580.0
     956  -25.279931   668150.0
     957   -0.050767        0.0
     958   -2.259010    60170.0
     959   -0.403177     9900.0
     960    0.000000        0.0
     961   -1.410226    39880.0
     962   -8.091889   226460.0
     963  -87.423067  2487750.0
     964   -0.029111      830.0
     965   -0.029111      830.0
     966    0.000000        0.0
     967   -0.195271     2420.0
     968   -0.066937        0.0
     969  -43.896218  1179260.0
     970   -0.056104     1600.0
     971   -1.013486    27900.0
     972   -6.480504   175560.0
     973   -0.028972      830.0
     974   -1.744885    42590.0
     975  -10.594869   298450.0
     976   -0.096858     2420.0
     977    0.000000        0.0
     978    0.000000        0.0
     979   -7.519132   204910.0
     980   -3.676458   102980.0
     981   -0.029111      830.0
     982   -1.705785    48390.0
     983   -5.469177   146790.0
     984   -0.113462     2420.0
     985   -1.615844    45800.0
     986  -11.483580   318100.0
     987   -0.115059     2420.0
     988    0.000000        0.0
     989   -0.889257    22680.0
     990   -0.085403     2420.0
     991   -4.458403   125040.0
     992    0.000000        0.0
     993  -23.432056   646880.0
     994  -44.443862  1192870.0
     995  -34.953694   934150.0
     996   -1.510243    42760.0
     997   -5.662635   135510.0
     998   -1.832615    52040.0
     999   -1.709042    48480.0
    1000   -0.084997     2420.0
    1001   -0.775208    21290.0
    1002   -2.185118    61870.0
    1003   -1.686941    47850.0
    1004   -0.067125        0.0
    1005  -45.417871  1219690.0
    1006    0.000000        0.0
    1007    0.000000        0.0
    1008   -0.085403     2420.0
    1009   -0.272983     2420.0
    1010   -0.296764      620.0
    1011   -7.596976   218060.0
    1012   -1.633257    46230.0
    1013   -0.099083     2650.0
    1014   -0.203174     1140.0
    1015   -3.838361   107740.0
    1016   -0.270882     2190.0
    1017   -1.706403    48410.0
    1018   -0.317274     2420.0
    1019  -12.064278   330250.0
    1020   -0.085403     2420.0
    1021    0.000000        0.0
    1022  -32.275764   889720.0
    1023    0.000000        0.0
    1024   -0.022274        0.0
    1025    0.000000        0.0
    1026   -0.029146      830.0
    1027  -42.936746  1185580.0
    1028   -0.453938    10440.0
    1029    0.000000        0.0
    1030   -0.319663     4400.0
    1031   -3.928566   110410.0
    1032    0.000000        0.0
    1033    0.000000        0.0
    1034  -42.439346  1217890.0
    1035    0.000000        0.0
    1036   -0.209545     1260.0
    1037  -34.215406   956710.0
    1038   -0.068781      830.0
    1039    0.000000        0.0
    1040   -2.483847    70480.0
    1041  -48.258557  1271330.0
    1042  -13.471951   374810.0
    1043   -3.480458    97190.0
    1044  -18.249145   502730.0
    1045   -1.890340    53570.0
    1046   -0.052750     1420.0
    1047   -0.597240     7200.0
    1048   -0.583549    12810.0
    1049  -21.341014   577220.0
    1050   -0.084997     2420.0
    1051   -0.085403     2420.0
    1052   -0.000080        0.0
    1053    0.000000        0.0
    1054  -72.360737  2083030.0
    1055   -4.814924   134240.0
    1056   -0.014243      410.0
    1057   -7.939083   208060.0
    1058    0.000000        0.0
    1059   -5.083285   141640.0
    1060    0.000000        0.0
    1061   -0.198528     5360.0
    1062   -1.650000    41400.0
    1063   -3.875219   108680.0
    1064   -0.084997     2420.0
    1065   -1.190313    33220.0
    1066  -31.581038   840260.0
    1067   -0.084997     2420.0
    1068   -0.084997     2420.0
    1069   -0.030479      830.0
    1070    0.000000        0.0
    1071    0.000000        0.0
    1072   -8.575191   231620.0
    1073   -0.170233     4870.0
    1074   -5.026944   135390.0
    1075    0.000000        0.0
    1076  -75.460835  2089870.0
    1077   -4.190153   113770.0
    1078    0.000000        0.0
    1079   -0.101667     2650.0
    1080   -0.195108     2420.0
    1081   -3.831660   106110.0
    1082   -0.373444    10260.0
    1083   -0.618212     7540.0
    1084  -33.878248   884320.0
    1085   -4.922639   136040.0
    1086   -0.115059     2420.0
    1087   -3.693556   103570.0
    1088   -0.084997     2420.0
    1089   -5.044754   139660.0
    1090   -3.654170   102580.0
    1091   -0.084997     2420.0
    1092   -3.858920   108040.0
    1093   -0.084997     2420.0
    1094   -0.054045     1460.0
    1095  -75.475143  2172950.0
    1096   -1.686906    47850.0
    1097  -16.431701   445170.0
    1098   -0.036812      830.0
    1099    0.000000        0.0
    1100    0.000000        0.0
    1101   -0.042069      830.0
    1102   -0.861865    22680.0
    1103    0.000000        0.0
    1104   -0.086719      830.0
    1105   -1.725024    48910.0
    1106   -1.409552    33110.0
    1107  -25.647264   674600.0
    1108   -5.177472   139680.0
    1109    0.000000        0.0
    1110   -0.251524     2420.0
    1111  -13.865497   398590.0
    1112   -4.420740   122040.0
    1113   -1.414163    39990.0
    1114    0.000000        0.0
    1115   -5.153438   143220.0
    1116   -3.763590   103500.0
    1117   -5.096965   136110.0
    1118   -0.024667        0.0
    1119    0.000000        0.0
    1120    0.000000        0.0
    1121   -4.186434   113770.0
    1122   -0.084997     2420.0
    1123    0.000000        0.0
    1124   -0.031247      830.0
    1125   -4.695142   130870.0
    1126   -0.195931     2420.0
    1127   -0.028049      800.0
    1128   -8.786538   250130.0
    1129    0.000000        0.0
    1130  -14.323618   374910.0
    1131   -3.658281   102460.0
    1132  -26.070653   705110.0
    1133   -1.646128    41400.0
    1134    0.000000        0.0
    1135   -2.063080    54550.0
    1136   -0.212885     1600.0
    1137   -5.719368   162100.0
    1138   -0.203306     1140.0
    1139   -1.725170    48940.0
    1140   -0.084997     2420.0
    1141    0.000000        0.0
    1142   -2.714059    72830.0
    1143   -4.588441   128110.0
    1144   -2.092931    55100.0
    1145   -0.098309     2420.0
    1146    0.000000        0.0
    1147   -6.143778   167860.0
    1148   -1.817132    47840.0
    1149   -9.760333   264620.0
    1150   -1.705778    48390.0
    1151  -26.952778   723300.0
    1152   -1.860122    52490.0
    1153   -0.056524     1600.0
    1154   -3.581215   100390.0
    1155  -12.080625   325060.0
    1156   -0.203299     1140.0
    1157   -3.112719    81260.0
    1158    0.000000        0.0
    1159   -0.318330     4400.0
    1160   -1.686892    47850.0
    1161   -0.014240      410.0
    1162   -0.085403     2420.0
    1163   -0.243229     2420.0
    1164  -88.973340  2401540.0
    1165    0.000000        0.0
    1166   -0.390312    10320.0
    1167   -0.085403     2420.0
    1168   -3.634045    94430.0
    1169   -0.085403     2420.0
    1170   -5.964476   166000.0
    1171  -71.045098  1945550.0
    1172   -0.049125        0.0
    1173   -0.084997     2420.0
    1174   -3.692986   103460.0
    1175    0.000000        0.0
    1176  -10.990167   292900.0
    1177   -3.979406   110590.0
    1178  -42.735308  1207940.0
    1179   -0.005972        0.0
    1180   -8.130847   227290.0
    1181  -71.632439  1987040.0
    1182   -1.506330    42650.0
    1183    0.000000        0.0
    1184  -10.867941   276620.0
    1185    0.000000        0.0
    1186   -0.031205      830.0
    1187   -0.163715     3670.0
    1188   -5.200014   144680.0
    1189   -4.696337   131020.0
    1190   -0.033628       40.0
    1191  -20.545913   559980.0
    1192   -0.029111      830.0
    1193   -0.060059     1050.0
    1194  -45.276930  1303240.0
    1195   -0.346576     5260.0
    1196   -1.985580    56240.0
    1197    0.000000        0.0
    1198   -0.056833     1600.0
    1199   -0.085403     2420.0
    1200   -3.781545   106090.0
    1201   -0.084997     2420.0
    1202   -2.176778    61740.0
    1203   -3.616882   101140.0
    1204   -0.029111      830.0
    1205   -0.049701        0.0
    1206   -1.903264    49920.0
    1207   -3.693642    97090.0
    1208  -14.077500   370880.0
    1209   -8.213469   234160.0
    1210  -38.756480  1085050.0
    1211   -0.085163     2420.0
    1212   -4.122399   115470.0
    1213   -0.201389     1040.0
    1214    0.000000        0.0
    1215   -0.056510     1600.0
    1216   -0.029111      830.0
    1217  -31.376344   858150.0
    1218    0.000000        0.0
    1219   -0.029122      830.0
    1220  -73.496031  2115950.0
    1221  -33.289379   880090.0
    1222   -0.085410     2420.0
    1223   -8.729701   237060.0
    1224   -5.705049   159650.0
    1225   -0.178306      620.0
    1226   -0.084997     2420.0
    1227   -5.062497   129220.0
    1228   -0.084997     2420.0
    1229   -1.801587    51050.0
    1230   -0.029111      830.0
    1231    0.000000        0.0
    1232    0.000000        0.0
    1233   -2.186847    62030.0
    1234   -0.029111      830.0
    1235   -5.735768   138690.0
    1236   -0.196747     2420.0
    1237  -23.151270   630060.0
    1238   -5.435434   150960.0
    1239   -0.085028     2420.0
    1240   -0.032101      830.0
    1241   -0.238483     2420.0
    1242   -0.085403     2420.0
    1243   -2.029111    57140.0
    1244   -0.096861     2750.0
    1245   -0.014243      410.0
    1246   -0.085458     2420.0
    1247    0.000000        0.0
    1248    0.000000        0.0
    1249   -0.084997     2420.0
    1250   -6.011924   164500.0
    1251   -0.014243      410.0
    1252   -1.175267    30690.0
    1253   -0.085403     2420.0
    1254   -3.293712    82340.0
    1255   -0.526642     6700.0
    1256   -0.302354     3960.0
    1257   -2.539878    68320.0
    1258   -3.008524    77590.0
    1259  -62.917628  1742810.0
    1260   -0.054625        0.0
    1261   -4.823615   134520.0
    1262   -4.381573   120960.0
    1263   -0.098309     2420.0
    1264  -52.763740  1504440.0
    1265    0.000000        0.0
    1266   -4.838521   131130.0
    1267   -0.037510      830.0
    1268  -39.473250  1103900.0
    1269   -0.246510     2720.0
    1270   -2.760701    70810.0
    1271  -42.751353  1147630.0
    1272   -4.332667   117890.0
    1273   -0.333420     5040.0
    1274   -3.968056   111230.0
    1275   -4.101330   114480.0
    1276   -0.000014        0.0
    1277   -6.264868   171680.0
    1278   -3.976896   107000.0
    1279    0.000000        0.0
    1280   -4.826625   134500.0
    1281   -0.299611     2580.0
    1282    0.000000        0.0
    1283  -28.924281   778570.0
    1284   -7.517677   203550.0
    1285   -4.625736   129010.0
    1286   -0.028969      830.0
    1287   -0.246486     2420.0
    1288   -0.889521    22680.0
    1289   -1.347594    36360.0
    1290   -0.093382     2420.0
    1291    0.000000        0.0
    1292   -0.377458     6300.0
    1293   -4.362497   118650.0
    1294   -0.040701      830.0
    1295  -16.406827   446000.0
    1296   -8.550528   231710.0
    1297   -1.248323    35240.0
    1298   -7.980101   217920.0
    1299    0.000000        0.0
    1300   -0.029111      830.0
    1301   -0.472590     9060.0
    1302   -1.018802    28520.0
    1303   -0.167573     1600.0
    1304   -0.153368     3400.0
    1305   -0.084997     2420.0
    1306   -0.377198     6300.0
    1307   -1.698340    48230.0
    1308  -35.220056   985380.0
    1309  -21.612663   600910.0
    1310   -0.085403     2420.0
    1311  -14.424851   412220.0
    1312   -0.029111      830.0
    1313   -1.372101    38800.0
    1314   -0.236455     2420.0
    1315   -5.454594   150300.0
    1316   -0.437608    12180.0
    1317    0.000000        0.0
    1318   -0.025625        0.0
    1319    0.000000        0.0
    1320   -0.084997     2420.0
    1321   -4.724552   131790.0
    1322    0.000000        0.0
    1323    0.000000        0.0
    1324    0.000000        0.0
    1325   -0.046903     1070.0
    1326  -30.115527   798910.0
    1327    0.000000        0.0
    1328   -1.667014    47200.0
    1329   -0.084997     2420.0
    1330   -4.638167   129380.0
    1331   -0.024667        0.0
    1332    0.000000        0.0
    1333   -4.959701   136670.0
    1334   -1.852038    52530.0
    1335   -0.171222     3890.0
    1336   -0.377198     6300.0
    1337   -0.212566     1600.0
    1338   -0.084997     2420.0
    1339   -4.087049   111000.0
    1340   -0.000080        0.0
    1341    0.000000        0.0
    1342   -3.853715   108090.0
    1343   -4.541566   125570.0
    1344   -0.706951    18640.0
    1345  -90.232205  2450080.0
    1346   -4.324608   121820.0
    1347   -1.556792    44100.0
    1348   -0.280840     3380.0
    1349   -0.181309      700.0
    1350   -1.529708    43320.0
    1351   -0.330201     5160.0
    1352  -10.019396   281570.0
    1353   -1.734451    49160.0
    1354   -1.599767    45240.0
    1355   -3.422212    97430.0
    1356   -0.084997     2420.0
    1357   -2.860896    71680.0
    1358   -2.425601    66930.0
    1359   -0.085403     2420.0
    1360   -6.919423   189450.0
    1361   -0.089285      800.0
    1362   -0.451017    10040.0
    1363   -0.084997     2420.0
    1364   -4.730594   131460.0
    1365  -50.912542  1373540.0
    1366   -3.079385    83900.0
    1367    0.000000        0.0
    1368   -0.085403     2420.0
    1369   -0.085267     2420.0
    1370   -2.145615    58250.0
    1371   -0.029413      800.0
    1372   -4.807233   134030.0
    1373   -0.028049      800.0
    1374   -7.627160   206640.0
    1375   -6.430958   177530.0
    1376   -0.613385    16280.0
    1377   -1.767920    42520.0
    1378   -1.687090    47850.0
    1379    0.000000        0.0
    1380   -0.215170     1420.0
    1381   -0.061535     1730.0
    1382   -1.523458    43140.0
    1383   -0.267892     4480.0
    1384   -0.028767      800.0
    1385   -0.084997     2420.0
    1386   -0.876462    22050.0
    1387    0.000000        0.0
    1388   -4.919274   132820.0
    1389   -3.506635    98150.0
    1390   -0.085403     2420.0
    1391   -0.055969     1600.0
    1392   -3.988458   109000.0
    1393  -29.976938   795220.0
    1394   -4.847743   133060.0
    1395   -0.028972      830.0
    1396    0.000000        0.0
    1397  -11.864677   321150.0
    1398    0.000000        0.0
    1399   -3.780951   105490.0
    1400   -0.021510        0.0
    1401    0.000000        0.0
    1402  -16.361649   460660.0
    1403   -0.203306     1140.0
    1404   -1.953556    49810.0
    1405   -0.084997     2420.0
    1406  -94.923296  2586600.0
    1407    0.000000        0.0
    1408    0.000000        0.0
    1409   -0.087806      830.0
    1410  -95.857232  2707480.0
    1411   -9.033455   250340.0
    1412   -0.084997     2420.0
    1413   -8.705493   248640.0
    1414   -9.688785   259550.0
    1415   -4.626955   129040.0
    1416   -3.480288    97720.0
    1417   -0.084997     2420.0
    1418  -57.461610  1586020.0
    1419   -0.028976      830.0
    1420   -0.028972      830.0
    1421   -4.266684   116200.0
    1422   -2.480503    66880.0
    1423   -3.698031   103590.0
    1424    0.000000        0.0
    1425   -0.085090     2420.0
    1426   -0.380656     6300.0
    1427   -0.029111      830.0
    1428   -2.713236    76870.0
    1429   -0.041111      850.0
    1430   -4.149920   112230.0
    1431   -0.095510     2710.0
    1432  -38.766125  1084430.0
    1433  -13.224535   358590.0
    1434  -95.665978  2607750.0
    1435    0.000000        0.0
    1436  -77.962496  2143070.0
    1437    0.000000        0.0
    1438  -37.375088  1026980.0
    1439   -5.339066   144480.0
    1440   -0.045580     1220.0
    1441    0.000000        0.0
    1442   -0.195108     2420.0
    1443   -0.351747     5100.0
    1444   -9.377201   251670.0
    1445   -0.084997     2420.0
    1446   -5.556976   150410.0
    1447    0.000000        0.0
    1448    0.000000        0.0
    1449   -0.084997     2420.0
    1450   -0.055969     1600.0
    1451  -34.662578   978470.0
    1452    0.000000        0.0
    1453   -0.028969      830.0
    1454    0.000000        0.0
    1455    0.000000        0.0
    1456   -0.085403     2420.0
    1457   -1.990712    56530.0
    1458   -0.641111    13020.0
    1459   -2.104767    57460.0
    1460   -0.080021      800.0
    1461   -5.185681   144150.0
    1462  -80.038864  2239630.0
    1463  -23.442899   642100.0
    1464   -3.881594   104870.0
    1465    0.000000        0.0
    1466   -0.272990     3820.0
    1467   -7.118861   202150.0
    1468   -5.163552   143760.0
    1469   -4.311937   117390.0
    1470   -0.240628     2420.0
    1471   -0.197170     2420.0
    1472   -0.195285      920.0
    1473   -0.030962      830.0
    1474   -2.448687    56920.0
    1475   -4.713292   131610.0
    1476  -85.555156  2351440.0
    1477  -53.853925  1467380.0
    1478   -0.241128     2420.0
    1479   -0.028049      800.0
    1480   -0.015840      260.0
    1481   -1.990712    56530.0
    1482   -6.000170   171990.0
    1483   -0.150826     3330.0
    1484   -4.209305   115340.0
    1485    0.000000        0.0
    1486   -0.000007        0.0
    1487   -7.694215   172740.0
    1488   -0.084997     2420.0
    1489   -0.093677     2670.0
    1490    0.000000        0.0
    1491   -0.842059    23220.0
    1492   -3.722358   104260.0
    1493    0.000000        0.0
    1494   -0.036448        0.0
    1495  -18.358350   510560.0
    1496   -0.627833    17680.0
    1497   -9.754462   260820.0
    1498   -1.861434    52600.0
    1499    0.000000        0.0
    1500  -12.093830   331400.0
    1501   -2.479285    66880.0
    1502    0.000000        0.0
    1503   -3.649656   102320.0
    1504   -3.913198   109530.0
    1505   -1.450399    38150.0
    1506   -4.792632   133660.0
    1507   -2.004552    56930.0
    1508   -3.653476   102450.0
    1509    0.000000        0.0
    1510   -2.839972    70880.0
    1511   -0.097583      800.0
    1512   -0.000017        0.0
    1513   -1.978163    56170.0
    1514   -0.428139    10630.0
    1515    0.000000        0.0
    1516    0.000000        0.0
    1517   -0.016795        0.0
    1518   -4.817219   126660.0
    1519  -16.944028   445320.0
    1520   -0.000146        0.0
    1521  -21.851628   566880.0
    1522  -23.832024   598630.0
    1523   -0.065854     1740.0
    1524    0.000000        0.0
    1525   -0.033653      960.0
    1526    0.000000        0.0
    1527    0.000000        0.0
    1528   -0.025757      730.0
    1529   -4.280656   108720.0
    1530    0.000000        0.0
    1531  -11.016049   289670.0
    1532  -13.692639   340100.0
    1533   -0.188267     5160.0
    1534   -0.000087        0.0
    1535   -0.140035     1060.0
    1536   -8.930670   207810.0
    1537   -2.385094    59120.0
    1538   -0.228399     3690.0
    1539    0.000000        0.0
    1540   -6.733035   188760.0
    1541    0.000000        0.0
    1542    0.000000        0.0
    1543   -3.427965    95230.0
    1544    0.000000        0.0
    1545    0.000000        0.0
    1546   -3.581632    98750.0
    1547    0.000000        0.0
    1548   -1.338997    28550.0
    1549   -0.013194      380.0
    1550    0.000000        0.0
    1551   -0.060545     1720.0
    1552   -0.010063      250.0
    1553   -2.125024    59900.0
    1554   -0.075274     1860.0
    1555   -3.357017    95490.0
    1556    0.000000        0.0
    1557   -0.596420    17080.0
    1558    0.000000        0.0
    1559   -0.036972      910.0
    1560   -0.009375      270.0
    1561   -5.343590   150580.0
    1562   -2.779007    78780.0
    1563   -3.026337    84810.0
    1564   -1.764222    50010.0
    1565   -0.686149    19120.0
    1566   -1.983427    54400.0
    1567   -4.489437   123800.0
    1568   -3.854344   107790.0
    1569    0.000000        0.0
    1570   -4.106646   113010.0
    1571   -0.141826     3840.0
    1572   -0.071580     1980.0
    1573   -9.645747   260570.0
    1574  -20.035365   527860.0
    1575   -0.007212        0.0
    1576   -0.032531      930.0
    1577    0.000000        0.0
    1578   -6.230580   172810.0
    1579   -0.057865     1590.0
    1580   -0.113403     3080.0
    1581   -0.039667      600.0
    1582   -0.119747     3240.0
    1583   -0.015396      440.0
    1584   -0.156326     4330.0
    1585   -0.000389        0.0
    1586   -0.124858     3500.0
    1587    0.000000        0.0
    1588   -2.543170    72050.0
    1589    0.000000        0.0
    1590   -3.419337    96730.0
    1591   -0.001962        0.0
    1592   -0.002260       60.0
    1593    0.000000        0.0
    1594   -0.104948     2250.0
    1595    0.000000        0.0
    1596   -6.632722   186670.0
    1597   -0.030208      870.0
    1598   -0.047903     1370.0
    1599   -0.321038     8510.0
    1600   -0.017295        0.0
    1601   -0.295618     7400.0
    1602   -6.646129   179970.0
    1603  -12.190208   322330.0
    1604    0.000000        0.0
    1605  -58.190190  1424890.0
    1606   -1.157767    24130.0
    1607   -3.044101    85340.0
    1608    0.000000        0.0
    1609   -2.664924    75520.0
    1610   -0.016663        0.0
    1611    0.000000        0.0
    1612    0.000000        0.0
    1613   -2.624854    73960.0
    1614    0.000000        0.0
    1615   -0.003476       90.0
    1616   -0.011882        0.0
    1617   -1.541604    38410.0
    1618   -0.014705      420.0
    1619   -0.229608     6320.0
    1620  -14.520896   390870.0
    1621   -5.421149   133710.0
    1622    0.000000        0.0
    1623    0.000000        0.0
    1624   -1.751837    49760.0
    1625   -0.079542      790.0
    1626   -4.466708   123440.0
    1627   -4.941604   136570.0
    1628    0.000000        0.0
    1629    0.000000        0.0
    1630    0.000000        0.0
    1631    0.000000        0.0
    1632    0.000000        0.0
    1633   -4.015868   111730.0
    1634    0.000000        0.0
    1635  -10.509775   268590.0
    1636   -0.000021        0.0
    1637   -9.512236   257100.0
    1638   -0.004861      140.0
    1639   -0.324986     7380.0
    1640   -6.416320   168480.0
    1641    0.000000        0.0
    1642   -0.280188     7800.0
    1643   -2.953129    82280.0
    1644   -5.411979   153180.0
    1645   -5.292864   142590.0
    1646   -3.449771    96150.0
    1647    0.000000        0.0
    1648  -16.603396   428880.0
    1649  -15.654219   408670.0
    1650   -0.061594     1650.0
    1651    0.000000        0.0
    1652    0.000000        0.0
    1653   -0.324788     8780.0
    1654   -5.691437   158370.0
    1655   -1.950181    54550.0
    1656    0.000000        0.0
    1657    0.000000        0.0
    1658   -3.807479   107070.0
    1659  -17.913826   458740.0
    1660  -21.927903   552500.0
    1661   -0.000347       10.0
    1662  -13.379545   340700.0
    1663   -0.006438      180.0
    1664   -0.000177        0.0
    1665   -0.004708      120.0
    1666   -6.546496   182720.0
    1667    0.000000        0.0
    1668    0.000000        0.0
    1669   -0.188194     5420.0
    1670    0.000000        0.0
    1671  -46.368917  1151370.0
    1672  -19.268042   502360.0
    1673  -16.064003   418200.0
    1674  -41.146396  1007700.0
    1675   -0.000167        0.0
    1676   -4.703129   129720.0
    1677   -6.215496   173730.0
    1678   -0.045361     1100.0
    1679   -4.441955   124650.0
    1680   -0.006965      200.0
    1681   -2.111420    60090.0
    1682   -2.849319    78510.0
    1683   -4.821396   135790.0
    1684   -0.013299      370.0
    1685   -4.056021   114260.0
    1686   -0.004535      130.0
    1687   -0.147063     4050.0
    1688  -12.003423   318700.0
    1689   -0.007813      150.0
    1690    0.000000        0.0
    1691   -0.004167      120.0
    1692    0.000000        0.0
    1693    0.000000        0.0
    1694   -1.380240    39670.0
    1695  -13.679000   364220.0
    1696    0.000000        0.0
    1697    0.000000        0.0
    1698  -41.341691  1063250.0
    1699   -3.614875   101750.0
    1700   -0.213649     6020.0
    1701   -0.023944      680.0
    1702   -0.000660        0.0
    1703   -8.555448   228900.0
    1704    0.000000        0.0
    1705   -0.001042       30.0
    1706  -10.051097   268880.0
    1707    0.000000        0.0
    1708   -0.026066      740.0
    1709    0.000000        0.0
    1710   -3.739139   105830.0
    1711   -0.032177      910.0
    1712    0.000000        0.0
    1713   -0.017646      500.0
    1714   -4.365302   121850.0
    1715    0.000000        0.0
    1716    0.000000        0.0
    1717    0.000000        0.0
    1718    0.000000        0.0
    1719   -3.570111   100670.0
    1720    0.000000        0.0
    1721    0.000000        0.0
    1722    0.000000        0.0
    1723  -16.830691   469060.0
    1724   -3.621531   102340.0
    1725   -1.640410    46500.0
    1726   -0.010090      290.0
    1727  -11.794434   330660.0
    1728   -0.005208      150.0
    1729   -3.298521    91790.0
    1730    0.000000        0.0
    1731  -14.514163   382430.0
    1732   -0.103892     2910.0
    1733   -0.025233      680.0
    1734   -8.182712   218630.0
    1735   -0.023816      440.0
    1736   -0.007549        0.0
    1737   -0.006101        0.0
    1738  -10.652402   287740.0
    1739    0.000000        0.0
    1740    0.000000        0.0
    1741    0.000000        0.0
    1742    0.000000        0.0
    1743  -17.498725   444380.0
    1744   -0.000042        0.0
    1745  -19.076208   439780.0
    1746   -0.000233        0.0
    1747    0.000000        0.0
    1748    0.000000        0.0
    1749    0.000000        0.0
    1750    0.000000        0.0
    1751    0.000000        0.0
    1752   -2.580958    73280.0
    1753   -3.222267    91140.0
    1754   -2.656958    75100.0
    1755   -0.444083    11680.0
    1756    0.000000        0.0
    1757   -0.116076     3190.0
    1758  -12.515042   329310.0
    1759    0.000000        0.0
    1760   -0.078576     2040.0
    1761  -21.280583   546250.0
    1762   -0.006306      180.0
    1763   -4.970340   133550.0
    1764   -0.005229        0.0
    1765   -0.330337     6840.0
    1766   -0.217469     5440.0
    1767  -12.213476   322940.0
    1768    0.000000        0.0
    1769   -7.829420   214000.0
    1770  -13.367361   351540.0
    1771   -0.916677    26270.0
    1772   -0.008660        0.0
    1773    0.000000        0.0
    1774    0.000000        0.0
    1775   -3.485833    98610.0
    1776    0.000000        0.0
    1777   -0.004559      130.0
    1778   -5.544215   154860.0
    1779  -21.935424   557100.0
    1780   -0.088938     2450.0
    1781   -3.678510    94680.0
    1782   -0.411049    10860.0
    1783    0.000000        0.0
    1784    0.000000        0.0
    1785   -3.771128   103790.0
    1786   -6.280507   168980.0
    1787   -7.283778   187740.0
    1788   -3.933708   111060.0
    1789  -12.910187   365000.0
    1790    0.000000        0.0
    1791   -1.994882    56920.0
    1792    0.000000        0.0
    1793   -0.007986      230.0
    1794   -3.396455    95250.0
    1795    0.000000        0.0
    1796   -5.084347   138680.0
    1797    0.000000        0.0
    1798  -12.479996   337020.0
    1799   -0.155972     4330.0
    1800   -0.186014     5160.0
    1801   -9.726097   256980.0
    1802  -49.093948  1309230.0
    1803   -0.248601     5880.0
    1804   -0.104653     2900.0
    1805   -0.271208     7440.0
    1806    0.000000        0.0
    1807   -1.542354    41930.0
    1808   -0.097479     2770.0
    1809   -0.002083       60.0
    1810   -0.287306     7490.0
    1811   -0.068003     1940.0
    1812   -0.005556      160.0
    1813    0.000000        0.0
    1814   -5.509115   153180.0
    1815    0.000000        0.0
    1816    0.000000        0.0
    1817    0.000000        0.0
    1818   -2.428128    67340.0
    1819    0.000000        0.0
    1820   -8.168670   217350.0
    1821   -0.109142     3080.0
    1822   -6.683417   177410.0
    1823   -0.000063        0.0
    1824  -15.636146   400950.0
    1825  -19.952358   510690.0
    1826   -0.000038        0.0
    1827    0.000000        0.0
    1828   -0.008497        0.0
    1829    0.000000        0.0
    1830   -0.022010      630.0
    1831   -1.707066    48740.0
    1832   -3.072542    86730.0
    1833    0.000000        0.0
    1834    0.000000        0.0
    1835    0.000000        0.0
    1836   -0.032510      930.0
    1837   -0.017635        0.0
    1838   -0.099365     2820.0
    1839   -0.040885     1170.0
    1840   -0.017382      500.0
    1841   -1.252622    35780.0
    1842    0.000000        0.0
    1843   -4.662972   125850.0
    1844   -4.111545   114650.0
    1845   -0.000045        0.0
    1846   -0.093451     2650.0
    1847   -7.072236   194680.0
    1848    0.000000        0.0
    1849   -0.010788      310.0
    1850    0.000000        0.0
    1851    0.000000        0.0
    1852    0.000000        0.0
    1853    0.000000        0.0
    1854    0.000000        0.0
    1855   -0.036292     1030.0
    1856   -0.078219     2220.0
    1857   -5.631753   156870.0
    1858    0.000000        0.0
    1859    0.000000        0.0
    1860   -2.471271    68090.0
    1861   -6.511340   175850.0
    1862   -5.241458   143470.0
    1863   -2.372479    66740.0
    1864   -2.521684    71170.0
    1865   -3.901809   109760.0
    1866    0.000000        0.0
    1867   -0.155955     4330.0
    1868    0.000000        0.0
    1869   -7.950667   204340.0
    1870   -0.015503      440.0
    1871   -0.002306        0.0
    1872   -7.404125   203150.0
    1873   -0.001389        0.0
    1874   -5.668455   156020.0
    1875   -1.559715    41200.0
    1876   -0.026028        0.0
    1877   -0.965302    26170.0
    1878   -0.072847     1580.0
    1879   -0.055229     1560.0
    1880   -0.196472     5510.0
    1881   -4.180469   117610.0
    1882   -0.153177     3620.0
    1883    0.000000        0.0
    1884    0.000000        0.0
    1885   -0.007986      230.0
    1886   -2.651524    75240.0
    1887    0.000000        0.0
    1888    0.000000        0.0
    1889   -4.198264   115510.0
    1890    0.000000        0.0
    1891    0.000000        0.0
    1892    0.000000        0.0
    1893   -2.516788    71100.0
    1894    0.000000        0.0
    1895    0.000000        0.0
    1896   -6.223611   174470.0
    1897    0.000000        0.0
    1898    0.000000        0.0
    1899   -0.008816      250.0
    1900   -0.013090      370.0
    1901   -5.715573   152810.0
    1902   -0.011563      320.0
    1903   -9.500552   252150.0
    1904    0.000000        0.0
    1905   -4.705819   130230.0
    1906   -0.047007     1270.0
    1907   -0.004604      130.0
    1908   -4.167618   114550.0
    1909   -3.841628   106020.0
    1910    0.000000        0.0
    1911   -0.195028     5390.0
    1912   -9.731320   262080.0
    1913   -0.129149     3600.0
    1914  -11.764177   310700.0
    1915   -0.015542      440.0
    1916   -6.930757   189600.0
    1917  -58.726948  1553630.0
    1918   -0.188892     5160.0
    1919   -0.000010        0.0
    1920   -0.058368     1650.0
    1921    0.000000        0.0
    1922    0.000000        0.0
    1923    0.000000        0.0
    1924   -0.039479     1130.0
    1925   -0.000347       10.0
    1926   -4.124830   115280.0
    1927   -0.325681     8490.0
    1928   -0.004604      130.0
    1929   -4.084913   108770.0
    1930    0.000000        0.0
    1931   -0.016729      480.0
    1932   -9.477403   264170.0
    1933   -0.000167        0.0
    1934   -5.894497   163060.0
    1935   -0.022247      640.0
    1936   -0.001788       50.0
    1937   -4.034597   112970.0
    1938   -0.136837     3940.0
    1939   -0.000104        0.0
    1940   -0.001344        0.0
    1941   -0.163219     4560.0
    1942   -0.153260     4320.0
    1943    0.000000        0.0
    1944    0.000000        0.0
    1945   -0.016052      460.0
    1946   -2.686125    76560.0
    1947    0.000000        0.0
    1948    0.000000        0.0
    1949   -2.845486    78510.0
    1950    0.000000        0.0
    1951   -1.190490    32130.0
    1952   -0.861552    22590.0
    1953   -1.863042    51230.0
    1954   -2.019066    54860.0
    1955    0.000000        0.0
    1956   -0.000045        0.0
    1957  -10.273024   276390.0
    1958    0.000000        0.0
    1959    0.000000        0.0
    1960    0.000000        0.0
    1961    0.000000        0.0
    1962    0.000000        0.0
    1963   -0.002576        0.0
    1964   -4.964976   136530.0
    1965   -0.032792      930.0
    1966   -0.253830     6560.0
    1967    0.000000        0.0
    1968  -33.479087   813020.0
    1969    0.000000        0.0
    1970    0.000000        0.0
    1971    0.000000        0.0
    1972   -5.789972   160160.0
    1973   -0.090726     2580.0
    1974    0.000000        0.0
    1975   -0.028615      820.0
    1976   -0.007639      220.0
    1977   -4.742302   132360.0
    1978   -2.888903    80780.0
    1979    0.000000        0.0
    1980   -3.801569   107420.0
    1981   -0.003837      110.0
    1982   -1.567007    44180.0
    1983   -0.256292     7040.0
    1984  -12.467195   321080.0
    1985  -13.918552   371000.0
    1986  -13.443385   353150.0
    1987    0.000000        0.0
    1988  -10.023785   232110.0
    1989  -23.610410   663230.0
    1990    0.000000        0.0
    1991   -0.039583     1140.0
    1992   -0.357167     9440.0
    1993   -0.151372     4130.0
    1994   -0.324983     8580.0
    1995   -0.142420     4010.0
    1996   -2.989236    82220.0
    1997   -6.587295   177870.0
    1998   -0.114924     3250.0
    1999   -0.445611    12340.0
    2000  -21.258114   557510.0
    2001   -0.244347     6720.0
    2002   -0.001052       30.0
    2003   -7.256754   203620.0
    2004   -0.024354      690.0
    2005    0.000000        0.0
    2006    0.000000        0.0
    2007   -2.450333    69360.0
    2008   -2.923517    81940.0
    2009    0.000000        0.0
    2010   -5.214024   145720.0
    2011  -26.949208   686000.0
    2012  -16.374924   429410.0
    2013    0.000000        0.0
    2014   -6.238253   153620.0
    2015   -0.043590     1230.0
    2016   -0.008406      200.0
    2017   -4.701010   127380.0
    2018   -0.783583    20230.0
    2019    0.000000        0.0
    2020   -4.151774   114580.0
    2021    0.000000        0.0
    2022    0.000000        0.0
    2023    0.000000        0.0
    2024   -9.494077   267890.0
    2025   -3.840549   107580.0
    2026    0.000000        0.0
    2027    0.000000        0.0
    2028   -7.863708   215210.0
    2029    0.000000        0.0
    2030    0.000000        0.0
    2031   -0.044747     1280.0
    2032   -0.034531        0.0
    2033   -0.212983     5980.0
    2034   -2.985149    84280.0
    2035   -0.019441      460.0
    2036   -0.003819      110.0
    2037   -5.949708   166280.0
    2038   -0.036500     1040.0
    2039    0.000000        0.0
    2040    0.000000        0.0
    2041   -7.354837   196140.0
    2042    0.000000        0.0
    2043   -0.016437      470.0
    2044   -7.839639   213010.0
    2045    0.000000        0.0
    2046 -141.893844  3665980.0
    2047    0.000000        0.0
    2048    0.000000        0.0
    2049    0.000000        0.0
    2050   -0.865740    24800.0
    2051   -0.203420     5710.0
    2052   -0.020236      580.0
    2053    0.000000        0.0
    2054    0.000000        0.0
    2055    0.000000        0.0
    2056   -9.852684   273040.0
    2057   -4.423319   122030.0
    2058   -0.032531      930.0
    2059    0.000000        0.0
    2060   -0.072764     2040.0
    2061  -34.018243   912350.0
    2062  -19.671483   526720.0
    2063   -0.234872     5390.0
    2064   -0.073979     2080.0
    2065   -0.124552     3440.0
    2066  -13.564563   354420.0
    2067    0.000000        0.0
    2068   -0.000083        0.0
    2069   -4.109632   112720.0
    2070    0.000000        0.0
    2071    0.000000        0.0
    2072    0.000000        0.0
    2073    0.000000        0.0
    2074   -2.204333    62310.0
    2075    0.000000        0.0
    2076    0.000000        0.0
    2077   -4.268799   117910.0
    2078    0.000000        0.0
    2079    0.000000        0.0
    2080    0.000000        0.0
    2081   -2.923021    82340.0
    2082    0.000000        0.0
    2083   -0.793771    22660.0
    2084    0.000000        0.0
    2085   -4.939229   138600.0
    2086   -2.267740    63940.0
    2087    0.000000        0.0
    2088    0.000000        0.0
    2089   -0.110149     3130.0
    2090   -0.010069      290.0
    2091  -11.361965   255850.0
    2092   -0.054542     1540.0
    2093    0.000000        0.0
    2094   -0.003135       90.0
    2095  -29.083504   716800.0
    2096  -15.003351   374630.0
    2097   -4.467476       60.0
    2098  -20.527931   523470.0
    2099   -6.138496   171440.0
    2100    0.000000        0.0
    2101   -2.035955    57790.0
    2102  -10.479660   286500.0
    2103    0.000000        0.0
    2104    0.000000        0.0
    2105    0.000000        0.0
    2106    0.000000        0.0
    2107    0.000000        0.0
    2108    0.000000        0.0
    2109    0.000000        0.0
    2110   -6.534535   181690.0
    2111   -0.280382     3280.0
    2112  -12.117840   325380.0
    2113   -0.000056        0.0
    2114   -0.098229     2580.0
    2115    0.000000        0.0
    2116    0.000000        0.0
    2117   -0.000010        0.0
    2118  -10.324139   279210.0
    2119   -9.204517   252500.0
    2120    0.000000        0.0
    2121   -7.553965   194540.0
    2122    0.000000        0.0
    2123   -3.492125    99130.0
    2124   -7.593563   212860.0
    2125   -7.126486   198440.0
    2126    0.000000        0.0
    2127  -12.041153   315880.0
    2128  -14.242396   372670.0
    2129   -0.045705      840.0
    2130   -0.000003        0.0
    2131    0.000000        0.0
    2132   -8.147448   221370.0
    2133   -9.348392   257830.0
    2134  -11.932330   322080.0
    2135   -0.011469      330.0
    2136   -0.003271        0.0
    2137   -0.142552     4080.0
    2138   -1.862132    52650.0
    2139   -0.004559      130.0
    2140   -0.046965     1340.0
    2141   -4.787715   134460.0
    2142   -1.306066    37170.0
    2143    0.000000        0.0
    2144  -18.516903   488210.0
    2145    0.000000        0.0
    2146  -18.772966   486900.0
    2147   -0.014646      420.0
    2148   -2.867622    80840.0
    2149    0.000000        0.0
    2150   -5.211510   145830.0
    2151    0.000000        0.0
    2152   -7.852212   213590.0
    2153  -72.981510  1931960.0
    2154   -0.027722      790.0
    2155   -0.081580     2260.0
    2156  -20.381646   508830.0
    2157   -0.024181      680.0
    2158    0.000000        0.0
    2159  -21.181298   543520.0
    2160    0.000000        0.0
    2161   -0.139288     3840.0
    2162    0.000000        0.0
    2163    0.000000        0.0
    2164   -2.271250    64800.0
    2165    0.000000        0.0
    2166   -0.968483    27680.0
    2167    0.000000        0.0
    2168    0.000000        0.0
    2169   -4.283316   117310.0
    2170   -9.644913   261400.0
    2171    0.000000        0.0
    2172   -0.057101     1610.0
    2173   -0.078434     2220.0
    2174    0.000000        0.0
    2175    0.000000        0.0
    2176   -0.158528     4330.0
    2177    0.000000        0.0
    2178    0.000000        0.0
    2179    0.000000        0.0
    2180   -2.347365    66060.0
    2181   -3.048417    84810.0
    2182    0.000000        0.0
    2183    0.000000        0.0
    2184  -10.286607   259710.0
    2185   -0.070094     1980.0
    2186   -0.000097        0.0
    2187    0.000000        0.0
    2188   -1.954993    54920.0
    2189   -3.721573   102660.0
    2190   -6.471736   181210.0
    2191  -20.984733   550250.0
    2192   -0.058448     1650.0
    2193   -6.412330   171760.0
    2194  -10.578462   277050.0
    2195   -5.533444   152300.0
    2196   -0.005903      170.0
    2197    0.000000        0.0
    2198    0.000000        0.0
    2199   -0.016542      440.0
    2200   -0.000049        0.0
    2201   -0.131861     3500.0
    2202   -0.526684     9720.0
    2203   -0.550458     5290.0
    2204   -3.965017    91720.0
    2205   -0.029938        0.0
    2206   -6.692743   185590.0
    2207   -0.058233     1650.0
    2208   -0.040128     1140.0
    2209   -7.985049   220760.0
    2210   -0.005757      130.0
    2211   -0.453063    11880.0
    2212   -0.227187     6170.0
    2213   -0.021281      510.0
    2214   -2.126493    59990.0
    2215    0.000000        0.0
    2216    0.000000        0.0
    2217    0.000000        0.0
    2218   -0.006597      190.0
    2219   -1.544392    43360.0
    2220   -0.004167      120.0
    2221   -0.142219     3950.0
    2222   -0.272740      720.0
    2223   -0.026799        0.0
    2224   -0.027566        0.0
    2225   -7.732479   221850.0
    2226    0.000000        0.0
    2227   -3.254639    91580.0
    2228    0.000000        0.0
    2229    0.000000        0.0
    2230   -3.077260    85640.0
    2231   -5.003344   135750.0
    2232   -5.777500   156220.0
    2233   -5.229375   118710.0
    2234   -4.364944   120000.0
    2235    0.000000        0.0
    2236   -3.599670   100170.0
    2237    0.000000        0.0
    2238    0.000000        0.0
    2239   -0.072309     2060.0
    2240   -0.010417      300.0
    2241   -0.045448     1300.0
    2242   -2.134201    60570.0
    2243   -5.714875   159420.0
    2244   -6.988208   192840.0
    2245   -4.729444   132210.0
    2246   -1.178288    31330.0
    2247   -0.273990        0.0
    2248   -0.939656    24810.0
    2249   -4.529569   126630.0
    2250  -24.492521   608750.0
    2251  -10.005854   222090.0
    2252  -11.654062   263570.0
    2253   -7.663819   180480.0
    2254   -0.621271      750.0
    2255   -6.963632   190840.0
    2256  -10.383719   271090.0
    2257   -1.095847    28680.0
    2258  -10.519372   240640.0
    2259   -3.312576    76800.0
    2260   -2.328264    53120.0
    2261  -14.241889   372890.0
    2262    0.000000        0.0
    2263   -0.105642     2950.0
    2264    0.000000        0.0
    2265  -15.048850   405140.0
    2266   -0.001858        0.0
    2267   -0.038281     1090.0
    2268   -2.702184    75150.0
    2269   -0.055392     1580.0
    2270  -11.353827   301830.0
    2271   -0.029892      790.0
    2272   -0.001910        0.0
    2273  -15.517927   408950.0
    2274   -3.101809    87230.0
    2275   -2.698344    76600.0
    2276   -3.161236    85310.0
    2277   -2.712004    76950.0
    2278   -0.150740     3780.0
    2279   -2.239955    60400.0
    2280   -0.009000        0.0
    2281   -0.161583     4490.0
    2282  -23.672132   623680.0
    2283   -8.320479   227090.0
    2284   -0.057191      740.0
    2285   -2.001903    53400.0
    2286   -0.002413        0.0
    2287   -2.191993    62060.0
    2288    0.000000        0.0
    2289   -8.206670   226400.0
    2290    0.000000        0.0
    2291    0.000000        0.0
    2292    0.000000        0.0
    2293    0.000000        0.0
    2294  -49.841451  1371690.0
    2295   -0.149660     4200.0
    2296   -7.186799   194750.0
    2297   -0.000056        0.0
    2298    0.000000        0.0
    2299   -2.816601    78740.0
    2300   -3.790288   105360.0
    2301    0.000000        0.0
    2302   -4.986306   137600.0
    2303   -0.485559    13000.0
    2304   -3.441844    92240.0
    2305   -0.023722      680.0
    2306   -6.976809   193660.0
    2307   -0.134226     2760.0
    2308    0.000000        0.0
    2309   -2.730274    77430.0
    2310    0.000000        0.0
    2311   -0.004861      140.0
    2312   -2.860632    80600.0
    2313   -1.667406    47570.0
    2314    0.000000        0.0
    2315   -4.641792   128200.0
    2316    0.000000        0.0
    2317    0.000000        0.0
    2318   -0.166427     4680.0
    2319   -0.078049     2200.0
    2320   -4.507622   124720.0
    2321   -2.349181    66250.0
    2322   -0.080896     2310.0
    2323    0.000000        0.0
    2324   -0.136052     3840.0
    2325   -0.008333      240.0
    2326   -0.002552       70.0
    2327    0.000000        0.0
    2328    0.000000        0.0
    2329   -0.112753     3160.0
    2330    0.000000        0.0
    2331    0.000000        0.0
    2332   -2.646135    75200.0
    2333    0.000000        0.0
    2334    0.000000        0.0
    2335    0.000000        0.0
    2336   -0.000792        0.0
    2337    0.000000        0.0
    2338  -24.129621   591150.0
    2339  -13.430132   353180.0
    2340    0.000000        0.0
    2341    0.000000        0.0
    2342   -0.062611     1780.0
    2343   -0.000031        0.0
    2344   -0.047010     1340.0
    2345   -1.472830    41680.0
    2346   -0.079382     2230.0
    2347  -22.032840   574360.0
    2348    0.000000        0.0
    2349  -13.676035   361180.0
    2350    0.000000        0.0
    2351    0.000000        0.0
    2352   -0.031139      890.0
    2353   -0.001736       50.0
    2354   -0.000003        0.0
    2355  -15.443372   400760.0
    2356    0.000000        0.0
    2357    0.000000        0.0
    2358    0.000000        0.0
    2359   -0.259142     7100.0
    2360    0.000000        0.0
    2361   -2.303121    65640.0
    2362  -12.060625   319110.0
    2363  -11.975146   318700.0
    2364   -0.000274        0.0
    2365  -16.409219   396650.0
    2366    0.000000        0.0
    2367   -2.544812    70880.0
    2368    0.000000        0.0
    2369    0.000000        0.0
    2370    0.000000        0.0
    2371   -2.304375    65650.0
    2372   -1.847851    52790.0
    2373   -9.995299   282060.0
    2374   -0.007066      200.0
    2375  -16.529767   431340.0
    2376    0.000000        0.0
    2377    0.000000        0.0
    2378  -16.897455   434300.0
    2379  -21.729955   554080.0
    2380   -0.752493    20080.0
    2381   -0.048566        0.0
    2382   -0.081715     2280.0
    2383    0.000000        0.0
    2384   -0.022056      630.0
    2385   -0.022951      650.0
    2386   -3.039993    80590.0
    2387   -0.186469     5050.0
    2388   -0.033931      880.0
    2389   -0.104267     2920.0
    2390   -0.267361     7180.0
    2391   -0.380552    10080.0
    2392  -14.990500   395810.0
    2393  -10.529688   282010.0
    2394   -1.042000    27910.0
    2395    0.000000        0.0
    2396   -9.754524   260270.0
    2397   -2.307722    61040.0
    2398   -0.068719     1960.0
    2399   -2.711931    77190.0
    2400   -0.063167     1290.0
    2401   -4.657878   131700.0
    2402    0.000000        0.0
    2403    0.000000        0.0
    2404   -3.321555    95190.0
    2405   -1.439392    41260.0
    2406   -0.040233     1140.0
    2407  -16.182212   418980.0
    2408   -0.003819        0.0
    2409   -1.689292    42590.0
    2410   -0.126365     3500.0
    2411   -0.157153     4330.0
    2412   -0.015479      440.0
    2413   -0.076882     2160.0
    2414  -11.447486   302980.0
    2415    0.000000        0.0
    2416   -0.000007        0.0
    2417  -11.581194   310240.0
    2418    0.000000        0.0
    2419    0.000000        0.0
    2420   -0.129521     3610.0
    2421    0.000000        0.0
    2422   -6.425826   175120.0
    2423   -4.102983   114390.0
    2424    0.000000        0.0
    2425   -0.052396     1500.0
    2426   -0.042542     1200.0
    2427    0.000000        0.0
    2428    0.000000        0.0
    2429    0.000000        0.0
    2430    0.000000        0.0
    2431    0.000000        0.0
    2432   -0.009174        0.0
    2433   -2.436792    69270.0
    2434   -0.124389     3500.0
    2435   -6.820191   187120.0
    2436   -0.100549     2830.0
    2437   -6.596007   180350.0
    2438    0.000000        0.0
    2439   -0.225149     6150.0
    2440   -0.028233      790.0
    2441   -7.013399   193070.0
    2442    0.000000        0.0
    2443   -1.017031        0.0
    2444   -0.002087       60.0
    2445    0.000000        0.0
    2446    0.000000        0.0
    2447   -0.027701      790.0
    2448    0.000000        0.0
    2449   -9.361156   257490.0
    2450   -0.130201     3500.0
    2451   -0.188868     5160.0
    2452   -0.008958      250.0
    2453  -17.157871   437460.0
    2454   -0.907319    24640.0
    2455   -0.061104     1510.0
    2456   -0.106799     3000.0
    2457   -4.045444   111360.0
    2458   -0.201372     5460.0
    2459  -13.799580   366460.0
    2460    0.000000        0.0
    2461   -1.091372    25320.0
    2462   -2.334542    64630.0
    2463   -0.004514      130.0
    2464   -0.004007       40.0
    2465    0.000000        0.0
    2466   -7.630986   192990.0
    2467    0.000000        0.0
    2468    0.000000        0.0
    2469   -3.195188    89880.0
    2470   -0.077194     2160.0
    2471   -0.348240     9440.0
    2472   -0.000087        0.0
    2473  -16.818476   434540.0
    2474  -15.261479   394840.0
    2475  -17.621132   445670.0
    2476  -14.404305   360310.0
    2477  -14.366920   375480.0
    2478    0.000000        0.0
    2479   -8.774389   198010.0
    2480   -0.000750        0.0
    2481   -0.015396      440.0
    2482  -58.183257  1613040.0
    2483   -0.166979     4720.0
    2484  -94.410948  2589450.0
    2485   -5.568226   156110.0
    2486    0.000000        0.0
    2487  -13.326899   337990.0
    2488    0.000000        0.0
    2489    0.000000        0.0
    2490  -28.835303   798550.0
    2491   -0.683510    13160.0
    2492  -22.720493   587880.0
    2493   -0.731264    10540.0
    2494   -0.028188      780.0
    2495    0.000000        0.0
    2496   -0.001736       50.0
    2497   -1.702469    48400.0
    2498    0.000000        0.0
    2499   -5.373497   149860.0
    2500    0.000000        0.0
    2501   -2.779712    78600.0
    2502   -1.231830    35210.0
    2503   -5.457590   152700.0
    2504    0.000000        0.0
    2505   -5.697114   145080.0
    2506    0.000000        0.0
    2507  -10.705712   289460.0
    2508   -0.167670     4650.0
    2509   -0.077608     2160.0
    2510  -42.991673  1155170.0
    2511  -17.460427   446090.0
    2512    0.000000        0.0
    2513   -0.106976     2960.0
    2514   -0.044319     1160.0
    2515  -17.403236   464140.0
    2516   -9.945920   265690.0
    2517    0.000000        0.0
    2518   -0.187733     5160.0
    2519    0.000000        0.0
    2520    0.000000        0.0
    2521    0.000000        0.0
    2522  -27.848274   678160.0
    2523  -29.079232   728190.0
    2524  -30.834101   769150.0
    2525   -1.471767    41910.0
    2526   -1.584153    45140.0
    2527   -0.028351      810.0
    2528   -0.012125      340.0
    2529    0.000000        0.0
    2530    0.000000        0.0
    2531   -0.004167      120.0
    2532   -0.595608    17150.0
    2533   -0.002122        0.0
    2534  -21.427323   545470.0
    2535   -0.000347       10.0
    2536    0.000000        0.0
    2537   -0.037785     1080.0
    2538    0.000000        0.0
    2539    0.000000        0.0
    2540    0.000000        0.0
    2541   -0.032156      910.0
    2542  -32.445530   800310.0
    2543  -28.913958   707750.0
    2544   -0.033278      910.0
    2545  -31.127035   756070.0
    2546    0.000000        0.0
    2547   -0.000365        0.0
    2548    0.000000        0.0
    2549    0.000000        0.0
    2550  -21.136170   540630.0
    2551  -18.093778   468290.0
    2552  -12.699045   333700.0
    2553   -0.000007        0.0
    2554   -8.433868   230460.0
    2555    0.000000        0.0
    2556   -4.714260   130670.0
    2557  -20.185646   527660.0
    2558    0.000000        0.0
    2559    0.000000        0.0
    2560  -11.659622   305310.0
    2561    0.000000        0.0
    2562   -2.090760    58910.0
    2563   -2.547705    69980.0
    2564    0.000000        0.0
    2565  -20.590451   517380.0
    2566    0.000000        0.0
    2567  -21.247274   542430.0
    2568    0.000000        0.0
    2569   -0.445569     3680.0
    2570   -0.137375     3840.0
    2571   -0.038597     1110.0
    2572    0.000000        0.0
    2573   -0.080403     2290.0
    2574   -5.162167   144090.0
    2575   -0.104868     2980.0
    2576   -0.064441     1830.0
    2577    0.000000        0.0
    2578   -3.797937   105400.0
    2579    0.000000        0.0
    2580    0.000000        0.0
    2581   -9.614229   261160.0
    2582   -8.262305   218840.0
    2583   -0.001795       40.0
    2584   -0.019517      560.0
    2585    0.000000        0.0
    2586  -22.484462   569200.0
    2587  -15.495093   407110.0
    2588    0.000000        0.0
    2589  -21.232948   539600.0
    2590   -0.009142      260.0
    2591   -0.000090        0.0
    2592    0.000000        0.0
    2593   -8.541552   234890.0
    2594    0.000000        0.0
    2595   -3.819500   104950.0
    2596   -7.192910   198510.0
    2597   -0.010510        0.0
    2598   -1.277562    34540.0
    2599   -9.802587   264270.0
    2600   -0.664017    17640.0
    2601   -2.292493    64550.0
    2602    0.000000        0.0
    2603   -0.219819     6220.0
    2604   -3.003750    85120.0
    2605  -15.695046   419260.0
    2606   -0.076545     2160.0
    2607   -0.154851     4330.0
    2608   -0.000010        0.0
    2609    0.000000        0.0
    2610    0.000000        0.0
    2611  -15.948733   414280.0
    2612   -0.059924     1650.0
    2613   -1.071181    30430.0
    2614    0.000000        0.0
    2615    0.000000        0.0
    2616    0.000000        0.0
    2617    0.000000        0.0
    2618   -0.004576      130.0
    2619    0.000000        0.0
    2620   -0.019563      560.0
    2621    0.000000        0.0
    2622    0.000000        0.0
    2623  -18.887375   495120.0
    2624   -0.025184      710.0
    2625    0.000000        0.0
    2626    0.000000        0.0
    2627    0.000000        0.0
    2628    0.000000        0.0
    2629    0.000000        0.0
    2630    0.000000        0.0
    2631    0.000000        0.0
    2632   -0.278819     8030.0
    2633   -0.007986      230.0
    2634    0.000000        0.0
    2635   -7.420184   204230.0
    2636   -0.133503     3770.0
    2637    0.000000        0.0
    2638    0.000000        0.0
    2639   -6.097320   165840.0
    2640   -4.467517   123230.0
    2641  -23.383333   634160.0
    2642    0.000000        0.0
    2643    0.000000        0.0
    2644    0.000000        0.0
    2645  -16.153785   415620.0
    2646    0.000000        0.0
    2647   -0.058663     1650.0
    2648   -1.553868    40330.0
    2649    0.000000        0.0
    2650   -6.801629   185530.0
    2651    0.000000        0.0
    2652   -4.959580   134090.0
    2653   -6.367469   178780.0
    2654    0.000000        0.0
    2655    0.000000        0.0
    2656   -3.239167    91670.0
    2657   -3.857111   108160.0
    2658    0.000000        0.0
    2659   -3.186722    87300.0
    2660   -6.018424   166040.0
    2661   -3.869274   106580.0
    2662   -0.175042     4920.0
    2663   -0.000062        0.0
    2664   -0.113427     3210.0
    2665    0.000000        0.0
    2666  -14.074347   371330.0
    2667  -17.029750   450840.0
    2668  -28.964705   725270.0
    2669    0.000000        0.0
    2670   -6.276292   165400.0
    2671  -38.324377  1053510.0
    2672    0.000000        0.0
    2673    0.000000        0.0
    2674   -4.104621   113120.0
    2675    0.000000        0.0
    2676   -0.041979     1200.0
    2677   -0.027913      800.0
    2678   -5.307944   147320.0
    2679   -0.009073      260.0
    2680    0.000000        0.0
    2681   -2.064635    57790.0
    2682   -7.272629   199970.0
    2683    0.000000        0.0
    2684   -0.005510      150.0
    2685   -4.596438   127160.0
    2686    0.000000        0.0
    2687    0.000000        0.0
    2688    0.000000        0.0
    2689    0.000000        0.0
    2690   -0.171597     4930.0
    2691   -4.687490   131070.0
    2692   -0.992788    28180.0
    2693   -0.035951     1000.0
    2694   -4.503569   126090.0
    2695   -6.221375   171480.0
    2696   -0.102097     2880.0
    2697   -0.125458     3540.0
    2698    0.000000        0.0
    2699  -11.474094   311820.0
    2700    0.000000        0.0
    2701    0.000000        0.0
    2702    0.000000        0.0
    2703    0.000000        0.0
    2704    0.000000        0.0
    2705   -0.089674     2540.0
    2706   -0.003837      110.0
    2707    0.000000        0.0
    2708   -3.178521    89190.0
    2709   -4.703840   131040.0
    2710   -5.384542   147110.0
    2711   -0.016979      480.0
    2712   -0.007667      220.0
    2713    0.000000        0.0
    2714   -0.000021        0.0
    2715  -20.160503   516300.0
    2716  -21.938611   563620.0
    2717  -29.378017   730710.0
    2718   -0.006188      170.0
    2719   -0.052045     1450.0
    2720   -0.316594     8590.0
    2721    0.000000        0.0
    2722   -3.556469   100320.0
    2723   -0.003472      100.0
    2724    0.000000        0.0
    2725   -0.005903      170.0
    2726   -8.661698   237070.0
    2727   -0.014087      400.0
    2728   -0.014653      420.0
    2729   -4.245559   117060.0
    2730   -0.125354     3540.0
    2731    0.000000        0.0
    2732   -0.000042        0.0
    2733   -0.027566      790.0
    2734   -4.911972   136000.0
    2735   -0.000003        0.0
    2736   -0.068712     1940.0
    2737    0.000000        0.0
    2738    0.000000        0.0
    2739    0.000000        0.0
    2740   -0.030368      870.0
    2741    0.000000        0.0
    2742   -0.022712      650.0
    2743   -0.142444     4000.0
    2744    0.000000        0.0
    2745   -0.048458     1380.0
    2746   -0.000028        0.0
    2747   -0.048458     1380.0
    2748   -8.324576   230630.0
    2749   -0.081014     2160.0
    2750  -20.084507   524560.0
    2751  -19.685153   507890.0
    2752    0.000000        0.0
    2753   -0.027701      790.0
    2754   -0.155615     4330.0
    2755   -7.434420   195380.0
    2756    0.000000        0.0
    2757   -0.097184     2750.0
    2758   -6.200059   172860.0
    2759   -6.528802   181860.0
    2760    0.000000        0.0
    2761   -0.005743      160.0
    2762   -4.281951   119390.0
    2763   -4.717278   131960.0
    2764   -3.167705    89530.0
    2765   -7.125806   192640.0
    2766   -0.234472     6520.0
    2767   -0.350122     8650.0
    2768   -6.899906   175460.0
    2769   -0.064552        0.0
    2770    0.000000        0.0
    2771    0.000000        0.0
    2772  -31.775701   797850.0
    2773   -3.870736   108460.0
    2774   -0.073677     2100.0
    2775   -3.104500    87430.0
    2776   -4.111229   115860.0
    2777   -0.185132     5160.0
    2778   -0.100944     2830.0
    2779    0.000000        0.0
    2780  -41.468652  1143060.0
    2781   -6.017236   167870.0
    2782    0.000000        0.0
    2783   -0.000694       20.0
    2784   -4.492875   123120.0
    2785   -0.320208     8290.0
    2786    0.000000        0.0
    2787  -21.448587   540630.0
    2788    0.000000        0.0
    2789   -0.091094     2160.0
    2790   -0.037514        0.0
    2791   -0.334076     7670.0
    2792   -2.630146    64470.0
    2793   -0.026042      720.0
    2794   -0.001750        0.0
    2795  -27.343319   665150.0
    2796   -3.361726    95160.0
    2797   -0.004514      130.0
    2798   -0.018618      510.0
    2799   -3.442413    95850.0
    2800  -19.979722   531600.0
    2801   -0.174160     4600.0
    2802   -3.184736    90140.0
    2803    0.000000        0.0
    2804    0.000000        0.0
    2805    0.000000        0.0
    2806   -0.000010        0.0
    2807   -0.000021        0.0
    2808   -1.898323    51440.0
    2809   -1.253420    33000.0
    2810   -0.000451        0.0
    2811    0.000000        0.0
    2812    0.000000        0.0
    2813    0.000000        0.0
    2814  -19.165392   492520.0
    2815    0.000000        0.0
    2816   -4.455899   122170.0
    2817   -5.534347   146880.0
    2818   -2.510444    69320.0
    2819    0.000000        0.0
    2820   -1.125743    31770.0
    2821   -0.933056    26400.0
    2822    0.000000        0.0
    2823    0.000000        0.0
    2824   -0.056931     1560.0
    2825   -0.000066        0.0
    2826   -8.885826   237080.0
    2827   -8.144236   223090.0
    2828   -1.833052    44940.0
    2829  -21.569834   548390.0
    2830   -0.604806    15780.0
    2831  -24.222590   609680.0
    2832    0.000000        0.0
    2833  -61.415253  1703580.0
    2834   -4.497521   125660.0
    2835    0.000000        0.0
    2836   -5.489208   152880.0
    2837   -5.849854   163170.0
    2838   -2.894049    81990.0
    2839   -0.067347        0.0
    2840    0.000000        0.0
    2841    0.000000        0.0
    2842    0.000000        0.0
    2843  -23.468521   591230.0
    2844   -0.000347       10.0
    2845    0.000000        0.0
    2846   -0.767333        0.0
    2847  -35.568888   861080.0
    2848   -0.007986      230.0
    2849   -0.005868        0.0
    2850   -0.025462      730.0
    2851   -4.653365   130260.0
    2852   -0.039556     1130.0
    2853   -1.249944    27010.0
    2854   -0.017069      490.0
    2855   -2.023476    57280.0
    2856    0.000000        0.0
    2857   -3.884212   109190.0
    2858   -2.633962    74800.0
    2859   -0.006115        0.0
    2860    0.000000        0.0
    2861   -0.006597      190.0
    2862    0.000000        0.0
    2863   -0.006021      170.0
    2864    0.000000        0.0
    2865    0.000000        0.0
    2866  -31.533444   774600.0
    2867    0.000000        0.0
    2868   -1.411674    37450.0
    2869   -3.222451    86310.0
    2870    0.000000        0.0
    2871   -0.024510      700.0
    2872    0.000000        0.0
    2873   -4.547438   126280.0
    2874    0.000000        0.0
    2875    0.000000        0.0
    2876   -3.948226   110040.0
    2877   -0.014153      400.0
    2878   -0.031781      860.0
    2879    0.000000        0.0
    2880    0.000000        0.0
    2881   -0.049174     1400.0
    2882   -0.022743      220.0
    2883 -128.911896  3542460.0
    2884   -0.053458     1280.0
    2885   -0.154819     3870.0
    2886   -0.311111     8620.0
    2887   -0.158760     4200.0
    2888   -0.004983        0.0
    2889    0.000000        0.0
    2890    0.000000        0.0
    2891   -0.004514      130.0
    2892   -9.425319   262630.0
    2893    0.000000        0.0
    2894   -2.864073    79500.0
    2895    0.000000        0.0
    2896    0.000000        0.0
    2897    0.000000        0.0
    2898    0.000000        0.0
    2899    0.000000        0.0
    2900    0.000000        0.0
    2901   -8.490514   236800.0
    2902   -0.113194     3260.0
    2903    0.000000        0.0
    2904    0.000000        0.0
    2905    0.000000        0.0
    2906    0.000000        0.0
    2907    0.000000        0.0
    2908   -0.054042     1540.0
    2909   -4.939191   135210.0
    2910   -0.034198      970.0
    2911   -0.035205     1000.0
    2912   -0.000076        0.0
    2913  -21.307972   483280.0
    2914  -11.648681   307180.0
    2915  -11.424833   305990.0
    2916   -0.364774    10150.0
    2917   -0.000226        0.0
    2918   -1.152649    30900.0
    2919   -0.364337     9110.0
    2920   -4.044601   113860.0
    2921   -2.805142    78900.0
    2922    0.000000        0.0
    2923   -0.323958     9330.0
    2924   -0.064712     1800.0
    2925    0.000000        0.0
    2926   -0.075538     1510.0
    2927   -0.024247      690.0
    2928  -17.030500   404830.0
    2929   -1.700319    41770.0
    2930   -0.061007     1650.0
    2931    0.000000        0.0
    2932   -2.831139    79250.0
    2933   -2.547545    71940.0
    2934   -3.683330   103130.0
    2935   -5.147823   142210.0
    2936    0.000000        0.0
    2937    0.000000        0.0
    2938   -6.832969   188860.0
    2939   -0.004861      140.0
    2940    0.000000        0.0
    2941   -5.930576   162410.0
    2942   -2.448653    68410.0
    2943   -7.245229   191060.0
    2944   -8.805715   249920.0
    2945   -3.905577   109730.0
    2946   -3.224490    91840.0
    2947   -3.384920    95830.0
    2948    0.000000        0.0
    2949    0.000000        0.0
    2950    0.000000        0.0
    2951    0.000000        0.0
    2952   -0.004566      130.0
    2953   -3.988174   111730.0
    2954   -0.055892     1580.0
    2955    0.000000        0.0
    2956   -5.402406   154110.0
    2957    0.000000        0.0
    2958   -2.945024    81440.0
    2959    0.000000        0.0
    2960   -0.902774    25950.0
    2961   -6.880493   189840.0
    2962   -2.671441    75580.0
    2963    0.000000        0.0
    2964  -57.119567  1405010.0
    2965    0.000000        0.0
    2966   -0.100632     2830.0
    2967    0.000000        0.0
    2968   -8.854431   240470.0
    2969   -0.153861     4330.0
    2970    0.000000        0.0
    2971   -0.022375      640.0
    2972   -0.000069        0.0
    2973   -3.741326   103480.0
    2974   -0.170865     4730.0
    2975   -6.379198   172670.0
    2976    0.000000        0.0
    2977   -1.260795    35730.0
    2978    0.000000        0.0
    2979   -0.580719    16430.0
    2980    0.000000        0.0
    2981    0.000000        0.0
    2982    0.000000        0.0
    2983    0.000000        0.0
    2984   -0.007292      210.0
    2985    0.000000        0.0
    2986   -0.152667     4170.0
    2987   -4.989764   138120.0
    2988   -1.685524    47170.0
    2989   -0.029514      840.0
    2990    0.000000        0.0
    2991    0.000000        0.0
    2992   -0.137937     3030.0
    2993   -1.532142    40800.0
    2994   -0.014979        0.0
    2995   -1.490170    29370.0
    2996   -1.286455    32850.0
    2997   -1.269111    32940.0
    2998   -0.615059    16260.0
    2999   -0.695694    17920.0
    3000    0.000000        0.0
    3001   -0.003125       90.0
    3002    0.000000        0.0
    3003   -3.347021    94270.0
    3004   -6.445906   177780.0
    3005    0.000000        0.0
    3006   -0.033875      970.0
    3007   -3.388635    95380.0
    3008   -0.042542     1200.0
    3009   -0.082691     2310.0
    3010   -0.023292      660.0
    3011  -16.440746   429850.0
    3012  -15.846615   413020.0
    3013  -22.357972   520400.0
    3014    0.000000        0.0
    3015  -13.723083   361390.0
    3016   -0.000347       10.0
    3017   -0.009799      280.0
    3018   -0.001597       10.0
    3019   -0.530559        0.0
    3020    0.000000        0.0
    3021    0.000000        0.0
    3022    0.000000        0.0
    3023   -4.848997   134050.0
    3024   -0.086490     2430.0
    3025    0.000000        0.0
    3026   -0.000035        0.0
    3027   -5.606823   154870.0
    3028   -0.090073     2550.0
    3029   -0.042677     1200.0
    3030   -0.021990      590.0
    3031   -0.000021        0.0
    3032   -0.015396      440.0
    3033    0.000000        0.0
    3034    0.000000        0.0
    3035    0.000000        0.0
    3036    0.000000        0.0
    3037   -0.135899     3500.0
    3038  -14.242660   373160.0
    3039  -17.422885   446080.0
    3040   -0.346042     9520.0
    3041   -6.507194   177560.0
    3042    0.000000        0.0
    3043   -4.978566   138710.0
    3044   -0.047747     1350.0
    3045   -7.845865   215620.0
    3046  -12.005240   323050.0
    3047  -12.058451   322360.0
    3048   -1.137587    32530.0
    3049    0.000000        0.0
    3050   -0.007191        0.0
    3051   -0.068125     1950.0
    3052   -2.728983    76770.0
    3053   -0.014628      420.0
    3054    0.000000        0.0
    3055   -0.028931      820.0
    3056   -0.022201      620.0
    3057   -0.011247      320.0
    3058    0.000000        0.0
    3059    0.000000        0.0
    3060   -4.578514   125700.0
    3061    0.000000        0.0
    3062    0.000000        0.0
    3063    0.000000        0.0
    3064   -7.892611   212480.0
    3065    0.000000        0.0
    3066   -0.071611     1980.0
    3067   -9.405892   250560.0
    3068   -5.954931   158660.0
    3069   -0.010986      280.0
    3070    0.000000        0.0
    3071    0.000000        0.0
    3072    0.000000        0.0
    3073   -2.544646    70580.0
    3074   -4.883069   132890.0
    3075    0.000000        0.0
    3076   -0.018997      520.0
    3077   -0.189469     3080.0
    3078   -0.369351     9390.0
    3079  -11.647774   314450.0
    3080    0.000000        0.0
    3081  -18.019174   462700.0
    3082   -0.003507      100.0
    3083    0.000000        0.0
    3084   -3.781066   105550.0
    3085   -3.000906    83620.0
    3086    0.000000        0.0
    3087   -4.072451   113100.0
    3088    0.000000        0.0
    3089  -15.356701   399490.0
    3090    0.000000        0.0
    3091    0.000000        0.0
    3092    0.000000        0.0
    3093   -0.653663    18360.0
    3094   -0.027913      800.0
    3095   -0.004514      130.0
    3096    0.000000        0.0
    3097   -5.539299   151170.0