 episode    sum_reward  tardiness
       1 -4.899621e+02  1327050.0
       2 -6.557101e+02   243850.0
       3 -4.051354e+02   563840.0
       4 -8.412993e+02   934350.0
       5 -5.528601e+01   494370.0
       6 -7.410519e+02  3286420.0
       7 -6.239198e+01   238260.0
       8 -4.017450e+02  1132230.0
       9 -9.725684e+01   704430.0
      10 -6.693032e+02   306040.0
      11 -6.642269e+02   296600.0
      12 -6.795625e+02   880130.0
      13 -7.344856e+01   748880.0
      14 -5.544655e+02   952570.0
      15 -1.336400e+02  1819570.0
      16 -6.656003e+02   303460.0
      17 -6.525667e+02   276170.0
      18 -8.359361e+02   801360.0
      19 -3.059550e+01   689950.0
      20 -6.098161e+01   632140.0
      21 -6.444436e+02   239620.0
      22 -2.082845e+02   376420.0
      23 -6.710559e+01   546600.0
      24 -6.645503e+02   847820.0
      25 -4.531789e+02   203440.0
      26 -1.387526e+02  2568020.0
      27 -1.251356e+02  1385270.0
      28 -4.069637e+02  3007640.0
      29 -7.097407e+02   260200.0
      30 -3.369050e+02   344350.0
      31 -6.579982e+02   270440.0
      32 -4.860883e+01   382580.0
      33 -6.657254e+02   878470.0
      34 -9.851636e+01   132950.0
      35 -1.343428e+02   308030.0
      36 -6.929079e+01  1467430.0
      37 -1.353938e+02   349930.0
      38 -3.604852e+01  1557070.0
      39 -8.360178e+02   813860.0
      40 -2.577635e+02  2405170.0
      41 -6.473541e+02   235590.0
      42 -5.309578e+02   860230.0
      43 -1.958937e+02  2038740.0
      44 -8.983577e+01   282260.0
      45 -1.597432e+02  1850600.0
      46 -8.430032e+02   915740.0
      47 -1.154457e+02   345380.0
      48 -6.821412e+02   705000.0
      49 -1.062226e+02   293580.0
      50 -1.947021e+02  1724490.0
      51 -6.451165e+01   192920.0
      52 -2.370759e+02   292270.0
      53 -6.637139e+02   520040.0
      54 -1.487082e+02  1779830.0
      55 -6.408116e+01   188450.0
      56 -3.576879e+01  1409400.0
      57 -6.413422e+01   230840.0
      58 -6.231511e+01  1876290.0
      59 -7.038177e+01   238510.0
      60 -8.382067e+02   842220.0
      61 -1.551759e+02   787260.0
      62 -3.702832e+01   532340.0
      63 -9.744437e+01   254710.0
      64 -1.272075e+02   325060.0
      65 -2.590510e+01   234720.0
      66 -2.495818e+02  2120030.0
      67 -1.170798e+02   281650.0
      68 -1.391600e+02  2124300.0
      69 -1.171513e+02  1048400.0
      70 -8.435292e+02  2118580.0
      71 -8.824539e+01  2165560.0
      72 -1.298078e+02   328250.0
      73 -6.480030e+02   382110.0
      74 -8.198262e+01  1653530.0
      75 -3.580975e+02  4601600.0
      76 -1.759078e+02  1547140.0
      77 -1.545157e+02   275430.0
      78 -6.646784e+02   303610.0
      79 -3.649878e+02   936460.0
      80 -3.689254e+02  1618940.0
      81 -8.286921e+01   473050.0
      82 -1.419596e+02   689750.0
      83 -1.243992e+02   444210.0
      84 -8.385556e+02   937390.0
      85 -7.185723e+01   411190.0
      86 -1.832756e+00   107210.0
      87 -3.971650e+02   231020.0
      88 -1.079386e+02  1171640.0
      89 -1.548820e+00   130520.0
      90 -1.290108e+02   680440.0
      91 -6.525583e+02   296640.0
      92 -4.345885e+00   141580.0
      93 -1.230707e+02   602400.0
      94 -8.074839e+01   240690.0
      95 -9.729959e+01   861870.0
      96 -3.944640e+02   251420.0
      97 -1.131404e+02  2175830.0
      98 -7.519664e+01   874700.0
      99 -7.618529e+02  1017290.0
     100 -1.203383e+02  1271880.0
     101 -1.705337e+01   475000.0
     102 -9.980537e+01   468010.0
     103 -8.422758e+02  2646050.0
     104 -8.360590e+02   916190.0
     105 -8.359517e+02   792330.0
     106 -6.698892e+01  1414930.0
     107 -1.116473e+02   256400.0
     108 -5.504218e+01   251600.0
     109 -3.939915e+02  1675840.0
     110 -3.118549e+02  1415170.0
     111 -6.694263e+02  1374490.0
     112 -3.226746e+02   300230.0
     113 -9.567418e+01   519070.0
     114 -5.415028e+01   373990.0
     115 -1.067987e+02   287670.0
     116 -1.435114e+02   315230.0
     117 -1.563251e+02   336120.0
     118 -7.088349e+01   676820.0
     119 -1.493606e+02  1785110.0
     120 -1.041564e+02  1194960.0
     121 -8.062665e+01   275550.0
     122 -4.880761e+01  1532200.0
     123 -5.345670e+01   264700.0
     124 -1.250125e+02  1128230.0
     125  9.306526e-01   153900.0
     126 -7.852277e+01   732590.0
     127 -4.049259e+02   654960.0
     128 -9.616552e+01   136060.0
     129 -1.024241e+02   960240.0
     130 -3.346208e+02   274140.0
     131 -1.831462e+02   769840.0
     132 -7.468019e+02   334490.0
     133 -4.123077e+01  1456640.0
     134 -8.402872e+02  2840470.0
     135 -7.298082e+02   403420.0
     136 -9.134007e+01  1083820.0
     137 -4.511158e+01  1386130.0
     138 -1.591530e+02   302750.0
     139 -3.271534e+02  1666310.0
     140 -1.477203e+02   191650.0
     141 -1.005477e+00   210030.0
     142 -7.252717e+01   345800.0
     143 -9.871752e+01   135630.0
     144 -3.364577e+01   254020.0
     145 -1.973692e+02   805030.0
     146 -6.630052e+01   802570.0
     147 -7.102125e+01   689050.0
     148 -2.060138e+02   320460.0
     149 -2.028854e+02  1099780.0
     150 -8.359880e+02   834520.0
     151 -1.071531e+01   210500.0
     152 -8.368154e+02  1202400.0
     153 -6.820004e+01   964720.0
     154 -7.029086e+01   232830.0
     155 -8.481009e+01  1542110.0
     156 -3.694467e+02  2437930.0
     157  0.000000e+00   132880.0
     158 -1.566868e+01   684300.0
     159 -6.492820e+02   256140.0
     160 -7.387402e+01   671530.0
     161 -8.208054e+00   252910.0
     162 -3.029843e+01  2220290.0
     163 -1.475401e+02  1416390.0
     164 -4.279201e+01   151670.0
     165 -6.737255e+02   659730.0
     166 -2.168873e+02  2654400.0
     167 -9.181456e-01   128450.0
     168 -9.940104e+01   228170.0
     169 -3.346630e+01   146690.0
     170 -1.429179e+02  1169670.0
     171 -8.874355e+01  3178840.0
     172 -6.615699e+02   302480.0
     173 -1.460806e+02  2412610.0
     174 -6.784762e+01  1142190.0
     175 -6.496977e+02   253480.0
     176 -3.552953e+02   969150.0
     177 -2.133378e+02  1052240.0
     178 -6.432155e+02   234510.0
     179 -6.862518e+01   360730.0
     180 -3.956742e+01  1023220.0
     181 -8.387877e+02  2130710.0
     182 -2.494159e+02  3095070.0
     183 -8.358346e+02   799940.0
     184 -2.267891e+02  1384050.0
     185 -8.358998e+02   818690.0
     186 -1.718784e+02   685280.0
     187 -1.194884e+02  3074330.0
     188 -6.881726e+01  1622740.0
     189 -1.759928e+02  1872470.0
     190 -1.303833e+02  1083580.0
     191 -7.242746e+01  1674280.0
     192 -4.246351e+01   646740.0
     193 -6.027971e+01   647580.0
     194 -1.301135e+01   369280.0
     195 -2.436859e+02   226250.0
     196 -7.959988e+01  3631420.0
     197 -5.549794e+01   180800.0
     198 -7.064448e+02   309950.0
     199 -7.657605e+00   269760.0
     200 -1.003081e+02   230140.0
     201 -8.765952e+01   262660.0
     202 -9.840341e+01   126670.0
     203 -1.165761e+02  1860050.0
     204 -8.628642e+01  1829500.0
     205 -4.543355e+02   914670.0
     206 -1.088709e+02   799090.0
     207 -1.030465e+02   736070.0
     208 -7.426733e+02  1126300.0
     209 -9.058736e+01  2095210.0
     210 -7.400153e+01   260750.0
     211 -4.291122e+01   607850.0
     212 -8.411445e+02  1426590.0
     213 -3.826585e+01   245060.0
     214 -1.135855e+02   243660.0
     215 -3.918234e+02   821520.0
     216 -3.440730e+01   476140.0
     217 -8.368117e+02  1178940.0
     218 -6.709231e+02   300840.0
     219 -9.997367e+01   200990.0
     220 -3.719583e+02  1428610.0
     221 -1.104371e+02   255090.0
     222 -2.981978e+01   251460.0
     223 -1.247740e+01   133500.0
     224 -6.683684e+02   269950.0
     225 -6.462421e+01   231940.0
     226 -6.792434e+01   370360.0
     227 -3.204030e+02   549660.0
     228 -9.191808e+01  1485770.0
     229 -1.412988e+01   673710.0
     230 -1.126844e+02  1116340.0
     231 -4.951149e-01   138060.0
     232 -9.382717e+01   255360.0
     233 -1.066660e+02   262100.0
     234 -1.102312e+05    30220.0
     235 -1.131587e+02  1196780.0
     236 -6.697237e+05    61870.0
     237 -1.001555e+03   904890.0
     238 -7.204202e+02  1480010.0
     239 -9.496407e+01  1244230.0
     240 -8.422567e+02   879220.0
     241 -4.307788e+02   383240.0
     242 -7.885187e+04    79720.0
     243 -2.647893e+00    49860.0
     244 -5.916112e-02   108940.0
     245 -4.264183e+01   547850.0
     246 -8.951000e+04    15830.0
     247 -4.467211e+05     2420.0
     248  2.824146e-01    54210.0
     249 -2.713741e+04      920.0
     250 -8.037000e+04    22140.0
     251 -8.979995e+04   113090.0
     252 -5.772750e+02    39450.0
     253 -2.606849e+00   271000.0
     254 -2.259204e+01   896490.0
     255 -2.863996e+04     1780.0
     256 -1.216528e+02    37550.0
     257 -6.468304e+04    55450.0
     258 -1.159761e+01   142640.0
     259 -4.602720e+01   863190.0
     260 -7.141195e+02   481390.0
     261 -7.222967e+01   780550.0
     262  5.926105e-01   135070.0
     263 -2.708930e+01  1303040.0
     264 -4.253491e+01  1476300.0
     265 -1.012511e+05   106040.0
     266  4.676984e-01    33400.0
     267 -1.732325e+04      510.0
     268  0.000000e+00        0.0
     269 -4.499979e+00     2410.0
     270  0.000000e+00        0.0
     271 -1.000000e+02        0.0
     272 -5.358300e+05   102310.0
     273 -3.164867e+05     2420.0
     274 -7.355158e+02    80720.0
     275  0.000000e+00        0.0
     276 -4.222199e+05     4800.0
     277 -7.448150e+02    36370.0
     278 -8.452051e+02  2299760.0
     279 -2.923133e+02   470780.0
     280  0.000000e+00        0.0
     281 -6.629556e+02    53160.0
     282 -9.556955e+04     9120.0
     283 -4.510900e+04    29340.0
     284  6.993149e-01    54260.0
     285 -5.129300e+05    24030.0
     286 -2.541073e+03      830.0
     287 -1.627342e+02  2776060.0
     288 -8.393051e+02   835400.0
     289 -4.155744e+01  1253180.0
     290 -4.489402e+05     2420.0
     291 -7.418406e+02   767270.0
     292 -4.416600e+05     2420.0
     293 -1.715300e+05        0.0
     294 -8.586000e+04    14840.0
     295 -5.596991e+02   754080.0
     296 -6.268441e+00   113090.0
     297 -4.767986e+01  2489910.0
     298 -7.104000e+04        0.0
     299 -5.905869e+01   262150.0
     300 -5.552847e+02   373850.0
     301  0.000000e+00     2420.0
     302 -3.846154e-01     2420.0
     303 -1.009481e+02    27140.0
     304 -8.958830e-02   129380.0
     305 -8.675861e+01   214310.0
     306 -8.159591e+03     1420.0
     307 -1.530400e+05    18790.0
     308 -4.086000e+04     2420.0
     309  0.000000e+00      830.0
     310 -8.952041e+04    76420.0
     311  0.000000e+00        0.0
     312 -1.001380e+01   145830.0
     313 -1.804100e+05   119910.0
     314 -8.244545e+03    10980.0
     315 -1.874359e+01     2420.0
     316 -1.606602e+05   123810.0
     317 -3.177557e+01   926800.0
     318 -7.652800e+05     2420.0
     319 -1.264228e+03   466120.0
     320  0.000000e+00      800.0
     321 -1.125163e+02  2038060.0
     322 -1.378049e+01      830.0
     323 -1.658700e+05    72810.0
     324  5.265088e-01   108260.0
     325 -4.178790e+05      520.0
     326  0.000000e+00        0.0
     327 -2.332134e+02   663270.0
     328 -5.332012e+01   542310.0
     329 -9.608000e+04   120120.0
     330 -3.787805e+05     2730.0
     331 -4.720400e+05     4400.0
     332 -4.361576e+05    29920.0
     333  1.335191e+00   128300.0
     334 -1.100000e+02      830.0
     335 -6.345880e+02    49320.0
     336 -1.186490e+01   126620.0
     337 -4.557102e+05   139230.0
     338 -1.258809e+01   576410.0
     339 -4.809000e+03     1600.0
     340 -2.850943e+05   293090.0
     341 -4.222199e+05     5270.0
     342 -4.798217e+05    38760.0
     343 -9.888658e-02    52800.0
     344 -2.312951e+01   366350.0
     345  1.384706e+00   106690.0
     346 -6.875000e-02     2420.0
     347 -8.425003e+04   112220.0
     348 -8.425000e+04   112220.0
     349  0.000000e+00        0.0
     350 -1.003000e+04        0.0
     351  8.852724e-01    39170.0
     352  9.486219e-02    49480.0
     353 -2.005252e+03   222380.0
     354 -5.349524e+00   222930.0
     355 -4.628026e+05      750.0
     356 -5.828205e+01    10260.0
     357 -9.778285e+02   132660.0
     358 -4.420500e+05     2420.0
     359  0.000000e+00        0.0
     360 -4.798200e+05    41210.0
     361 -1.565600e+05        0.0
     362 -5.406000e+05   107600.0
     363  0.000000e+00        0.0
     364 -4.670846e+05     1950.0
     365  1.044907e+00    53240.0
     366 -9.306000e+04      250.0
     367 -8.400000e+01      830.0
     368 -2.025310e+02  2972850.0
     369 -2.928102e+05     2420.0
     370 -8.658000e+04     2420.0
     371 -8.476490e+01   682840.0
     372 -1.472332e+02  1539760.0
     373 -4.557113e+05   127320.0
     374 -1.778600e+05   120330.0
     375  0.000000e+00        0.0
     376  0.000000e+00     2420.0
     377 -4.579100e+05   115120.0
     378 -8.964945e+02   592030.0
     379  0.000000e+00      800.0
     380 -8.425004e+04   113140.0
     381 -4.587442e+00   399300.0
     382  5.120749e-02    40070.0
     383 -5.681269e+01  1218260.0
     384 -1.991117e+02  1107610.0
     385  0.000000e+00        0.0
     386 -9.026033e+01   234850.0
     387 -8.382117e+02  1572140.0
     388 -4.798331e+05   297960.0
     389 -8.874106e+04    64720.0
     390 -7.385802e+01   258180.0
     391 -4.625193e+01   402440.0
     392 -5.558055e+04    36360.0
     393  0.000000e+00     2420.0
     394 -1.812621e+05   108960.0
     395 -8.116016e+04    58200.0
     396 -7.642200e+05     2530.0
     397  0.000000e+00        0.0
     398 -6.470276e+02   258960.0
     399 -8.144999e+04   111330.0
     400  0.000000e+00      830.0
     401 -6.472383e+04     1600.0
     402 -2.820513e-01     2420.0
     403 -7.072770e+01   231100.0
     404 -8.433301e+04    53990.0
     405 -7.153889e+01   373860.0
     406 -5.889289e+05      370.0
     407  0.000000e+00        0.0
     408 -8.382681e+02  1792740.0
     409 -8.424999e+04   111470.0
     410 -3.025641e+00     2420.0
     411 -8.952474e+04   115710.0
     412 -2.000000e+00      830.0
     413 -8.625099e+04   106630.0
     414 -6.423994e+04    68640.0
     415 -8.007000e+04    57600.0
     416 -6.553952e+00   192170.0
     417  0.000000e+00        0.0
     418 -2.033565e+03   935210.0
     419 -9.091541e+04     8500.0
     420 -4.460977e+05      490.0
     421 -6.525595e+02   294580.0
     422 -5.311357e+01  2762530.0
     423 -7.370769e+02   279150.0
     424 -8.846988e+04    66060.0
     425 -3.787787e+05      740.0
     426 -4.359596e+05     4170.0
     427  0.000000e+00     2420.0
     428 -4.359677e+05     9280.0
     429 -3.923158e+01   779230.0
     430 -6.356735e-02   126300.0
     431 -2.136991e+04    29330.0
     432 -9.370000e+04   122040.0
     433  0.000000e+00        0.0
     434 -1.022617e+02  2887350.0
     435 -1.973927e+03   142340.0
     436 -7.399996e+04    77990.0
     437 -9.651990e+04     9930.0
     438 -7.018546e+01   223510.0
     439 -3.796402e+05     2580.0
     440 -6.800000e+03        0.0
     441  0.000000e+00        0.0
     442 -4.099664e+02  1615240.0
     443 -1.161376e+02   500360.0
     444 -8.315998e+04    15170.0
     445 -7.028249e+04     2970.0
     446  0.000000e+00     1110.0
     447  0.000000e+00        0.0
     448 -4.635273e+05     1140.0
     449 -5.558143e+04    64120.0
     450  0.000000e+00        0.0
     451 -8.553986e+04     9300.0
     452 -2.317930e+01   147770.0
     453 -9.533817e+01   311640.0
     454 -8.969552e+01  1637710.0
     455 -5.637664e+01   133000.0
     456 -8.394121e+02   876230.0
     457  0.000000e+00        0.0
     458 -1.375000e-01     2420.0
     459 -7.414485e+01   878870.0
     460  0.000000e+00        0.0
     461 -6.470411e+04     3060.0
     462 -8.951002e+04    15770.0
     463  0.000000e+00     2420.0
     464 -3.075832e+01   710320.0
     465 -5.446090e+01    19730.0
     466 -1.217949e+01      800.0
     467 -5.364996e+04    58510.0
     468 -4.493300e+05     2420.0
     469 -9.299500e+04      240.0
     470 -3.306319e+02   967510.0
     471  0.000000e+00        0.0
     472 -6.483850e+01  2060740.0
     473 -6.467878e+04    54320.0
     474  0.000000e+00      410.0
     475  4.867417e-01    34920.0
     476  0.000000e+00        0.0
     477 -4.174262e+05    38420.0
     478  0.000000e+00     2420.0
     479 -7.026278e+04    72110.0
     480  6.816468e-01    42200.0
     481 -1.987872e+03   541540.0
     482 -8.373292e+02   857540.0
     483 -1.339984e+02   183850.0
     484 -1.610837e+01   157110.0
     485 -5.272301e+05    66420.0
     486 -4.224740e+05    37190.0
     487 -4.425860e+05        0.0
     488  4.000000e+00        0.0
     489 -2.194528e+01   731830.0
     490  0.000000e+00        0.0
     491  1.000000e+00     1600.0
     492 -2.799802e+04       10.0
     493  0.000000e+00        0.0
     494 -6.216089e+02   152990.0
     495 -1.264489e+03   702610.0
     496  3.891033e-01    35430.0
     497  2.958563e-01   136590.0
     498  7.547170e-01     1070.0
     499 -3.165251e+01   187970.0
     500 -4.282095e+02  2368950.0
     501 -9.345556e+01   748590.0
     502  3.282351e-01    40400.0
     503 -8.315960e+04     9660.0
     504 -3.469920e+02  1762720.0
     505 -7.706507e+00   525300.0
     506  5.060241e-01      410.0
     507 -2.652484e+01   152610.0
     508 -9.607992e+04   109530.0
     509 -8.673287e+01  1649400.0
     510  8.607312e-01   141220.0
     511 -6.692090e+02   315930.0
     512 -8.399532e+01   729740.0
     513 -4.672652e+01  1168240.0
     514  1.025000e+00      800.0
     515 -9.061583e+00   213670.0
     516 -8.662758e+01      840.0
     517 -1.512401e+04     4860.0
     518  0.000000e+00        0.0
     519 -4.840419e+00   262250.0
     520 -5.927222e+04    73720.0
     521  0.000000e+00     2420.0
     522 -8.425001e+04   111730.0
     523 -4.490332e+02   689850.0
     524 -6.254663e+01   126090.0
     525  0.000000e+00        0.0
     526  3.623790e-01    37160.0
     527  0.000000e+00      800.0
     528 -4.089495e+01  1658570.0
     529 -9.961299e+00   109310.0
     530  0.000000e+00     2420.0
     531  5.191853e-01    38150.0
     532 -8.777314e+00   549610.0
     533  0.000000e+00        0.0
     534  1.951220e+00       10.0
     535 -2.007074e+03   370530.0
     536 -2.389535e+05   238930.0
     537 -1.238792e+02   282570.0
     538 -4.667011e+05     1040.0
     539  3.000000e+00        0.0
     540 -4.466895e+05      360.0
     541 -1.999276e+03   180690.0
     542 -4.798343e+05   479820.0
     543  0.000000e+00        0.0
     544 -7.696489e+01   358530.0
     545 -5.282709e+01   196360.0
     546 -7.607948e+03      230.0
     547 -4.557131e+05   455710.0
     548 -9.150000e+03     1920.0
     549 -9.313846e+02      930.0
     550  0.000000e+00        0.0
     551 -1.381460e+06    45720.0
     552 -3.797031e+05    15540.0
     553 -2.062700e+04        0.0
     554  1.512500e+00      390.0
     555 -1.667926e+02  2985170.0
     556  0.000000e+00        0.0
     557 -9.125417e+05    92480.0
     558 -1.861990e+04    26060.0
     559  4.138076e-01    37610.0
     560  2.495964e+00    30220.0
     561  2.181898e+00    24040.0
     562  2.000000e+00        0.0
     563 -3.839365e+02  1515110.0
     564 -4.362067e+05   555250.0
     565 -6.348124e+02   311020.0
     566 -1.646002e+05    82300.0
     567 -4.413273e+05   147090.0
     568 -4.314925e+01  1393840.0
     569 -3.509751e+05     8170.0
     570 -4.224571e+05    18290.0
     571  7.371771e-01    35300.0
     572 -8.364276e+04    83640.0
     573 -2.487556e+01   186780.0
     574 -9.737134e+01  1330230.0
     575  0.000000e+00        0.0
     576 -1.423371e+01   855230.0
     577  0.000000e+00        0.0
     578  4.722243e+00   106450.0
     579 -4.248437e+05    66880.0
     580 -7.863024e+02   123490.0
     581  0.000000e+00        0.0
     582 -7.922044e+04    60400.0
     583  1.238352e+00    97600.0
     584 -8.033376e+01   555650.0
     585 -1.058429e+03  2523720.0
     586  0.000000e+00      390.0
     587  0.000000e+00        0.0
     588 -4.347032e+05   434700.0
     589  0.000000e+00        0.0
     590  0.000000e+00        0.0
     591 -8.795001e+04   103640.0
     592  0.000000e+00        0.0
     593 -2.655515e-01   115990.0
     594 -2.636015e+02  2478110.0
     595 -8.794997e+04    98040.0
     596  3.552545e+00    78920.0
     597 -1.420800e+05    58800.0
     598 -3.802027e+05    28940.0
     599 -2.487180e+00     1360.0
     600 -4.492301e+05   106270.0
     601 -1.652808e+01   192680.0
     602  0.000000e+00      390.0
     603 -4.664380e+05        0.0
     604 -2.216405e+05    79700.0
     605  0.000000e+00        0.0
     606  1.000000e+00        0.0
     607  2.089169e+00    24090.0
     608 -6.608114e+01  1167270.0
     609  1.000000e+00        0.0
     610  0.000000e+00        0.0
     611 -8.520729e+00   380520.0
     612  1.000000e+00      800.0
     613 -5.303622e+01   573680.0
     614 -4.724747e+05    45070.0
     615 -2.106041e+02  2128880.0
     616 -1.420802e+05    71040.0
     617  2.294415e+00   142740.0
     618 -2.093800e+02  2303900.0
     619  0.000000e+00        0.0
     620 -1.683566e+01   251780.0
     621  0.000000e+00        0.0
     622  1.503930e+00   121950.0
     623 -4.589744e+00     2180.0
     624 -1.117242e+01   239870.0
     625 -1.852407e+02  1135560.0
     626 -2.798898e+04      390.0
     627 -4.711531e+05   344960.0
     628 -1.221869e+00   133270.0
     629 -5.182438e+05   260830.0
     630 -2.012303e+03   716810.0
     631  2.295046e+00    26300.0
     632 -1.917761e+00   135940.0
     633 -4.669096e+05      820.0
     634 -1.962777e+00    76190.0
     635  1.210830e+00    37380.0
     636 -8.119703e+04    85210.0
     637  0.000000e+00        0.0
     638 -1.100190e+00   250300.0
     639  0.000000e+00        0.0
     640  0.000000e+00        0.0
     641 -7.178015e+00   285420.0
     642  1.892737e-01    57000.0
     643 -7.913873e+03     3190.0
     644 -3.689022e+04    36890.0
     645  1.000000e+00        0.0
     646  9.756098e-01       10.0
     647  1.025000e+00      390.0
     648 -1.944362e+02  2883330.0
     649  0.000000e+00        0.0
     650 -3.016340e+05   301630.0
     651  1.000000e+00      800.0
     652  1.421759e+00   126230.0
     653  1.878224e-03    48140.0
     654 -6.876923e+01      550.0
     655 -1.287298e-01    49170.0
     656 -3.218892e+05      960.0
     657 -3.383710e+03    36890.0
     658 -3.466046e+01   672030.0
     659  0.000000e+00        0.0
     660 -1.164593e+03   550710.0
     661 -1.751543e+02  2992780.0
     662  5.545565e-01   136270.0
     663  1.283795e-01    48320.0
     664 -2.986789e+00   140090.0
     665 -3.225185e+05      390.0
     666  1.537500e+00      390.0
     667 -8.323985e+04    98040.0
     668 -9.000000e+00      410.0
     669 -4.676095e+05     6950.0
     670 -8.116097e+04    93070.0
     671 -2.458589e+01   132170.0
     672  0.000000e+00        0.0
     673 -1.162685e+01   411760.0
     674 -2.081380e+02  3472060.0
     675  0.000000e+00     2420.0
     676  0.000000e+00        0.0
     677 -7.937446e+02   203350.0
     678  5.125000e-01     1600.0
     679 -5.572017e+04    55720.0
     680  6.781629e-01   132150.0
     681  0.000000e+00     2420.0
     682 -2.422776e+01  1044450.0
     683  5.220488e-01    33380.0
     684 -4.359600e+05     5760.0
     685 -2.715932e-01    47590.0
     686 -4.565498e+05     3640.0
     687 -4.460798e+05      620.0
     688 -5.306783e+02   142510.0
     689 -2.549648e+03     1470.0
     690 -1.940000e+02      830.0
     691 -2.633700e+02  1891130.0
     692  6.420958e-01    51450.0
     693  0.000000e+00        0.0
     694  0.000000e+00        0.0
     695 -9.299000e+04        0.0
     696  0.000000e+00     2420.0
     697  0.000000e+00        0.0
     698  0.000000e+00     2420.0
     699  0.000000e+00     1600.0
     700  5.617707e-01   133360.0
     701  1.000000e+00     1600.0
     702 -7.283142e+01   252280.0
     703 -3.159501e+05     2640.0
     704 -3.016300e+05    59790.0
     705 -4.082119e+01   220030.0
     706 -7.100693e+01   681160.0
     707 -4.490100e+05     2420.0
     708 -4.358100e+05     4840.0
     709 -3.444231e+02   694140.0
     710  0.000000e+00      830.0
     711  0.000000e+00      830.0
     712 -1.261828e+02    28640.0
     713 -6.107360e+00   168170.0
     714 -7.905284e+00   344630.0
     715 -4.463343e+05    58050.0
     716 -3.457605e+05   181190.0
     717  4.561058e+00   108150.0
     718 -8.000000e+01       80.0
     719 -8.230000e+04        0.0
     720  7.848369e-01    52140.0
     721  0.000000e+00        0.0
     722 -1.799196e+05    24880.0
     723  3.650539e+00   144150.0
     724 -6.468295e+04    64650.0
     725 -1.346441e+06    45460.0
     726 -7.227201e+04    54970.0
     727 -2.168834e+02  1041390.0
     728  2.000000e+00      390.0
     729 -6.180365e+00   195040.0
     730 -3.620276e+01  1166920.0
     731  0.000000e+00        0.0
     732 -4.422281e+05      310.0
     733 -2.700000e+02      270.0
     734 -3.131386e+01   610130.0
     735  0.000000e+00        0.0
     736  0.000000e+00        0.0
     737 -8.963704e+02   561320.0
     738 -2.290800e+04        0.0
     739 -1.005712e+03   650930.0
     740  4.866871e+00    75670.0
     741 -2.205173e+02    47280.0
     742  0.000000e+00        0.0
     743  0.000000e+00      390.0
     744  0.000000e+00        0.0
     745 -2.958841e+05   295880.0
     746  0.000000e+00        0.0
     747  0.000000e+00      390.0
     748 -4.762470e+01  1833160.0
     749 -3.383709e+01  1229930.0
     750 -3.094732e+04    26050.0
     751  0.000000e+00        0.0
     752  0.000000e+00        0.0
     753 -1.092821e+02      110.0
     754  4.768260e+00   112340.0
     755  3.481136e+00    81320.0
     756  3.341076e+00    91980.0
     757 -7.735698e+01   352050.0
     758 -6.769427e+02   244450.0
     759  0.000000e+00        0.0
     760 -8.245995e+04   103620.0
     761 -8.317706e+04    52780.0
     762 -2.459903e+05     5980.0
     763 -2.082091e+02  2981460.0
     764 -9.000000e+00       10.0
     765 -1.377451e+06   120500.0
     766 -8.839149e+05   487810.0
     767  1.693106e+00    30570.0
     768 -2.122767e+01   942000.0
     769  0.000000e+00        0.0
     770 -4.000000e+02      200.0
     771 -2.958841e+05   295880.0
     772  0.000000e+00        0.0
     773 -5.424250e+04      920.0
     774  1.947781e+00    28610.0
     775 -8.323997e+04   108460.0
     776  4.978260e+00   115080.0
     777 -9.884390e+01  1446690.0
     778  2.089169e+00    24090.0
     779 -2.241286e+00   124740.0
     780  0.000000e+00       10.0
     781  0.000000e+00      800.0
     782  2.000000e+00        0.0
     783 -8.518308e+04    86590.0
     784 -2.350393e+00   150360.0
     785 -3.787775e+05      370.0
     786 -2.093472e+02   955350.0
     787 -4.224572e+05    18290.0
     788  7.599710e-01    50730.0
     789  1.000000e+00      410.0
     790 -3.169855e+01   226500.0
     791 -6.737699e+05    71580.0
     792 -4.564364e+05   145890.0
     793  3.551497e+00    75610.0
     794 -5.544141e+04    62400.0
     795  0.000000e+00        0.0
     796 -8.246004e+04   104870.0
     797  0.000000e+00      410.0
     798  0.000000e+00        0.0
     799  0.000000e+00     1600.0
     800 -1.090613e+02  1676760.0
     801  0.000000e+00        0.0
     802 -3.440039e+04    17200.0
     803 -8.894598e+04   140350.0
     804 -1.264451e+03   711970.0
     805 -7.005591e+02    54330.0
     806 -2.130157e+01   684110.0
     807  0.000000e+00        0.0
     808 -1.473314e+01   488980.0
     809  0.000000e+00     2420.0
     810 -5.208464e+00    93020.0
     811  0.000000e+00     2420.0
     812 -3.425623e+02   227800.0
     813  8.909793e-01   135880.0
     814  0.000000e+00     1600.0
     815  5.125000e-01     1600.0
     816 -6.847938e+01  2028120.0
     817 -2.886236e+04    33380.0
     818 -3.479283e+01   719080.0
     819 -7.133239e+02   493420.0
     820  0.000000e+00      830.0
     821 -6.524354e+02    47200.0
     822 -1.460226e+02   218230.0
     823  0.000000e+00        0.0
     824  6.743021e-01    41990.0
     825  0.000000e+00        0.0
     826 -9.927781e+01  1534330.0
     827 -4.460795e+05      360.0
     828  0.000000e+00        0.0
     829  0.000000e+00        0.0
     830 -4.460798e+05      480.0
     831 -1.420800e+05    60450.0
     832 -8.694171e+04    54320.0
     833 -4.224931e+05   436400.0
     834 -1.102581e+02  1620320.0
     835 -4.102564e-01      800.0
     836  0.000000e+00        0.0
     837 -1.067568e+02  1088110.0
     838 -2.272248e+00    50530.0
     839 -1.305888e+02   842200.0
     840  0.000000e+00        0.0
     841  0.000000e+00        0.0
     842  2.407562e+00    41740.0
     843  0.000000e+00        0.0
     844 -4.567460e+05   262280.0
     845 -3.847985e+04    41660.0
     846 -3.000297e+04    30250.0
     847  0.000000e+00        0.0
     848  1.247552e+00   100110.0
     849 -1.655670e+02  1530540.0
     850  0.000000e+00        0.0
     851  0.000000e+00        0.0
     852  1.391884e+00    37470.0
     853  0.000000e+00        0.0
     854 -3.794313e+05     3960.0
     855 -4.627994e+05     1140.0
     856 -3.792997e+05     2580.0
     857 -6.468296e+04    65750.0
     858 -1.986159e+01     9070.0
     859 -5.507032e+01   647160.0
     860  0.000000e+00      830.0
     861 -4.359652e+05     5760.0
     862 -3.787795e+05     1920.0
     863 -9.060003e+04    77090.0
     864 -3.307220e+01   667440.0
     865 -6.530000e+02      830.0
     866 -2.517233e+00    64110.0
     867 -9.091015e+04    90900.0
     868 -2.825475e+02   512570.0
     869 -8.965273e+02   597000.0
     870  0.000000e+00        0.0
     871 -4.021028e+04    41620.0
     872 -8.531986e+04   100380.0
     873 -1.600000e+02       80.0
     874 -3.035600e+04    31550.0
     875  0.000000e+00        0.0
     876  2.000000e+00        0.0
     877 -7.092988e+04    84600.0
     878  3.828823e+00    75470.0
     879  0.000000e+00        0.0
     880 -4.798328e+05   297960.0
     881 -5.600513e+02      410.0
     882  2.956253e+00    27110.0
     883  3.463784e+00    97660.0
     884 -1.100000e+02      110.0
     885  1.980757e+00    28810.0
     886  0.000000e+00      390.0
     887 -3.097938e+02   128860.0
     888 -8.416763e+04    90910.0
     889 -8.366519e+02   485710.0
     890 -8.062185e+04    78200.0
     891 -4.563200e+05     2420.0
     892 -4.270426e+01  1121930.0
     893 -5.412600e+05   125050.0
     894 -2.021000e+05        0.0
     895 -6.623885e+02   371610.0
     896 -4.667015e+05     1290.0
     897  3.896452e-01   131630.0
     898 -4.627996e+05      700.0
     899 -1.410338e+02  1415290.0
     900 -3.145338e+00    53170.0
     901  0.000000e+00      830.0
     902  0.000000e+00        0.0
     903  0.000000e+00        0.0
     904 -1.507962e+00   109930.0
     905  1.852024e+00   135490.0
     906 -3.719008e-02     2510.0
     907  0.000000e+00      830.0
     908  1.020774e+00   133770.0
     909  2.186090e+00   123720.0
     910  3.928241e+00    83680.0
     911  3.837874e+00    75180.0
     912 -8.803169e+03     7670.0
     913 -1.420808e+05    57230.0
     914 -4.798323e+05   162430.0
     915 -4.468867e+05     3160.0
     916  0.000000e+00        0.0
     917 -4.248446e+05    65700.0
     918 -4.673400e+05    30140.0
     919  0.000000e+00        0.0
     920 -7.967891e+02   157980.0
     921 -2.290915e+05   243660.0
     922 -8.306980e+04    93020.0
     923 -8.230978e+04    92360.0
     924 -1.699529e+02  3412880.0
     925 -4.616492e+02   695310.0
     926 -2.347094e+05    65630.0
     927  1.000000e+00      390.0
     928 -4.422279e+05   439630.0
     929  0.000000e+00        0.0
     930  3.113773e+00    22750.0
     931  0.000000e+00        0.0
     932 -1.741171e+01   167790.0
     933  0.000000e+00        0.0
     934 -1.646002e+05    82300.0
     935 -7.200017e+02   498790.0
     936  5.989472e+00   104140.0
     937 -4.803299e+05    38760.0
     938  0.000000e+00        0.0
     939 -5.058720e+05    96190.0
     940 -7.025943e+04    47580.0
     941  0.000000e+00        0.0
     942 -1.974020e+03   132200.0
     943  0.000000e+00        0.0
     944  0.000000e+00        0.0
     945  4.395991e+00   158600.0
     946  0.000000e+00        0.0
     947 -3.237603e+05     2420.0
     948 -8.518572e+04   106800.0
     949 -7.838570e+01   483850.0
     950 -1.390613e+05    84480.0
     951 -1.035000e+03      830.0
     952  0.000000e+00      830.0
     953  0.000000e+00      830.0
     954 -3.520000e+04    12180.0
     955 -9.919000e+04        0.0
     956  0.000000e+00        0.0
     957 -8.980003e+04   118650.0
     958  4.871441e-01    34770.0
     959 -1.210563e+02  1854800.0
     960  0.000000e+00     2420.0
     961 -1.583320e+01   888740.0
     962  1.578447e-01   148580.0
     963 -5.261639e+00   113630.0
     964  0.000000e+00     2420.0
     965  0.000000e+00        0.0
     966 -5.692307e+00     2420.0
     967 -1.081221e+02    20490.0
     968  0.000000e+00        0.0
     969 -8.116101e+04    58050.0
     970 -8.874002e+04   120540.0
     971 -6.464794e+04     1600.0
     972  0.000000e+00     2420.0
     973  0.000000e+00        0.0
     974 -1.641085e+02   295830.0
     975  2.342683e+00   123130.0
     976  0.000000e+00        0.0
     977  0.000000e+00        0.0
     978 -8.657949e+04     1600.0
     979  3.077343e+00    86030.0
     980  5.446942e+00   112860.0
     981  2.134772e+00    27930.0
     982 -4.370100e+05     9250.0
     983 -6.343621e+00   544850.0
     984  0.000000e+00     2420.0
     985  0.000000e+00        0.0
     986 -4.363598e+05     5240.0
     987 -9.772164e+00   421700.0
     988 -1.573200e+05        0.0
     989 -7.990002e+04   104840.0
     990  0.000000e+00      800.0
     991  0.000000e+00        0.0
     992 -1.145197e+02  1655650.0
     993  0.000000e+00      390.0
     994  0.000000e+00      800.0
     995  2.000000e+00        0.0
     996 -9.000000e+01        0.0
     997 -1.139413e+05   107800.0
     998  0.000000e+00        0.0
     999 -6.687800e+01  2027650.0
    1000  0.000000e+00        0.0
    1001 -7.743272e-01   204760.0
    1002 -2.900650e+03     2100.0
    1003 -6.543029e+02   262020.0
    1004  0.000000e+00      390.0
    1005  0.000000e+00        0.0
    1006 -2.000090e+03   519950.0
    1007 -1.345855e+06   206410.0
    1008  5.125000e-01      390.0
    1009 -8.666274e+01   160830.0
    1010 -6.130071e+04    65120.0
    1011 -1.138503e+06   144660.0
    1012 -1.074609e+01   186180.0
    1013  4.396581e+00    82090.0
    1014 -3.016340e+05   301630.0
    1015 -2.199648e+02  2055390.0
    1016  0.000000e+00        0.0
    1017  0.000000e+00        0.0
    1018 -5.974358e+04    53030.0
    1019 -6.376805e+01   826670.0
    1020 -9.048601e+01  1233290.0
    1021 -3.249244e+00   226720.0
    1022 -8.805524e+01   187910.0
    1023 -2.408712e+05   172040.0
    1024 -1.171495e+05      390.0
    1025  0.000000e+00        0.0
    1026 -6.315673e+01  1070250.0
    1027  1.458772e+00    34680.0
    1028 -1.990936e+03   177730.0
    1029  4.844057e-01    95860.0
    1030 -8.317803e+04    85150.0
    1031 -9.352682e+00   351380.0
    1032 -3.792796e+05     1990.0
    1033 -4.347032e+05   434700.0
    1034 -1.398302e+05   120330.0
    1035 -9.652915e+04    96520.0
    1036 -8.914038e+04    82380.0
    1037  3.113773e+00    22750.0
    1038  0.000000e+00        0.0
    1039 -1.075470e+03   868370.0
    1040 -1.166530e+01   223780.0
    1041 -8.806066e+05   111660.0
    1042 -4.986410e+02      800.0
    1043 -1.322547e+01   344180.0
    1044 -1.390166e+04    11640.0
    1045  0.000000e+00        0.0
    1046  1.781448e+00    98070.0
    1047 -3.029436e+02   746180.0
    1048 -7.922151e+04    81090.0
    1049 -9.082192e+01  1338350.0
    1050 -8.900000e+02     1510.0
    1051  4.313241e+00   108350.0
    1052 -1.237448e+02   307710.0
    1053 -4.391284e+02      500.0
    1054 -3.100000e+01      230.0
    1055 -4.798199e+05    38760.0
    1056  1.988122e+00    35300.0
    1057  6.046271e+00   111290.0
    1058 -7.939019e+00    94350.0
    1059 -5.861944e+01   772030.0
    1060  0.000000e+00      800.0
    1061 -4.460795e+05      360.0
    1062  0.000000e+00        0.0
    1063 -7.922105e+04    98800.0
    1064  0.000000e+00        0.0
    1065  0.000000e+00        0.0
    1066  5.460420e+00   114380.0
    1067  0.000000e+00     2420.0
    1068 -8.246006e+04   110770.0
    1069 -3.467055e+02   244620.0
    1070  2.189962e+00    28770.0
    1071 -8.299154e+00    61650.0
    1072  0.000000e+00     2420.0
    1073 -4.463794e+05      480.0
    1074 -5.146444e+01    24400.0
    1075  0.000000e+00        0.0
    1076 -2.911131e+01   188450.0
    1077 -5.226500e+05     3530.0
    1078  3.388430e-01     1600.0
    1079 -1.110000e+02      830.0
    1080  0.000000e+00      830.0
    1081  0.000000e+00     2420.0
    1082  4.998169e-01    41320.0
    1083  1.975136e+00   122200.0
    1084 -7.005637e+02    54550.0
    1085 -3.923000e+04    25300.0
    1086 -4.781000e+04        0.0
    1087 -3.841223e-02    55950.0
    1088 -1.640000e+03      830.0
    1089  0.000000e+00        0.0
    1090 -9.595000e+04   128920.0
    1091 -4.076573e+01   621640.0
    1092 -9.660000e+03        0.0
    1093 -3.160458e+05     2420.0
    1094  5.923876e-01   140870.0
    1095 -7.118395e+01   141750.0
    1096 -1.436700e+05        0.0
    1097  4.298049e-01   129270.0
    1098 -5.128205e-02     2420.0
    1099 -3.343499e+01  1432570.0
    1100 -4.361485e+05    26600.0
    1101  0.000000e+00        0.0
    1102  1.033826e-01    49090.0
    1103 -4.623131e+05   462160.0
    1104 -1.573200e+05      830.0
    1105  0.000000e+00        0.0
    1106 -4.253659e+01      830.0
    1107  1.259757e+00   131260.0
    1108  2.511565e+00   102570.0
    1109 -3.159500e+05     2420.0
    1110  0.000000e+00        0.0
    1111 -2.070105e+01   492600.0
    1112  3.123410e+00    97570.0
    1113 -3.787799e+05     2580.0
    1114 -1.962385e+02  1791380.0
    1115 -7.874354e+02   123130.0
    1116 -6.611570e-02     2580.0
    1117 -5.409357e+01   327840.0
    1118 -8.000000e+01        0.0
    1119 -9.950254e+01  3060510.0
    1120  5.000000e-01     1600.0
    1121 -8.317844e+04   114030.0
    1122  0.000000e+00        0.0
    1123 -8.750000e-02     2490.0
    1124 -1.762627e+02   247920.0
    1125  0.000000e+00        0.0
    1126 -4.359598e+05     5240.0
    1127 -4.073171e+00      830.0
    1128  0.000000e+00        0.0
    1129  0.000000e+00        0.0
    1130  1.275503e+00   137530.0
    1131 -3.910000e+03      830.0
    1132  2.670237e+00   120570.0
    1133  0.000000e+00      830.0
    1134 -8.230999e+04   113030.0
    1135 -1.272293e+02   262810.0
    1136 -1.327620e+05    81270.0
    1137  0.000000e+00      830.0
    1138 -4.467705e+05      360.0
    1139  0.000000e+00        0.0
    1140 -5.293331e+02    35800.0
    1141 -1.428009e+05    78650.0
    1142  0.000000e+00     2420.0
    1143  0.000000e+00        0.0
    1144 -6.468284e+04    61320.0
    1145 -2.440211e+01  1342680.0
    1146 -2.660971e+01   360900.0
    1147  0.000000e+00        0.0
    1148 -9.989390e+01    16570.0
    1149  0.000000e+00        0.0
    1150 -8.119045e+04    71590.0
    1151  0.000000e+00        0.0
    1152 -1.538462e-01     2420.0
    1153 -9.531322e+01   711530.0
    1154 -1.974152e+03   138150.0
    1155 -4.442009e+05     5320.0
    1156  0.000000e+00      830.0
    1157 -5.544148e+04    72000.0
    1158 -1.654325e-01   182110.0
    1159 -1.182279e+02    30850.0
    1160  3.292304e+00    97380.0
    1161  0.000000e+00        0.0
    1162  1.542352e+00    47700.0
    1163 -9.090909e-02     2640.0
    1164 -4.486400e+05     2420.0
    1165 -7.104029e+04     4610.0
    1166  4.183850e+00   118220.0
    1167  0.000000e+00        0.0
    1168 -7.094657e+01   629410.0
    1169 -5.835400e+02  2121430.0
    1170 -2.388100e+05    22680.0
    1171 -6.629836e+02    50890.0
    1172  0.000000e+00        0.0
    1173  0.000000e+00        0.0
    1174  0.000000e+00        0.0
    1175  0.000000e+00        0.0
    1176 -9.048428e+01   371560.0
    1177 -1.761431e+05      330.0
    1178 -4.666835e+05    11450.0
    1179 -8.675959e+04     4360.0
    1180 -3.689725e+04     2500.0
    1181 -1.456889e+04    17040.0
    1182  1.257564e+00   468550.0
    1183  0.000000e+00        0.0
    1184 -2.908506e+02     5830.0
    1185  0.000000e+00        0.0
    1186  0.000000e+00        0.0
    1187  4.203038e+00      440.0
    1188  0.000000e+00        0.0
    1189  6.739773e+00   317940.0
    1190  0.000000e+00        0.0
    1191  0.000000e+00        0.0
    1192  0.000000e+00        0.0
    1193  0.000000e+00       50.0
    1194  0.000000e+00        0.0
    1195  0.000000e+00        0.0
    1196 -8.103492e+03      880.0
    1197 -1.928798e+00    76670.0
    1198  3.199135e+00   101730.0
    1199 -1.252255e+01   164640.0
    1200 -3.533053e+00   284010.0
    1201  3.161804e+00   463730.0
    1202  0.000000e+00        0.0
    1203 -7.243137e+01  1711300.0
    1204  0.000000e+00        0.0
    1205  9.604015e-01    20900.0
    1206  1.119429e+00    27180.0
    1207  0.000000e+00        0.0
    1208 -1.273472e+01   374770.0
    1209 -5.078236e+02  1206330.0
    1210  0.000000e+00       40.0
    1211 -1.537500e+01       20.0
    1212  3.000000e+00        0.0
    1213  4.187230e+00    88960.0
    1214  2.000000e+00        0.0
    1215  0.000000e+00        0.0
    1216 -1.180000e+03        0.0
    1217 -3.422597e+05     1540.0
    1218  0.000000e+00      390.0
    1219 -6.100000e+01      830.0
    1220  4.930626e-02   277510.0
    1221  1.636859e+01   411200.0
    1222  8.616178e+00   279220.0
    1223 -3.800000e+02        0.0
    1224  0.000000e+00        0.0
    1225 -7.288464e+02   464160.0
    1226  0.000000e+00        0.0
    1227  0.000000e+00        0.0
    1228  0.000000e+00        0.0
    1229 -4.170000e+03        0.0
    1230  0.000000e+00        0.0
    1231  0.000000e+00        0.0
    1232  0.000000e+00        0.0
    1233 -6.751383e+00   336250.0
    1234  3.653452e+00    61460.0
    1235  3.581650e+00    95190.0
    1236  0.000000e+00        0.0
    1237  0.000000e+00        0.0
    1238  3.344257e+00    22370.0
    1239 -2.842484e+01    47490.0
    1240  2.880000e+00      790.0
    1241  0.000000e+00        0.0
    1242 -1.800873e+02  1874110.0
    1243  2.000000e+00      250.0
    1244  0.000000e+00        0.0
    1245 -1.660000e+03        0.0
    1246 -1.712685e+02   523700.0
    1247 -4.056813e+05   106700.0
    1248 -1.405843e+05    19380.0
    1249 -1.591484e+05      250.0
    1250 -3.209669e+02   374640.0
    1251 -5.792936e+02  1841960.0
    1252 -1.000000e+03        0.0
    1253  4.753841e+00   124400.0
    1254  2.500000e+00      250.0
    1255  4.000000e+00       30.0
    1256 -3.916357e+00   192340.0
    1257  9.858660e-01    35280.0
    1258 -9.908874e+03   807190.0
    1259  2.537486e+00      400.0
    1260 -1.752318e+01   651310.0
    1261  0.000000e+00        0.0
    1262  0.000000e+00        0.0
    1263  0.000000e+00        0.0
    1264 -1.547439e+02  1572210.0
    1265  0.000000e+00        0.0
    1266 -5.800307e+01   802310.0
    1267  0.000000e+00        0.0
    1268  2.000000e+00      960.0
    1269  1.091064e+01   115440.0
    1270  2.000000e+00        0.0
    1271  0.000000e+00        0.0
    1272  0.000000e+00        0.0
    1273  2.365256e+00    14250.0
    1274  0.000000e+00      120.0
    1275  0.000000e+00        0.0
    1276  9.135940e-01    37000.0
    1277  2.755417e+00    70270.0
    1278  6.666667e-01      510.0
    1279  1.875000e+00     1400.0
    1280  5.000000e+00        0.0
    1281  0.000000e+00        0.0
    1282  6.727925e+00   302890.0
    1283 -1.669789e+04   285860.0
    1284  2.737037e+00    52160.0
    1285 -3.313964e+02  2574580.0
    1286 -1.000000e+02      840.0
    1287 -1.485000e+04        0.0
    1288 -5.352372e+01  1663080.0
    1289 -4.202000e+04        0.0
    1290 -2.026401e+04   377060.0
    1291 -4.620000e+03        0.0
    1292 -1.300000e+02      130.0
    1293  0.000000e+00        0.0
    1294  4.897078e+00    80370.0
    1295  0.000000e+00     1110.0
    1296  5.874265e+00   124350.0
    1297 -1.198611e+02   346770.0
    1298  0.000000e+00        0.0
    1299  0.000000e+00        0.0
    1300  2.143156e+00   104800.0
    1301  0.000000e+00        0.0
    1302 -2.443000e+04     1670.0
    1303  0.000000e+00        0.0
    1304  0.000000e+00        0.0
    1305  0.000000e+00        0.0
    1306 -4.712800e+05        0.0
    1307 -3.260000e+04        0.0
    1308  0.000000e+00        0.0
    1309 -2.055448e+01  1551620.0
    1310  3.000000e+00       50.0
    1311 -7.279000e+04        0.0
    1312  0.000000e+00        0.0
    1313  0.000000e+00        0.0
    1314  0.000000e+00        0.0
    1315  2.774689e+00    55750.0
    1316  0.000000e+00        0.0
    1317  2.789766e+00   112180.0
    1318  3.382753e+00   106320.0
    1319  0.000000e+00        0.0
    1320 -5.390710e+02  1492950.0
    1321  3.756329e+00   111850.0
    1322  3.000000e+00        0.0
    1323 -3.338229e+01    90340.0
    1324 -3.390434e+03    66820.0
    1325  0.000000e+00        0.0
    1326  0.000000e+00        0.0
    1327 -9.700000e+02        0.0
    1328  0.000000e+00        0.0
    1329 -1.250000e+00      810.0
    1330 -3.194355e+01   780210.0
    1331 -7.853332e+01   359440.0
    1332  0.000000e+00        0.0
    1333  0.000000e+00        0.0
    1334 -2.746154e+01       30.0
    1335 -1.673220e+06    97300.0
    1336  0.000000e+00        0.0
    1337 -1.001864e+04      330.0
    1338  2.028986e+00     1120.0
    1339  0.000000e+00        0.0
    1340  3.556835e+00   214560.0
    1341  2.869751e+00   133650.0
    1342  0.000000e+00        0.0
    1343  0.000000e+00        0.0
    1344  0.000000e+00        0.0
    1345  0.000000e+00        0.0
    1346  0.000000e+00        0.0
    1347  0.000000e+00        0.0
    1348  0.000000e+00        0.0
    1349  5.558070e+00   580920.0
    1350  0.000000e+00        0.0
    1351  1.482453e+00    12120.0
    1352  2.021881e+00   142050.0
    1353  2.201637e+00    50100.0
    1354  1.322116e-01    14760.0
    1355 -1.700000e+02        0.0
    1356  1.166187e+00    50760.0
    1357  1.138430e+00   106350.0
    1358  0.000000e+00        0.0
    1359 -2.918173e-02     2550.0
    1360 -1.900000e+02      180.0
    1361  0.000000e+00        0.0
    1362 -1.310000e+03        0.0
    1363  5.334406e-01    48550.0
    1364 -3.004528e+01   927950.0
    1365  0.000000e+00        0.0
    1366  0.000000e+00      870.0
    1367  0.000000e+00        0.0
    1368  1.597831e+00    30330.0
    1369  0.000000e+00        0.0
    1370 -1.147186e+01   388680.0
    1371  0.000000e+00        0.0
    1372  8.471057e-01   205470.0
    1373  0.000000e+00        0.0
    1374  2.036808e+00   428350.0
    1375  0.000000e+00     2160.0
    1376 -4.876884e+01   341810.0
    1377 -9.668142e-01     4600.0
    1378 -1.229323e+03  1369100.0
    1379  0.000000e+00        0.0
    1380  0.000000e+00        0.0
    1381  1.683916e+00    80600.0
    1382  0.000000e+00     1360.0
    1383  0.000000e+00        0.0
    1384  0.000000e+00        0.0
    1385  0.000000e+00        0.0
    1386 -5.428656e+00   403160.0
    1387  0.000000e+00        0.0
    1388 -3.000000e+01       30.0
    1389 -1.430000e+04     1400.0
    1390  0.000000e+00        0.0
    1391 -9.466387e+02    57970.0
    1392  5.000000e+00        0.0
    1393  3.283979e+00   320720.0
    1394  8.847547e+00        0.0
    1395  0.000000e+00       70.0
    1396  4.163970e+00    92860.0
    1397  0.000000e+00      640.0
    1398 -2.408299e+00   237360.0
    1399  0.000000e+00        0.0
    1400  9.652106e-02    34540.0
    1401  0.000000e+00      340.0
    1402  0.000000e+00        0.0
    1403  5.751056e-01   210150.0
    1404  0.000000e+00       60.0
    1405 -8.672642e+01   925000.0
    1406  3.622731e+00    65660.0
    1407 -1.422000e+04      510.0
    1408  0.000000e+00     1680.0
    1409 -7.498570e+04    97330.0
    1410 -2.099860e+01    56720.0
    1411 -2.794465e+06   415130.0
    1412 -1.399800e+02     1140.0
    1413 -4.078377e+02  1793900.0
    1414 -2.246922e-01     7140.0
    1415  0.000000e+00        0.0
    1416  0.000000e+00        0.0
    1417 -1.279198e+02    36830.0
    1418  2.610860e+00    15260.0
    1419  0.000000e+00        0.0
    1420  0.000000e+00        0.0
    1421  0.000000e+00        0.0
    1422 -1.100000e+02      580.0
    1423  1.415123e+00   114580.0
    1424  1.966910e+00    82110.0
    1425 -8.336695e+00   144640.0
    1426 -1.448000e+04        0.0
    1427 -8.370000e+03        0.0
    1428 -2.143833e+01    84620.0
    1429 -9.000000e+01       40.0
    1430  3.832244e+00   129600.0
    1431 -2.168674e+03    43900.0
    1432  0.000000e+00        0.0
    1433  0.000000e+00        0.0
    1434  0.000000e+00        0.0
    1435 -9.163941e-01   206570.0
    1436  1.368255e+00   193060.0
    1437  0.000000e+00     1980.0
    1438 -2.800000e+02      280.0
    1439  5.000000e-01     2820.0
    1440  0.000000e+00        0.0
    1441 -4.761648e+01  1542530.0
    1442  3.457699e+00    43950.0
    1443 -1.503000e+05        0.0
    1444 -2.654698e+05     2070.0
    1445 -3.811398e+05     3800.0
    1446 -8.280000e+04      800.0
    1447 -6.199740e+01   775300.0
    1448 -2.715662e+02  1866260.0
    1449  0.000000e+00       30.0
    1450  0.000000e+00        0.0
    1451 -2.823198e+05   323250.0
    1452 -1.513519e+03   350420.0
    1453 -3.883282e+05      250.0
    1454  0.000000e+00        0.0
    1455  0.000000e+00        0.0
    1456  5.000000e+00        0.0
    1457 -4.303646e+04     6090.0
    1458  0.000000e+00        0.0
    1459 -5.617777e+00     3190.0
    1460 -5.080000e+03      230.0
    1461 -5.863002e+05   467270.0
    1462  0.000000e+00        0.0
    1463  3.496824e+00     6880.0
    1464 -1.509615e+00     3350.0
    1465  0.000000e+00        0.0
    1466  3.552937e+00    28580.0
    1467  0.000000e+00        0.0
    1468 -8.565295e+01   378020.0
    1469  0.000000e+00        0.0
    1470  0.000000e+00        0.0
    1471  0.000000e+00        0.0
    1472  0.000000e+00        0.0
    1473  0.000000e+00      250.0
    1474  0.000000e+00        0.0
    1475  4.975608e+00   122360.0
    1476  3.010742e+00   102160.0
    1477  2.525245e+00   190070.0
    1478  5.000000e+00        0.0
    1479  0.000000e+00        0.0
    1480 -1.200000e+02        0.0
    1481 -1.811611e+03       90.0
    1482 -8.496582e+03    26180.0
    1483 -1.815005e+01   705280.0
    1484 -2.980920e+01   522500.0
    1485  9.758748e-01      540.0
    1486  4.891236e+00    32140.0
    1487  1.400000e+00      520.0
    1488  0.000000e+00        0.0
    1489  1.833354e+00   106050.0
    1490  4.843617e+00   171890.0
    1491  0.000000e+00      200.0
    1492  3.651084e+00    91740.0
    1493 -6.335037e+01  1800750.0
    1494  0.000000e+00        0.0
    1495 -2.823200e+05        0.0
    1496  1.024072e+01   524380.0
    1497  0.000000e+00        0.0
    1498  0.000000e+00        0.0
    1499 -4.301746e+01    12900.0
    1500 -1.276900e+04     1220.0
    1501 -2.671498e+00      180.0
    1502  1.956989e+00      110.0
    1503 -8.539697e+02   138730.0
    1504 -3.470960e+04    13710.0
    1505  0.000000e+00        0.0
    1506  0.000000e+00        0.0
    1507 -3.203845e-01    65180.0
    1508  0.000000e+00        0.0
    1509  0.000000e+00        0.0
    1510 -7.060000e+03        0.0
    1511  5.870785e+00   119650.0
    1512  0.000000e+00        0.0
    1513  0.000000e+00        0.0
    1514  0.000000e+00        0.0
    1515 -2.693854e-01    84780.0
    1516  0.000000e+00        0.0
    1517  2.065972e-01     6000.0
    1518  0.000000e+00     4720.0
    1519 -1.076977e+02   501740.0
    1520  3.121790e+00    76160.0
    1521  0.000000e+00      660.0
    1522 -2.100000e+02        0.0
    1523  0.000000e+00        0.0
    1524 -2.911127e+01   813900.0
    1525  0.000000e+00        0.0
    1526  6.079795e+00   407160.0
    1527  6.991432e-01   221200.0
    1528  0.000000e+00        0.0
    1529  0.000000e+00        0.0
    1530  2.161632e+00   285100.0
    1531 -1.113232e+01   584030.0
    1532 -1.000000e+03        0.0
    1533 -1.062656e+02  1187420.0
    1534 -2.000000e+02        0.0
    1535  0.000000e+00        0.0
    1536  0.000000e+00        0.0
    1537  0.000000e+00        0.0
    1538  0.000000e+00        0.0
    1539 -9.199861e+01   212910.0
    1540  0.000000e+00        0.0
    1541  0.000000e+00        0.0
    1542  7.600000e-01       60.0
    1543 -1.276405e+03     2830.0
    1544  0.000000e+00     2830.0
    1545 -6.862846e+00   310310.0
    1546  0.000000e+00        0.0
    1547  4.082778e+00   148260.0
    1548  3.139176e+00   159880.0
    1549  2.210327e+00   176600.0
    1550  0.000000e+00        0.0
    1551 -1.031258e+02    81780.0
    1552  0.000000e+00        0.0
    1553 -1.678820e+02    83140.0
    1554 -1.955088e+01   668080.0
    1555 -4.630155e+01   162800.0
    1556  0.000000e+00        0.0
    1557  3.074629e+00   100400.0
    1558  4.593744e+00   144460.0
    1559  0.000000e+00        0.0
    1560  0.000000e+00        0.0
    1561  0.000000e+00        0.0
    1562  1.612729e+00   161160.0
    1563 -2.089800e+05        0.0
    1564  0.000000e+00        0.0
    1565  0.000000e+00        0.0
    1566  0.000000e+00        0.0
    1567  0.000000e+00        0.0
    1568  0.000000e+00      450.0
    1569  1.555761e+00   438240.0
    1570 -5.908710e+01   484000.0
    1571  0.000000e+00        0.0
    1572 -4.512400e+05     3750.0
    1573 -1.127428e+02   154870.0
    1574 -4.355000e+04    43990.0
    1575 -6.474480e+00     7400.0
    1576 -1.600025e+03     2030.0
    1577  0.000000e+00      280.0
    1578  0.000000e+00      580.0
    1579  1.678373e+00    47830.0
    1580  2.111727e+00   124910.0
    1581  5.583979e-01    73910.0
    1582 -2.949700e+05        0.0
    1583  8.614809e-01    81850.0
    1584  1.456002e+00    67170.0
    1585  7.107376e-01   131230.0
    1586 -1.040614e+00    97170.0
    1587  1.234696e+00    81780.0
    1588  0.000000e+00        0.0
    1589  3.319071e+00   134930.0
    1590  1.607467e+00   100280.0
    1591  0.000000e+00        0.0
    1592  0.000000e+00      230.0
    1593 -2.100000e+03        0.0
    1594 -2.890459e+01   189760.0
    1595  3.185455e+00   170280.0
    1596  2.371391e+00   151700.0
    1597  1.810824e+00   136220.0
    1598  0.000000e+00        0.0
    1599  1.758955e+00   101110.0
    1600  1.930071e+00      930.0
    1601  3.602484e-01      180.0
    1602  2.222846e+00   106340.0
    1603  2.000000e+00        0.0
    1604  2.000000e+00        0.0
    1605  3.233843e+00   126060.0
    1606  0.000000e+00        0.0
    1607  2.529810e+00   153480.0
    1608  0.000000e+00        0.0
    1609  0.000000e+00        0.0
    1610  0.000000e+00      220.0
    1611  3.870158e-01   363390.0
    1612  0.000000e+00        0.0
    1613  0.000000e+00        0.0
    1614  0.000000e+00        0.0
    1615  2.855454e+00   182390.0
    1616  3.396905e+00   305300.0
    1617 -2.799846e+01   158590.0
    1618 -2.800000e+02        0.0
    1619  2.793198e+00   461120.0
    1620 -2.304545e+01     2640.0
    1621  2.907921e+00   338930.0
    1622  3.777098e+00   286560.0
    1623 -3.274000e+04     4400.0
    1624 -2.110000e+02      110.0
    1625  0.000000e+00        0.0
    1626 -6.190476e-01     2280.0
    1627  2.641546e+00   119500.0
    1628  2.977530e+00   243530.0
    1629  0.000000e+00        0.0
    1630  3.141385e+00   186820.0
    1631  0.000000e+00        0.0
    1632 -6.000000e+01     2120.0
    1633  0.000000e+00        0.0
    1634  0.000000e+00        0.0
    1635 -1.239173e+03     1400.0
    1636  1.463333e+00      920.0
    1637 -5.000000e+01        0.0
    1638  1.000000e+00     2970.0
    1639  1.375943e+00   101210.0
    1640 -2.533867e-02   125550.0
    1641 -8.571429e-02     5040.0
    1642  0.000000e+00        0.0
    1643 -2.529600e+05    14910.0
    1644  0.000000e+00        0.0
    1645  0.000000e+00      390.0
    1646  2.072276e+00    99960.0
    1647  2.648310e+00     6450.0
    1648  5.813747e-01    15690.0
    1649  0.000000e+00      120.0
    1650  0.000000e+00        0.0
    1651  0.000000e+00        0.0
    1652  0.000000e+00       30.0
    1653 -9.069125e+00  1488060.0
    1654  1.601760e+00   126730.0
    1655 -4.542000e+03      830.0
    1656  0.000000e+00        0.0
    1657  0.000000e+00       10.0
    1658  7.740887e-01    79400.0
    1659  0.000000e+00      440.0
    1660 -1.415923e+02   357780.0
    1661  1.515462e+00   198430.0
    1662  0.000000e+00        0.0
    1663 -1.650000e+03        0.0
    1664  4.064824e-01    12240.0
    1665 -1.939767e+00   323050.0
    1666  0.000000e+00      790.0
    1667  0.000000e+00        0.0
    1668  0.000000e+00        0.0
    1669 -1.156386e+01    77070.0
    1670  1.916640e+00   147360.0
    1671  1.414738e+00    77210.0
    1672 -5.519481e-01     2160.0
    1673 -9.675325e-01     2190.0
    1674 -4.109195e-01     3740.0
    1675  1.161605e+01   457100.0