 episode  sum_reward  tardiness
       1  -13.390823   313460.0
       2  -66.264611  1763520.0
       3  -29.633840   757420.0
       4   -7.493576   202390.0
       5  -11.899833   325350.0
       6  -76.575064  2073420.0
       7  -30.430146   808300.0
       8   -5.879719   164170.0
       9   -8.443278   233310.0
      10  -18.239688   492890.0
      11  -28.499271   752130.0
      12   -4.675726   130610.0
      13  -31.179468   841600.0
      14  -26.565337   695500.0
      15  -24.111084   647910.0
      16  -29.200812   743710.0
      17   -6.763601   189830.0
      18  -21.620087   580970.0
      19  -23.865656   646200.0
      20  -10.571774   287890.0
      21  -27.114820   724370.0
      22  -10.867111   284590.0
      23  -31.552955   845420.0
      24  -14.772003   383580.0
      25   -9.579524   256090.0
      26   -7.337059   197740.0
      27  -45.889535  1234940.0
      28   -4.893288   136540.0
      29  -23.507434   658320.0
      30   -4.716552   131660.0
      31   -7.325871   198490.0
      32  -31.269194   800570.0
      33  -50.525820  1363170.0
      34   -4.879278   136280.0
      35   -5.977878   167500.0
      36   -8.233604   222350.0
      37   -4.602073   128200.0
      38  -25.870081   710260.0
      39   -4.885701   135300.0
      40   -4.550007   127100.0
      41  -24.707521   669400.0
      42   -4.806510   132910.0
      43  -14.591111   365770.0
      44   -7.637326   207030.0
      45   -5.104052   137750.0
      46   -9.991378   262390.0
      47   -8.702885   237240.0
      48  -48.037341  1238110.0
      49   -9.883851   263160.0
      50  -43.576858  1170170.0
      51   -6.985625   192580.0
      52   -4.952760   138200.0
      53  -15.574153   438360.0
      54   -4.811996   134320.0
      55   -4.938819   137670.0
      56   -5.973747   166140.0
      57   -4.807868   133970.0
      58   -9.144191   249170.0
      59  -15.696566   437400.0
      60  -22.653198   607990.0
      61   -4.774503   133150.0
      62  -18.892864   493100.0
      63   -6.040559   164840.0
      64  -61.758851  1662410.0
      65   -7.384472   196560.0
      66  -43.163622  1176650.0
      67  -50.553961  1357410.0
      68   -8.636875   226550.0
      69   -4.730569   132020.0
      70  -26.811524   685180.0
      71   -4.788229   133550.0
      72   -7.831570   211640.0
      73   -9.574754   256890.0
      74  -24.219073   650790.0
      75   -8.654108   236190.0
      76   -4.980333   137690.0
      77 -157.409321  4290740.0
      78  -34.263558   899420.0
      79   -4.788479   133530.0
      80  -25.590587   715700.0
      81 -101.429677  2758080.0
      82   -4.718663   131720.0
      83  -12.589038   319050.0
      84   -7.008316   194680.0
      85   -4.763417   132830.0
      86   -9.142879   243350.0
      87   -4.972813   131480.0
      88   -6.696108   177450.0
      89   -4.869122   135070.0
      90   -4.899944   136760.0
      91  -61.090511  1657380.0
      92  -36.672781   983990.0
      93  -57.089080  1545720.0
      94   -8.355656   231940.0
      95   -4.909365   136380.0
      96  -37.159977  1022240.0
      97  -11.606035   320690.0
      98   -4.952924   138110.0
      99   -4.802392   133940.0
     100  -34.438931   894250.0
     101  -29.935629   793760.0
     102  -50.561719  1363830.0
     103  -31.927552   839230.0
     104   -7.298274   201600.0
     105  -32.609312   849460.0
     106 -143.088629  3893340.0
     107  -29.710667   787440.0
     108  -32.084347   850170.0
     109  -31.885924   844850.0
     110  -12.973414   348200.0
     111  -29.923507   793200.0
     112  -32.467684   840580.0
     113  -67.989996  1834840.0
     114   -9.817809   260370.0
     115  -32.351987   849840.0
     116  -34.429087   884200.0
     117   -9.996142   264090.0
     118   -8.035816   219180.0
     119  -18.637604   483450.0
     120  -31.402249   834800.0
     121  -32.131930   848550.0
     122  -38.731368  1006220.0
     123 -113.332836  3050010.0
     124 -108.758106  2917380.0
     125  -66.169830  1792400.0
     126  -30.169733   800380.0
     127  -35.481118   929580.0
     128  -49.773857  1353540.0
     129  -39.280496  1044920.0
     130  -30.366360   806040.0
     131  -40.140106  1050450.0
     132  -29.927000   793610.0
     133  -38.327721  1011570.0
     134  -29.799310   789960.0
     135  -30.395559   800300.0
     136 -143.710841  3875700.0
     137  -29.931576   793610.0
     138  -30.226218   802650.0
     139  -30.885611   819950.0
     140  -29.792320   789730.0
     141  -29.652531   786110.0
     142  -36.037775   964090.0
     143   -8.133556   214930.0
     144  -27.224910   717760.0
     145   -8.962486   241250.0
     146  -30.008271   795110.0
     147  -43.125788  1157620.0
     148   -4.663531   130090.0
     149   -4.807736   134100.0
     150  -10.855938   298640.0
     151  -18.630171   515940.0
     152   -4.653267   128940.0
     153   -4.520267   126080.0
     154  -25.527090   672170.0
     155   -4.944361   137810.0
     156  -14.234448   395500.0
     157  -30.228237   843880.0
     158   -2.878538    75250.0
     159   -0.412417    11060.0
     160   -2.985375    79140.0
     161   -9.626601   266410.0
     162   -8.805906   228850.0
     163  -38.083015  1027570.0
     164   -0.233403     1890.0
     165   -0.231816     6280.0
     166  -14.159750   364510.0
     167   -3.089156    72420.0
     168   -1.599917    40090.0
     169   -5.724209   151420.0
     170  -27.167468   782040.0
     171   -7.690833   200930.0
     172   -1.798448    51060.0
     173  -12.471541   347030.0
     174   -0.606247     3730.0
     175  -15.993445   412350.0
     176   -2.890066    65570.0
     177   -0.238090     2420.0
     178   -2.222944    49180.0
     179   -0.429149     7950.0
     180  -11.589083   327210.0
     181   -3.307851    80000.0
     182   -1.391667    37480.0
     183   -1.562896    38960.0
     184   -2.229802    42460.0
     185   -2.164542    41870.0
     186   -2.842399    74190.0
     187   -1.603625    30460.0
     188   -2.623573    57810.0
     189   -2.117396    57650.0
     190   -4.522854   121420.0
     191   -1.749354    49290.0
     192   -8.144969   227190.0
     193   -1.477052    39710.0
     194   -4.873312   133510.0
     195  -36.124180   985560.0
     196   -0.094188     2670.0
     197   -0.235385     1690.0
     198  -21.977968   618400.0
     199   -2.828823    76380.0
     200   -1.866417    50820.0
     201  -26.852851   756420.0
     202   -1.380920    37730.0
     203   -8.759243   234400.0
     204   -7.182451   200180.0
     205   -1.187542    24640.0
     206   -1.324312    32120.0
     207   -4.609767   123690.0
     208   -2.880504    82110.0
     209   -5.904292   162860.0
     210   -8.207743   221610.0
     211   -0.105611        0.0
     212   -1.235677    24310.0
     213  -21.174850   589060.0
     214   -1.321781    35290.0
     215   -1.781066    40820.0
     216   -0.478698    11090.0
     217  -82.411684  2202010.0
     218   -1.883323    49580.0
     219  -50.490695  1353420.0
     220   -4.949396   128060.0
     221   -8.404160   226940.0
     222  -49.472278  1345180.0
     223   -0.936778    25700.0
     224  -29.721399   787260.0
     225  -72.282618  1965740.0
     226   -1.358042    35100.0
     227  -69.663357  1946610.0
     228   -1.075160    29050.0
     229   -5.138566   126760.0
     230   -0.655163    17680.0
     231   -0.030115      830.0
     232   -7.600875   209540.0
     233   -9.473590   243790.0
     234   -0.348924     9240.0
     235   -0.373142     6200.0
     236   -2.868760    76600.0
     237   -4.241719   118840.0
     238  -24.527410   682100.0
     239  -17.721128   463680.0
     240   -2.367917    65490.0
     241  -34.355559   918990.0
     242   -0.085403     2420.0
     243   -3.252767    89280.0
     244   -0.085403     2420.0
     245   -9.162663   247150.0
     246   -1.103639    30810.0
     247   -1.432726    37850.0
     248   -0.085403     2420.0
     249   -4.000066   114390.0
     250   -0.084997     2420.0
     251  -11.090750   298470.0
     252  -14.365163   399780.0
     253   -0.084691      830.0
     254   -1.419431    33110.0
     255   -0.084997     2420.0
     256   -0.085003     2420.0
     257   -2.070490    58830.0
     258   -0.085410     2420.0
     259   -1.610684    33470.0
     260   -0.612507    16880.0
     261   -2.033493    56590.0
     262   -5.359153   142590.0
     263   -4.562274   125050.0
     264   -0.240069     2420.0
     265    0.000000        0.0
     266    0.000000        0.0
     267    0.000000        0.0
     268   -0.085403     2420.0
     269   -0.243590     2420.0
     270   -0.085403     2420.0
     271   -0.571608     6400.0
     272   -0.006111        0.0
     273   -1.603997    45400.0
     274   -0.084997     2420.0
     275    0.000000        0.0
     276   -1.867615    52870.0
     277   -0.162434     2640.0
     278   -1.811170    51260.0
     279   -1.694573    47390.0
     280   -1.558799    38900.0
     281   -0.085538     2420.0
     282   -1.230948    33110.0
     283   -3.733229   104520.0
     284    0.000000        0.0
     285   -0.386274     6310.0
     286   -0.084997     2420.0
     287   -3.615299   101180.0
     288   -0.000028        0.0
     289   -0.056247     1600.0
     290   -8.606538   245680.0
     291   -6.290267   174290.0
     292   -0.057333     1600.0
     293  -72.319099  1986350.0
     294   -0.077160        0.0
     295  -48.880920  1327640.0
     296   -0.223229     2580.0
     297   -0.085403     2420.0
     298   -0.364056     5670.0
     299   -4.734226   131880.0
     300  -21.576615   600000.0
     301  -14.536299   401810.0
     302   -2.265917    59700.0
     303   -0.029007      830.0
     304   -3.633819   101780.0
     305    0.000000        0.0
     306   -3.656889   102250.0
     307   -4.154795   116470.0
     308    0.000000        0.0
     309   -0.084997     2420.0
     310   -1.686917    47850.0
     311   -1.073660    30250.0
     312   -1.510920    42780.0
     313   -0.085403     2420.0
     314   -0.085517     2420.0
     315  -44.736294  1219300.0
     316    0.000000        0.0
     317   -0.084997     2420.0
     318   -5.202358   144030.0
     319  -30.270053   803580.0
     320   -0.381337     6310.0
     321   -0.409340     9240.0
     322   -3.741153   104750.0
     323   -0.150826     3330.0
     324   -0.085403     2420.0
     325   -1.349795    38140.0
     326   -1.686868    47850.0
     327   -1.769076    50150.0
     328   -4.428837   119700.0
     329   -0.579622    15170.0
     330   -0.085403     2420.0
     331   -3.756882   105390.0
     332   -0.024667        0.0
     333   -3.619080   101320.0
     334  -20.494882   589450.0
     335   -0.024667        0.0
     336   -1.603997    40080.0
     337   -0.579622    15170.0
     338   -0.579622    15170.0
     339   -0.108365     2250.0
     340  -27.576233   719590.0
     341   -4.483601   120330.0
     342   -4.483601   120330.0
     343   -2.142625    58090.0
     344  -19.927455   542730.0
     345   -0.583549    12810.0
     346   -0.108365     2250.0
     347   -0.579583    15170.0
     348   -0.085403     2420.0
     349  -26.926323   723200.0
     350   -0.085403     2420.0
     351  -21.501160   597660.0
     352   -0.084997     2420.0
     353   -0.029111      830.0
     354    0.000000        0.0
     355   -0.085403     2420.0
     356   -0.029115      830.0
     357    0.000000        0.0
     358  -21.240048   590140.0
     359   -0.029111      830.0
     360   -0.084997     2420.0
     361  -26.559374   713050.0
     362   -0.108778     2250.0
     363  -21.518878   598590.0
     364  -30.045090   796530.0
     365   -0.084997     2420.0
     366   -0.084997     2420.0
     367    0.000000        0.0
     368   -0.377198     6300.0
     369  -26.566989   713470.0
     370  -26.861935   721500.0
     371    0.000000        0.0
     372  -32.235246   845200.0
     373   -0.038694     1070.0
     374   -0.084997     2420.0
     375  -21.501160   597660.0
     376  -21.501160   597660.0
     377  -21.501160   597660.0
     378   -0.084997     2420.0
     379  -21.501160   597660.0
     380  -26.927108   723200.0
     381   -0.084997     2420.0
     382   -0.024667        0.0
     383  -26.006229   691990.0
     384   -0.024667        0.0
     385  -21.501160   597660.0
     386  -72.746872  1975850.0
     387   -0.024667        0.0
     388   -0.084997     2420.0
     389   -0.115059     2420.0
     390   -0.024667        0.0
     391   -1.981764    55160.0
     392   -0.115059     2420.0
     393  -21.501160   597660.0
     394  -21.501160   597660.0
     395   -1.981764    55160.0
     396   -0.122490     2250.0
     397   -1.347594    36360.0
     398  -28.261406   761360.0
     399  -32.397332   863960.0
     400  -77.109203  2156020.0
     401  -77.161547  2160460.0
     402 -103.406674  2814080.0
     403  -82.803061  2211240.0
     404   -1.485927    40610.0
     405 -103.735975  2823510.0
     406   -0.108365     2250.0
     407   -0.024667        0.0
     408   -0.632969    15120.0
     409  -77.176361  2057680.0
     410   -4.483819   120330.0
     411   -0.108778     2250.0
     412  -91.934150  2503090.0
     413   -0.024667        0.0
     414  -66.975324  1770280.0
     415  -87.929706  2337200.0
     416   -0.024667        0.0
     417   -0.024667        0.0
     418   -2.386389    64700.0
     419  -66.580598  1855780.0
     420   -1.348118    36360.0
     421   -1.341851    36210.0
     422   -0.509444    13230.0
     423  -26.816319   720290.0
     424  -33.946083   870200.0
     425   -0.151903     3340.0
     426   -1.347594    36360.0
     427   -0.085403     2420.0
     428  -22.799424   635050.0
     429  -29.919871   793500.0
     430    0.000000        0.0
     431   -0.055969     1600.0
     432  -15.275927   413790.0
     433   -0.029111      830.0
     434    0.000000        0.0
     435   -0.056104     1600.0
     436    0.000000        0.0
     437   -0.029111      830.0
     438  -14.222340   377870.0
     439    0.000000        0.0
     440    0.000000        0.0
     441  -12.511212   339330.0
     442   -0.084997     2420.0
     443   -0.029111      830.0
     444    0.000000        0.0
     445  -13.628073   361950.0
     446    0.000000        0.0
     447   -0.000080        0.0
     448   -4.358646   118650.0
     449    0.000000        0.0
     450  -11.140541   310860.0
     451   -0.085403     2420.0
     452   -0.029111      830.0
     453    0.000000        0.0
     454   -0.318330     4400.0
     455    0.000000        0.0
     456  -12.113945   326800.0
     457  -14.563364   393190.0
     458    0.000000        0.0
     459   -0.317878     4400.0
     460   -0.084788      830.0
     461   -0.085545     2420.0
     462  -15.053438   400550.0
     463  -15.338260   416990.0
     464   -0.028049      800.0
     465  -12.752063   338310.0
     466   -0.084997     2420.0
     467   -9.250201   258580.0
     468  -13.982982   370350.0
     469   -0.029111      830.0
     470   -0.209785     1260.0
     471   -0.084997     2420.0
     472   -8.806132   244880.0
     473   -0.084997     2420.0
     474   -9.748392   271770.0
     475  -12.068132   326580.0
     476  -15.004222   398760.0
     477   -0.029111      830.0
     478   -0.084997     2420.0
     479   -8.409201   233510.0
     480   -0.085403     2420.0
     481  -12.656260   342630.0
     482   -5.228149   145530.0
     483   -0.084997     2420.0
     484    0.000000        0.0
     485   -0.084997     2420.0
     486   -0.085403     2420.0
     487   -0.085403     2420.0
     488   -4.055764   113630.0
     489   -4.878913   135960.0
     490   -0.084997     2420.0
     491    0.000000        0.0
     492   -0.084997     2420.0
     493   -0.055552     1500.0
     494    0.000000        0.0
     495    0.000000        0.0
     496   -3.996139   112050.0
     497   -4.166549   115350.0
     498   -0.084997     2420.0
     499    0.000000        0.0
     500   -1.231160    34740.0
     501   -6.055184   169680.0
     502   -4.909125   136910.0
     503   -8.658514   235600.0
     504   -3.879410   108890.0
     505   -0.084997     2420.0
     506   -0.084997     2420.0
     507   -4.802656   133990.0
     508   -4.150281   112230.0
     509  -45.799802  1234370.0
     510    0.000000        0.0
     511   -0.084997     2420.0
     512   -4.154958   115590.0
     513   -3.844625   107860.0
     514    0.000000        0.0
     515    0.000000        0.0
     516   -0.084997     2420.0
     517    0.000000        0.0
     518   -0.181399      700.0
     519   -1.711097    48550.0
     520   -0.085403     2420.0
     521    0.000000        0.0
     522   -0.340892     5240.0
     523   -1.734069    42250.0
     524   -3.819389   106970.0
     525   -8.763340   241150.0
     526   -0.394444     5290.0
     527   -0.015660        0.0
     528  -30.149634   859920.0
     529   -0.084997     2420.0
     530    0.000000        0.0
     531   -4.018736   112490.0
     532   -1.848965    52370.0
     533   -4.740878   132290.0
     534    0.000000        0.0
     535    0.000000        0.0
     536   -4.891691   136300.0
     537    0.000000        0.0
     538   -0.030528      870.0
     539   -0.085403     2420.0
     540   -0.029111      830.0
     541   -0.085403     2420.0
     542   -0.085403     2420.0
     543    0.000000        0.0
     544   -3.878563   108650.0
     545   -0.084997     2420.0
     546   -9.117948   249280.0
     547   -4.895851   132720.0
     548   -1.720483    48830.0
     549   -4.420740   122040.0
     550    0.000000        0.0
     551   -4.774580   133170.0
     552 -205.957863  5557260.0
     553   -0.084997     2420.0
     554   -0.085403     2420.0
     555   -3.853441   107880.0
     556    0.000000        0.0
     557   -0.029111      830.0
     558   -4.723562   131720.0
     559    0.000000        0.0
     560    0.000000        0.0
     561  -25.913029   745920.0
     562    0.000000        0.0
     563   -0.055552     1500.0
     564   -4.345590   114550.0
     565   -0.085403     2420.0
     566   -1.762455    49980.0
     567   -0.029111      830.0
     568   -0.029111      830.0
     569   -0.368830     8940.0
     570   -0.029111      830.0
     571   -3.191531    88020.0
     572    0.000000        0.0
     573   -1.692444    48000.0
     574   -0.029111      830.0
     575   -1.687000    47850.0
     576    0.000000        0.0
     577   -3.745156   104960.0
     578    0.000000        0.0
     579   -3.929403   110200.0
     580   -0.085080      830.0
     581  -26.862902   738130.0
     582   -0.084997     2420.0
     583   -4.118778   115140.0
     584   -2.022809    57440.0
     585   -1.998795    56760.0
     586   -4.770986   129070.0
     587   -0.084997     2420.0
     588   -0.085403     2420.0
     589   -4.804413   133990.0
     590   -1.751635    49670.0
     591   -4.894486   132690.0
     592    0.000000        0.0
     593   -2.369441    65910.0
     594  -35.724295   984280.0
     595   -0.029139      830.0
     596    0.000000        0.0
     597   -0.084997     2420.0
     598   -3.330955    93590.0
     599   -0.028972      830.0
     600    0.000000        0.0
     601   -5.270247   145910.0
     602   -3.756503   105020.0
     603  -75.545723  2059930.0
     604   -1.748674    48700.0
     605   -2.656330    75550.0
     606   -0.084997     2420.0
     607   -5.256444   145960.0
     608   -5.694024   157690.0
     609   -3.539316    99310.0
     610    0.000000        0.0
     611   -4.052958   112620.0
     612   -3.707010   103910.0
     613   -2.193976    62180.0
     614    0.000000        0.0
     615   -2.249389    63670.0
     616   -5.866694   164070.0
     617   -0.033615       40.0
     618   -0.029111      830.0
     619   -3.386368    94540.0
     620   -0.238514     2420.0
     621  -35.073264  1009010.0
     622   -4.025003   112790.0
     623   -0.152660     3380.0
     624   -2.080972    58960.0
     625   -5.622521   149940.0
     626   -0.029111      830.0
     627   -0.085458     2420.0
     628   -2.137479    60630.0
     629   -0.085403     2420.0
     630   -5.097736   141120.0
     631   -0.085042     2420.0
     632  -86.528072  2419770.0
     633   -2.265805    64350.0
     634    0.000000        0.0
     635   -2.340868    66420.0
     636   -0.000031        0.0
     637   -3.991851   111860.0
     638   -0.087830     2500.0
     639    0.000000        0.0
     640   -5.370871   149310.0
     641   -2.261271    64120.0
     642   -0.152556     3380.0
     643    0.000000        0.0
     644   -0.037628      830.0
     645   -2.128326    60370.0
     646   -0.041611     1190.0
     647    0.000000        0.0
     648   -2.070392    56520.0
     649   -3.526233    98960.0
     650   -0.084997     2420.0
     651   -3.690305   104930.0
     652   -0.753806    20830.0
     653   -5.426906   150610.0
     654   -0.085403     2420.0
     655   -0.084997     2420.0
     656   -0.195108     2420.0
     657   -5.550670   153980.0
     658   -5.046042   140910.0
     659    0.000000        0.0
     660   -4.842201   134880.0
     661   -0.085403     2420.0
     662   -2.364625    67150.0
     663   -4.149872   112230.0
     664    0.000000        0.0
     665   -1.668097    34380.0
     666   -0.029111      830.0
     667   -0.241705     2420.0
     668   -0.029111      830.0
     669  -14.667916   408900.0
     670   -0.029111      830.0
     671   -1.545771    43710.0
     672    0.000000        0.0
     673  -17.171309   479620.0
     674   -0.272170     2420.0
     675   -1.686944    47850.0
     676    0.000000        0.0
     677  -16.153854   454730.0
     678   -0.085403     2420.0
     679   -1.836243    51880.0
     680  -17.313597   491870.0
     681   -1.686872    47850.0
     682   -2.208014    59970.0
     683  -16.284309   458480.0
     684   -0.029111      830.0
     685    0.000000        0.0
     686  -17.003674   470970.0
     687   -4.389691   118650.0
     688   -0.339951     5290.0
     689   -0.029111      830.0
     690    0.000000        0.0
     691    0.000000        0.0
     692  -17.151327   477590.0
     693    0.000000        0.0
     694   -4.351969   120120.0
     695    0.000000        0.0
     696    0.000000        0.0
     697   -0.029111      830.0
     698   -1.726806    48970.0
     699   -0.029111      830.0
     700   -0.014243      410.0
     701   -3.709861   103920.0
     702    0.000000        0.0
     703   -0.098309     2420.0
     704   -5.076188   141520.0
     705   -0.029111      830.0
     706   -1.751246    49660.0
     707    0.000000        0.0
     708   -2.896667    78030.0
     709   -0.085403     2420.0
     710   -0.085403     2420.0
     711   -0.085403     2420.0
     712   -4.665809   127850.0
     713   -4.883896   132330.0
     714   -0.029111      830.0
     715   -0.085403     2420.0
     716   -0.085403     2420.0
     717    0.000000        0.0
     718    0.000000        0.0
     719  -47.409257  1294010.0
     720   -0.181167      700.0
     721   -1.692406    48000.0
     722   -0.029111      830.0
     723    0.000000        0.0
     724   -0.377021     6300.0
     725    0.000000        0.0
     726   -4.490743   123070.0
     727   -3.843681   107730.0
     728   -0.084997     2420.0
     729   -0.084997     2420.0
     730   -3.809958   106720.0
     731   -0.084997     2420.0
     732    0.000000        0.0
     733   -0.976757    27000.0
     734   -0.317878     4400.0
     735   -8.911812   255920.0
     736   -3.936205   110360.0
     737    0.000000        0.0
     738   -0.029111      830.0
     739   -1.658330    47020.0
     740  -19.852604   540690.0
     741    0.000000        0.0
     742   -4.149931   112230.0
     743    0.000000        0.0
     744   -0.084997     2420.0
     745    0.000000        0.0
     746   -0.084719     2420.0
     747   -4.340965   121330.0
     748  -11.687260   331650.0
     749   -0.213747     1270.0
     750   -0.085403     2420.0
     751   -0.097451     2420.0
     752   -0.000108        0.0
     753   -0.084997     2420.0
     754   -0.029111      830.0
     755   -0.029111      830.0
     756   -1.554361    44030.0
     757  -28.799785   820930.0
     758   -3.899792   108610.0
     759   -0.240993     2420.0
     760   -0.084997     2420.0
     761   -0.029111      830.0
     762   -0.085403     2420.0
     763   -5.093313   141920.0
     764    0.000000        0.0
     765    0.000000        0.0
     766   -0.084997     2420.0
     767   -3.866444   108180.0
     768  -23.565343   671750.0
     769   -0.085403     2420.0
     770   -0.029111      830.0
     771   -3.421007    95910.0
     772   -4.942278   137910.0
     773   -1.897017    53910.0
     774   -4.549868   127100.0
     775 -101.639610  2839840.0
     776   -8.112052   218760.0
     777   -0.029111      830.0
     778   -0.084997     2420.0
     779   -1.690563    47950.0
     780   -0.029111      830.0
     781   -0.056510     1600.0
     782    0.000000        0.0
     783    0.000000        0.0
     784   -1.686906    47850.0
     785   -0.000108        0.0
     786  -28.514661   812800.0
     787   -1.881778    53290.0
     788   -0.043090        0.0
     789    0.000000        0.0
     790   -0.085403     2420.0
     791   -3.926684   110030.0
     792  -23.588094   637970.0
     793   -2.621712    73000.0
     794    0.000000        0.0
     795    0.000000        0.0
     796   -0.084997     2420.0
     797  -22.649541   618700.0
     798   -0.085403     2420.0
     799   -0.084997     2420.0
     800   -0.097042     2420.0
     801   -4.643917   129330.0
     802   -4.228667   118380.0
     803   -0.052785     1420.0
     804   -3.662573   102530.0