 episode  sum_reward    tardiness
       1   -1.618852 4.057237e+04
       2   -4.918205 1.255697e+05
       3   -3.140236 7.779850e+04
       4   -0.819703 2.199133e+04
       5   -2.029151 5.198730e+04
       6   -4.425156 1.093085e+05
       7   -6.174551 1.558948e+05
       8   -4.040677 1.027785e+05
       9  -18.726299 4.982397e+05
      10   -0.972849 2.546237e+04
      11   -8.657930 2.289924e+05
      12  -10.241657 2.631185e+05
      13  -16.930919 4.594885e+05
      14   -2.444951 5.852477e+04
      15   -3.137962 7.913237e+04
      16   -5.698148 1.466097e+05
      17   -4.742801 1.123397e+05
      18   -6.627673 1.755375e+05
      19   -9.691715 2.542573e+05
      20   -4.826103 1.280073e+05
      21   -9.503939 2.471297e+05
      22  -12.762560 3.255697e+05
      23   -5.432677 1.434373e+05
      24   -4.627547 9.786357e+04
      25   -8.064677 1.979473e+05
      26   -3.781872 9.549730e+04
      27   -2.757043 6.881133e+04
      28  -11.242572 3.007097e+05
      29   -0.876842 2.293507e+04
      30   -9.769643 2.497391e+05
      31   -4.282574 1.121385e+05
      32   -5.596118 1.433297e+05
      33   -9.993964 2.589585e+05
      34   -6.420565 1.641548e+05
      35   -1.643867 3.945507e+04
      36   -5.471210 1.329497e+05
      37   -3.870065 9.795850e+04
      38   -2.424242 6.007730e+04
      39  -18.943143 4.940536e+05
      40   -1.988980 4.715357e+04
      41  -10.790507 2.718136e+05
      42  -16.580142 4.308097e+05
      43   -3.970810 9.860627e+04
      44   -3.966369 9.713850e+04
      45   -3.013929 7.620730e+04
      46   -3.839531 9.769970e+04
      47  -19.250667 5.105997e+05
      48   -2.641191 6.689477e+04
      49   -6.123231 1.449824e+05
      50   -3.033446 7.001090e+04
      51   -1.867493 4.611730e+04
      52  -12.849161 3.290597e+05
      53   -4.210811 1.040463e+05
      54   -7.939485 1.946136e+05
      55   -2.235103 5.796237e+04
      56   -2.428397 6.260850e+04
      57   -3.028336 7.492730e+04
      58  -24.995730 6.606009e+05
      59   -3.835469 9.594970e+04
      60   -1.516202 3.617237e+04
      61   -4.794111 1.240373e+05
      62  -10.767837 2.839640e+05
      63   -6.760142 1.801685e+05
      64   -2.845923 7.219237e+04
      65  -12.069452 3.168785e+05
      66   -3.323103 8.497730e+04
      67   -1.402146 3.379730e+04
      68  -10.203057 2.699897e+05
      69  -11.003493 2.877785e+05
      70   -3.164370 8.022730e+04
      71  -24.165447 6.492897e+05
      72  -10.435204 2.629073e+05
      73   -3.932731 1.008251e+05
      74  -14.522254 3.865073e+05
      75   -2.599817 6.477730e+04
      76  -25.560575 6.835796e+05
      77  -14.547327 3.903573e+05
      78   -9.787894 2.516340e+05
      79   -8.402880 2.221224e+05
      80  -11.139287 2.960991e+05
      81   -2.866709 7.558237e+04
      82   -2.263785 5.350237e+04
      83   -3.033457 8.041237e+04
      84   -5.540516 1.414551e+05
      85   -7.575541 1.983224e+05
      86  -13.535848 3.588273e+05
      87   -9.858700 2.534585e+05
      88  -23.380673 6.115097e+05
      89   -6.636413 1.727773e+05
      90   -3.284231 7.757850e+04
      91   -3.307017 8.159850e+04
      92   -2.846374 7.537237e+04
      93   -8.982109 2.279173e+05
      94   -8.713496 2.254973e+05
      95   -2.675918 6.741357e+04
      96   -1.314824 3.322730e+04
      97   -2.761941 7.118730e+04
      98  -10.024020 2.569473e+05
      99   -3.412066 8.696730e+04
     100   -2.640532 6.354730e+04
     101   -3.403514 8.690730e+04
     102   -1.143185 3.024730e+04
     103   -1.872811 3.840730e+04
     104   -1.415607 3.668730e+04
     105   -1.382009 3.637237e+04
     106   -3.219125 8.290730e+04
     107   -3.918710 9.837970e+04
     108   -2.144133 5.768627e+04
     109   -7.911786 2.112773e+05
     110   -2.757111 7.011730e+04
     111   -2.662905 6.531850e+04
     112   -2.963575 7.642730e+04
     113   -7.469280 1.984824e+05
     114   -2.345643 5.869627e+04
     115   -2.327897 5.890850e+04
     116   -2.865647 7.359970e+04
     117   -2.662742 6.800730e+04
     118   -1.599460 4.144730e+04
     119   -1.140602 3.052507e+04
     120   -1.705156 4.449237e+04
     121   -2.561131 6.595730e+04
     122   -7.177577 1.927473e+05
     123   -2.593713 6.438730e+04
     124   -2.750902 7.098730e+04
     125   -5.583557 1.470573e+05
     126   -2.460032 6.363730e+04
     127   -0.910689 2.285013e+04
     128   -0.774872 2.211013e+04
     129   -1.017616 2.792013e+04
     130   -1.050956 2.870013e+04
     131   -1.211865 3.369507e+04
     132   -1.721905 4.598013e+04
     133   -2.658872 6.920627e+04
     134   -8.249978 2.195073e+05
     135   -0.968894 2.736013e+04
     136   -2.536876 6.701507e+04
     137   -1.588439 4.456013e+04
     138   -0.990376 2.798013e+04
     139   -3.712916 9.641627e+04
     140   -3.221475 8.632507e+04
     141   -1.547795 4.055507e+04
     142   -3.465828 8.582850e+04
     143   -4.320027 1.076148e+05
     144   -0.985887 2.788013e+04
     145   -0.977133 2.764013e+04
     146  -19.225947 5.263663e+05
     147   -1.155447 3.249013e+04
     148   -4.211447 1.066285e+05
     149   -0.986168 2.789013e+04
     150   -7.595169 2.011263e+05
     151   -2.926161 7.363970e+04
     152   -1.266479 3.485627e+04
     153   -1.230115 3.376133e+04
     154   -4.100474 1.048685e+05
     155   -3.324951 8.443000e+04
     156   -0.322358 9.280000e+03
     157   -0.427099 1.193747e+04
     158   -0.013542 3.900000e+02
     159   -0.644738 1.780440e+04
     160   -3.364184 9.109000e+04
     161   -0.027913 8.000000e+02
     162   -0.055969 1.600000e+03
     163   -0.029111 8.300000e+02
     164    0.000000 0.000000e+00
     165  -10.644205 2.830400e+05
     166   -0.846196 2.085013e+04
     167   -0.563759 1.561747e+04
     168   -0.036594 1.050000e+03
     169   -1.278663 3.433477e+04
     170   -0.563759 1.561747e+04
     171   -0.014528 4.100000e+02
     172   -0.000358 1.000000e+01
     173    0.000000 0.000000e+00
     174   -0.996617 2.812013e+04
     175   -0.996617 2.812013e+04
     176   -0.898629 2.521440e+04
     177   -0.898629 2.521440e+04
     178    0.000000 0.000000e+00
     179   -0.996617 2.812013e+04
     180   -0.024628 0.000000e+00
     181    0.000000 0.000000e+00
     182   -0.013542 3.900000e+02
     183   -0.538443 1.490747e+04
     184    0.000000 0.000000e+00
     185   -0.996617 2.812013e+04
     186    0.000000 0.000000e+00
     187   -0.013542 3.900000e+02
     188    0.000000 0.000000e+00
     189    0.000000 0.000000e+00
     190    0.000000 0.000000e+00
     191   -1.123677 3.091000e+04
     192    0.000000 0.000000e+00
     193    0.000000 0.000000e+00
     194   -0.073486 0.000000e+00
     195    0.000000 0.000000e+00
     196   -0.013542 3.900000e+02
     197  -15.957587 4.342600e+05
     198  -14.643007 3.913600e+05
     199   -0.013542 3.900000e+02
     200  -15.945009 4.585975e+05
     201   -3.791228 9.677970e+04
     202    0.000000 0.000000e+00
     203   -1.220119 2.593440e+04
     204    0.000000 0.000000e+00
     205    0.000000 0.000000e+00
     206    0.000000 0.000000e+00
     207   -1.261431 2.678440e+04
     208   -0.013542 3.900000e+02
     209   -3.293878 8.411850e+04
     210   -0.013542 3.900000e+02
     211   -3.862260 1.018048e+05
     212   -0.314943 8.747467e+03
     213   -3.645646 9.822000e+04
     214   -0.502120 1.355747e+04
     215   -6.130333 1.665600e+05
     216   -0.264964 3.327467e+03
     217   -0.661404 1.595373e+04
     218   -0.139236 4.010000e+03
     219   -0.013542 3.900000e+02
     220   -2.933440 7.519850e+04
     221   -1.119763 2.508440e+04
     222    0.000000 0.000000e+00
     223   -0.463850 1.005373e+04
     224   -0.637585 1.450440e+04
     225   -0.566860 1.166440e+04
     226    0.000000 0.000000e+00
     227   -3.009507 8.189000e+04
     228    0.000000 0.000000e+00
     229    0.000000 0.000000e+00
     230   -0.006722 0.000000e+00
     231   -3.231993 8.928000e+04
     232    0.000000 0.000000e+00
     233   -0.030903 8.900000e+02
     234   -0.013542 3.900000e+02
     235   -2.216500 5.940000e+04
     236   -6.681342 1.818475e+05
     237   -2.373358 6.376440e+04
     238    0.000000 0.000000e+00
     239   -1.556969 3.876000e+04
     240   -0.169038 3.600000e+02
     241   -6.682328 1.818475e+05
     242    0.000000 0.000000e+00
     243   -6.786651 1.845975e+05
     244   -3.410152 9.230320e+04
     245    0.000000 0.000000e+00
     246   -3.316415 8.023730e+04
     247   -7.763539 2.055224e+05
     248    0.000000 0.000000e+00
     249   -0.013542 3.900000e+02
     250  -16.074917 4.334400e+05
     251  -13.793050 3.870275e+05
     252    0.000000 0.000000e+00
     253   -0.958960 2.483747e+04
     254   -0.522950 1.057440e+04
     255    0.000000 0.000000e+00
     256    0.000000 0.000000e+00
     257   -5.026666 1.282173e+05
     258   -4.712853 1.174373e+05
     259   -3.640353 9.896320e+04
     260   -8.991120 2.345324e+05
     261    0.000000 0.000000e+00
     262    0.000000 0.000000e+00
     263  -12.106068 3.177173e+05
     264    0.000000 0.000000e+00
     265    0.000000 0.000000e+00
     266   -3.501431 9.731000e+04
     267   -4.086301 9.994850e+04
     268   -3.798798 9.666730e+04
     269    0.000000 0.000000e+00
     270   -8.485274 2.389161e+05
     271    0.000000 0.000000e+00
     272    0.000000 0.000000e+00
     273   -3.086320 7.538237e+04
     274    0.000000 0.000000e+00
     275    0.000000 0.000000e+00
     276  -10.247215 2.720500e+05
     277    0.000000 0.000000e+00
     278    0.000000 0.000000e+00
     279    0.000000 0.000000e+00
     280    0.000000 0.000000e+00
     281    0.000000 0.000000e+00
     282   -1.896582 4.867237e+04
     283    0.000000 0.000000e+00
     284    0.000000 0.000000e+00
     285    0.000000 0.000000e+00
     286   -0.588281 1.666000e+04
     287   -0.710871 1.636747e+04
     288    0.000000 0.000000e+00
     289    0.000000 0.000000e+00
     290   -1.371725 3.347440e+04
     291   -0.057396 9.500000e+02
     292   -3.065295 8.460000e+04
     293   -0.296357 5.993733e+03
     294   -0.202696 5.697467e+03
     295    0.000000 0.000000e+00
     296    0.000000 0.000000e+00
     297   -7.829076 1.923800e+05
     298    0.000000 0.000000e+00
     299   -2.223555 5.677237e+04
     300   -2.242232 5.719237e+04
     301   -0.202696 5.697467e+03
     302   -0.511887 1.235440e+04
     303   -2.223728 5.677237e+04
     304    0.000000 0.000000e+00
     305   -0.035417 1.000000e+03
     306    0.000000 0.000000e+00
     307    0.000000 0.000000e+00
     308   -3.414959 8.436970e+04
     309    0.000000 0.000000e+00
     310   -0.504133 1.219440e+04
     311    0.000000 0.000000e+00
     312   -0.136722 3.680000e+03
     313   -0.692701 1.584747e+04
     314   -0.191479 5.460000e+03
     315    0.000000 0.000000e+00
     316    0.000000 0.000000e+00
     317   -0.962008 2.718440e+04
     318   -3.321965 8.629970e+04
     319   -7.535858 2.010500e+05
     320   -0.504133 1.219440e+04
     321    0.000000 0.000000e+00
     322   -0.634106 1.776747e+04
     323   -0.405162 1.127440e+04
     324   -0.202696 5.697467e+03
     325    0.000000 0.000000e+00
     326   -0.218738 6.147467e+03
     327   -0.013542 3.900000e+02
     328   -0.958959 2.679013e+04
     329   -0.567590 1.592000e+04
     330    0.000000 0.000000e+00
     331    0.000000 0.000000e+00
     332    0.000000 0.000000e+00
     333   -0.414776 1.154440e+04
     334    0.000000 0.000000e+00
     335    0.000000 0.000000e+00
     336   -0.208061 5.847467e+03
     337    0.000000 0.000000e+00
     338   -0.829275 2.168013e+04
     339    0.000000 0.000000e+00
     340   -0.446714 1.243440e+04
     341    0.000000 0.000000e+00
     342   -0.398052 1.113000e+04
     343   -0.479304 1.334440e+04
     344   -0.477175 1.344747e+04
     345   -0.312000 0.000000e+00
     346    0.000000 0.000000e+00
     347   -2.100556 4.116000e+04
     348   -0.009875 0.000000e+00
     349    0.000000 0.000000e+00
     350   -1.942861 4.148000e+04
     351    0.000000 0.000000e+00
     352  -11.083705 3.012500e+05
     353    0.000000 0.000000e+00
     354    0.000000 0.000000e+00
     355    0.000000 0.000000e+00
     356    0.000000 0.000000e+00
     357    0.000000 0.000000e+00
     358   -3.840500 1.044000e+05
     359    0.000000 0.000000e+00
     360    0.000000 0.000000e+00
     361   -0.776348 2.213013e+04
     362   -0.202696 5.697467e+03
     363    0.000000 0.000000e+00
     364   -0.202696 5.697467e+03
     365    0.000000 0.000000e+00
     366    0.000000 0.000000e+00
     367    0.000000 0.000000e+00
     368    0.000000 0.000000e+00
     369   -4.732858 1.361661e+05
     370    0.000000 0.000000e+00
     371   -0.008681 2.500000e+02
     372   -2.376712 6.222000e+04
     373    0.000000 0.000000e+00
     374    0.000000 0.000000e+00
     375   -0.016667 4.800000e+02
     376    0.000000 0.000000e+00
     377    0.000000 0.000000e+00
     378    0.000000 0.000000e+00
     379   -0.507441 2.720000e+03
     380    0.000000 0.000000e+00
     381   -3.508378 9.645220e+04
     382   -8.773516 2.380565e+05
     383   -6.873120 1.862352e+05
     384  -48.695237 1.332110e+06
     385   -4.435038 1.214348e+05
     386  -17.170238 4.367769e+05
     387    0.000000 0.000000e+00
     388   -7.364221 2.017298e+05
     389    0.000000 0.000000e+00
     390    0.000000 0.000000e+00
     391    0.000000 0.000000e+00
     392    0.000000 0.000000e+00
     393    0.000000 0.000000e+00
     394   -1.138075 3.128227e+04
     395    0.000000 0.000000e+00
     396    0.000000 0.000000e+00
     397    0.000000 0.000000e+00
     398    0.000000 0.000000e+00
     399   -1.542755 4.285630e+04
     400    0.000000 0.000000e+00
     401   -0.477339 1.280327e+04
     402    0.000000 0.000000e+00
     403   -0.646355 1.840953e+04
     404    0.000000 0.000000e+00
     405    0.000000 0.000000e+00
     406    0.000000 0.000000e+00
     407    0.000000 0.000000e+00
     408    0.000000 0.000000e+00
     409   -0.768932 2.213953e+04
     410   -1.257576 3.541547e+04
     411   -0.326843 9.224600e+03
     412   -0.023278 6.700000e+02
     413   -0.001417 4.000000e+01
     414   -1.411744 3.982640e+04
     415   -0.900184 2.561460e+04
     416    0.000000 0.000000e+00
     417   -0.970648 2.781820e+04
     418    0.000000 0.000000e+00
     419    0.000000 0.000000e+00
     420    0.000000 0.000000e+00
     421    0.000000 0.000000e+00
     422   -0.108056 2.880000e+03
     423   -3.175863 8.497530e+04
     424   -5.735110 1.514753e+05
     425    0.000000 0.000000e+00
     426   -2.035566 5.472307e+04
     427    0.000000 0.000000e+00
     428   -6.693359 1.783254e+05
     429    0.000000 0.000000e+00
     430    0.000000 0.000000e+00
     431    0.000000 0.000000e+00
     432    0.000000 0.000000e+00
     433   -0.015698 4.500000e+02
     434   -0.025125 7.200000e+02
     435    0.000000 0.000000e+00
     436    0.000000 0.000000e+00
     437    0.000000 0.000000e+00
     438   -0.913145 2.607347e+04
     439   -0.002333 6.000000e+01
     440    0.000000 0.000000e+00
     441    0.000000 0.000000e+00
     442    0.000000 0.000000e+00
     443    0.000000 0.000000e+00
     444    0.000000 0.000000e+00
     445    0.000000 0.000000e+00
     446   -3.784200 1.042096e+05
     447   -2.771460 7.745287e+04
     448   -2.285178 6.350240e+04
     449    0.000000 0.000000e+00
     450    0.000000 0.000000e+00
     451   -1.882433 5.251610e+04
     452   -0.021875 6.300000e+02
     453    0.000000 0.000000e+00
     454    0.000000 0.000000e+00
     455   -0.490157 1.397913e+04
     456    0.000000 0.000000e+00
     457    0.000000 0.000000e+00
     458    0.000000 0.000000e+00
     459    0.000000 0.000000e+00
     460    0.000000 0.000000e+00
     461    0.000000 0.000000e+00
     462   -0.013958 0.000000e+00
     463   -3.651152 9.754460e+04
     464   -0.373812 0.000000e+00
     465   -5.530216 1.466784e+05
     466    0.000000 0.000000e+00
     467   -8.241128 2.171040e+05
     468    0.000000 0.000000e+00
     469   -6.679519 1.728118e+05
     470  -11.177261 1.198655e+05
     471    0.000000 0.000000e+00
     472   -2.969630 8.110693e+04
     473   -3.658847 1.009478e+05
     474  -12.966004 3.061000e+05
     475    0.000000 0.000000e+00
     476   -8.202002 2.134668e+05
     477   -5.865251 1.478614e+05
     478  -10.539365 2.721360e+05
     479   -1.285236 3.553767e+04
     480   -1.363901 3.849813e+04
     481    0.000000 0.000000e+00
     482    0.000000 0.000000e+00
     483    0.000000 0.000000e+00
     484    0.000000 0.000000e+00
     485    0.000000 0.000000e+00
     486   -0.778021 2.135253e+04
     487    0.000000 0.000000e+00
     488   -0.002083 6.000000e+01
     489   -0.300212 8.279067e+03
     490   -0.001565 0.000000e+00
     491    0.000000 0.000000e+00
     492   -0.083197 2.366800e+03
     493    0.000000 0.000000e+00
     494   -0.027778 8.000000e+02
     495   -0.520903 1.446100e+04
     496    0.000000 0.000000e+00
     497    0.000000 0.000000e+00
     498    0.000000 0.000000e+00
     499   -0.776842 2.202280e+04
     500    0.000000 0.000000e+00
     501   -0.056333 1.539800e+03
     502   -0.531836 1.515900e+04
     503    0.000000 0.000000e+00
     504    0.000000 0.000000e+00
     505    0.000000 0.000000e+00
     506   -0.002798 0.000000e+00
     507   -0.067889 1.859800e+03
     508    0.000000 0.000000e+00
     509   -0.033906 9.600000e+02
     510   -0.081607 2.196900e+03
     511    0.000000 0.000000e+00
     512   -0.037886 8.764000e+02
     513   -0.036049 1.030000e+03
     514   -0.013319 3.800000e+02
     515   -0.088965 2.530000e+03
     516   -1.278736 3.572600e+04
     517    0.000000 0.000000e+00
     518   -0.014653 4.200000e+02
     519   -0.089402 2.288600e+03
     520   -0.778587 2.211767e+04
     521   -0.118129 3.308133e+03
     522   -0.740113 2.060860e+04
     523   -0.380911 1.007793e+04
     524    0.000000 0.000000e+00
     525    0.000000 0.000000e+00
     526    0.000000 0.000000e+00
     527   -0.026816 7.700000e+02
     528   -0.553592 1.579907e+04
     529   -1.131863 3.057813e+04
     530   -0.722004 2.031767e+04
     531   -0.008712 2.500000e+02
     532   -0.002094 6.000000e+01
     533   -0.002094 6.000000e+01
     534   -1.451371 3.998720e+04
     535   -0.002094 6.000000e+01
     536    0.000000 0.000000e+00
     537   -0.642678 1.720157e+04
     538   -0.618213 1.751767e+04
     539   -2.243433 6.039467e+04
     540   -1.749658 4.742593e+04
     541   -0.725729 2.009560e+04
     542   -0.126913 3.500000e+03
     543   -0.040285 1.140000e+03
     544    0.000000 0.000000e+00
     545    0.000000 0.000000e+00
     546    0.000000 0.000000e+00
     547    0.000000 0.000000e+00
     548   -0.002094 6.000000e+01
     549    0.000000 0.000000e+00
     550    0.000000 0.000000e+00
     551    0.000000 0.000000e+00
     552   -0.736606 1.996830e+04
     553    0.000000 0.000000e+00
     554    0.000000 0.000000e+00
     555    0.000000 0.000000e+00
     556   -0.103308 2.888600e+03
     557    0.000000 0.000000e+00
     558    0.000000 0.000000e+00
     559   -0.434176 1.241313e+04
     560    0.000000 0.000000e+00
     561   -0.009722 2.800000e+02
     562    0.000000 0.000000e+00
     563   -0.498271 1.218000e+04
     564    0.000000 0.000000e+00
     565    0.000000 0.000000e+00
     566    0.000000 0.000000e+00
     567   -0.649210 1.859887e+04
     568    0.000000 0.000000e+00
     569   -0.026517 7.098000e+02
     570    0.000000 0.000000e+00
     571    0.000000 0.000000e+00
     572    0.000000 0.000000e+00
     573    0.000000 0.000000e+00
     574    0.000000 0.000000e+00
     575    0.000000 0.000000e+00
     576    0.000000 0.000000e+00
     577    0.000000 0.000000e+00
     578    0.000000 0.000000e+00
     579    0.000000 0.000000e+00
     580    0.000000 0.000000e+00
     581   -0.457900 1.290373e+04
     582    0.000000 0.000000e+00
     583   -0.667347 1.889320e+04
     584   -0.837003 2.315707e+04
     585    0.000000 0.000000e+00
     586    0.000000 0.000000e+00
     587   -0.001136 0.000000e+00
     588    0.000000 0.000000e+00
     589    0.000000 0.000000e+00
     590    0.000000 0.000000e+00
     591    0.000000 0.000000e+00
     592    0.000000 0.000000e+00
     593   -0.003125 9.000000e+01
     594    0.000000 0.000000e+00
     595   -0.001417 4.000000e+01
     596   -0.068990 1.980000e+03
     597    0.000000 0.000000e+00
     598    0.000000 0.000000e+00
     599    0.000000 0.000000e+00
     600    0.000000 0.000000e+00
     601    0.000000 0.000000e+00
     602    0.000000 0.000000e+00
     603    0.000000 0.000000e+00
     604   -0.020187 5.700000e+02
     605   -0.004514 1.300000e+02
     606   -0.137047 3.869567e+03
     607    0.000000 0.000000e+00
     608    0.000000 0.000000e+00
     609   -0.263324 7.425333e+03
     610   -0.739026 2.101167e+04
     611    0.000000 0.000000e+00
     612   -1.590454 4.508900e+04
     613    0.000000 0.000000e+00
     614    0.000000 0.000000e+00
     615   -0.379113 1.056983e+04
     616    0.000000 0.000000e+00
     617    0.000000 0.000000e+00
     618   -1.396992 3.858350e+04
     619    0.000000 0.000000e+00
     620    0.000000 0.000000e+00
     621    0.000000 0.000000e+00
     622   -1.430381 4.063720e+04
     623    0.000000 0.000000e+00
     624   -1.179560 3.368737e+04
     625    0.000000 0.000000e+00
     626    0.000000 0.000000e+00
     627   -0.182247 5.248700e+03
     628   -0.863305 2.450860e+04
     629    0.000000 0.000000e+00
     630    0.000000 0.000000e+00
     631    0.000000 0.000000e+00
     632    0.000000 0.000000e+00
     633    0.000000 0.000000e+00
     634    0.000000 0.000000e+00
     635   -0.743896 2.142420e+04
     636    0.000000 0.000000e+00
     637    0.000000 0.000000e+00
     638   -0.530500 1.527840e+04
     639    0.000000 0.000000e+00
     640    0.000000 0.000000e+00
     641    0.000000 0.000000e+00
     642   -0.000052 0.000000e+00
     643    0.000000 0.000000e+00
     644   -0.400289 1.140320e+04
     645    0.000000 0.000000e+00
     646    0.000000 0.000000e+00
     647    0.000000 0.000000e+00
     648   -0.478533 1.363840e+04
     649    0.000000 0.000000e+00
     650   -0.980104 2.649297e+04
     651   -1.066378 2.994513e+04
     652    0.000000 0.000000e+00
     653   -1.057736 1.341297e+04
     654   -0.002125 6.000000e+01
     655   -0.316361 0.000000e+00
     656   -0.222260 5.729533e+03
     657    0.000000 0.000000e+00
     658    0.000000 0.000000e+00
     659    0.000000 0.000000e+00
     660   -3.113626 8.618373e+04
     661  -47.918944 1.237460e+06
     662    0.000000 0.000000e+00
     663  -17.553660 4.755600e+05
     664   -0.001389 4.000000e+01
     665   -6.846111 1.725500e+05
     666   -1.975588 5.150167e+04
     667  -47.333100 1.261452e+06
     668   -0.000028 0.000000e+00
     669   -0.042785 1.210000e+03
     670    0.000000 0.000000e+00
     671    0.000000 0.000000e+00
     672   -0.007639 2.200000e+02
     673    0.000000 0.000000e+00
     674   -0.788630 2.269953e+04
     675    0.000000 0.000000e+00
     676    0.000000 0.000000e+00
     677   -1.099161 3.066203e+04
     678    0.000000 0.000000e+00
     679    0.000000 0.000000e+00
     680    0.000000 0.000000e+00
     681   -0.845387 2.430450e+04
     682    0.000000 0.000000e+00
     683    0.000000 0.000000e+00
     684    0.000000 0.000000e+00
     685    0.000000 0.000000e+00
     686   -0.012500 3.600000e+02
     687    0.000000 0.000000e+00
     688    0.000000 0.000000e+00
     689   -0.017062 3.200000e+02
     690   -0.032861 9.400000e+02
     691    0.000000 0.000000e+00
     692    0.000000 0.000000e+00
     693    0.000000 0.000000e+00
     694   -0.000694 2.000000e+01
     695   -0.008250 2.200000e+02
     696    0.000000 0.000000e+00
     697    0.000000 0.000000e+00
     698   -1.771186 4.937647e+04
     699    0.000000 0.000000e+00
     700    0.000000 0.000000e+00
     701    0.000000 0.000000e+00
     702   -0.047198 1.340000e+03
     703   -0.013020 3.000000e+02
     704   -0.031000 8.900000e+02
     705   -0.044396 1.270000e+03
     706   -0.445464 1.260147e+04
     707    0.000000 0.000000e+00
     708    0.000000 0.000000e+00
     709   -9.989801 2.146174e+05
     710   -6.214135 1.285600e+05
     711    0.000000 0.000000e+00
     712    0.000000 0.000000e+00
     713   -0.485781 0.000000e+00
     714    0.000000 0.000000e+00
     715    0.000000 0.000000e+00
     716    0.000000 0.000000e+00
     717    0.000000 0.000000e+00
     718   -0.007639 2.200000e+02
     719    0.000000 0.000000e+00
     720    0.000000 0.000000e+00
     721   -0.991223 2.842633e+04
     722    0.000000 0.000000e+00
     723    0.000000 0.000000e+00
     724    0.000000 0.000000e+00
     725    0.000000 0.000000e+00
     726   -0.001052 3.000000e+01
     727    0.000000 0.000000e+00
     728    0.000000 0.000000e+00
     729    0.000000 0.000000e+00
     730   -0.407999 1.166413e+04
     731    0.000000 0.000000e+00
     732   -0.093059 2.668267e+03
     733    0.000000 0.000000e+00
     734    0.000000 0.000000e+00
     735   -1.250974 3.542870e+04
     736   -0.340860 9.719567e+03
     737    0.000000 0.000000e+00
     738   -0.740651 2.111957e+04
     739   -1.003938 2.743040e+04
     740    0.000000 0.000000e+00
     741   -0.004514 1.300000e+02
     742    0.000000 0.000000e+00
     743   -0.104038 2.960000e+03
     744    0.000000 0.000000e+00
     745    0.000000 0.000000e+00
     746   -1.421970 4.066633e+04
     747   -0.434531 1.251450e+04
     748   -1.066836 3.020800e+04
     749   -0.408415 1.174907e+04
     750    0.000000 0.000000e+00
     751    0.000000 0.000000e+00
     752    0.000000 0.000000e+00
     753   -0.894143 2.365733e+04
     754   -1.713412 4.297250e+04
     755    0.000000 0.000000e+00
     756   -1.094413 2.958157e+04
     757    0.000000 0.000000e+00
     758    0.000000 0.000000e+00
     759   -1.121094 3.137500e+04
     760   -0.710921 2.026517e+04
     761    0.000000 0.000000e+00
     762    0.000000 0.000000e+00
     763   -0.569873 1.640833e+04
     764    0.000000 0.000000e+00
     765    0.000000 0.000000e+00
     766   -0.002083 6.000000e+01
     767    0.000000 0.000000e+00
     768    0.000000 0.000000e+00
     769    0.000000 0.000000e+00
     770    0.000000 0.000000e+00
     771    0.000000 0.000000e+00
     772    0.000000 0.000000e+00
     773    0.000000 0.000000e+00
     774   -0.459607 1.314260e+04
     775   -0.142436 3.829567e+03
     776    0.000000 0.000000e+00
     777   -0.239957 6.537800e+03
     778   -0.040625 1.170000e+03
     779   -1.508240 4.316783e+04
     780    0.000000 0.000000e+00
     781   -0.656891 1.813930e+04
     782   -0.305367 8.794567e+03
     783    0.000000 0.000000e+00