 episode  sum_reward  tardiness
       1 -106.189925   394130.0
       2 -105.182805   490970.0
       3 -282.217201  2557000.0
       4 -245.116262  2308340.0
       5 -434.629709  3195580.0
       6 -362.231479  3083550.0
       7 -374.875827   952660.0
       8 -204.467967  1552280.0
       9 -237.588028  2058450.0
      10 -328.695829  3232860.0
      11 -245.001083  1254600.0
      12 -262.024235  1031850.0
      13 -310.910081  2759810.0
      14 -449.142721  3524860.0
      15 -330.331488  1052630.0
      16 -442.195680  2024020.0
      17 -331.519783  1800240.0
      18 -328.916041  2275050.0
      19 -353.408957  2997620.0
      20 -232.760286  1035740.0
      21 -250.945566   926680.0
      22 -303.278957  2918350.0
      23 -231.885473  2156770.0
      24 -317.839393  2908400.0
      25 -174.807661   416410.0
      26 -228.835296  3072330.0
      27 -149.182679  2163560.0
      28 -170.231281  1505800.0
      29 -143.395255   611050.0
      30 -378.731837  3162910.0
      31 -172.329990   720430.0
      32 -223.048647  1075090.0
      33 -171.863297   834740.0
      34 -171.924273   656360.0
      35 -145.089736   521000.0
      36 -218.699185  1835440.0
      37 -269.725749   949870.0
      38 -157.801205   338210.0
      39 -172.438954   414820.0
      40 -180.521059   517470.0