 episode  sum_reward  tardiness
       1  -65.233510  1755490.0
       2  -14.026236   346430.0
       3  -44.708962  1201650.0
       4  -33.251070   898050.0
       5  -49.308135  1341030.0
       6  -30.342160   797640.0
       7   -9.473354   245510.0
       8  -29.599459   805230.0
       9  -96.938075  2613860.0
      10  -70.840670  1916960.0
      11  -69.728209  1885770.0
      12  -21.473364   578910.0
      13  -15.694906   424990.0
      14  -12.330045   326130.0
      15  -72.311307  1952240.0
      16   -8.842170   237290.0
      17  -69.047597  1890700.0
      18 -125.029835  3391500.0
      19  -99.139682  2686800.0
      20  -17.280452   460960.0
      21  -11.184788   307280.0
      22  -35.418104   969720.0
      23  -44.901250  1246940.0
      24  -13.225111   370670.0
      25  -25.350399   688840.0
      26  -21.894688   596120.0
      27  -28.258438   779720.0
      28  -44.596757  1245980.0
      29 -110.353851  3003540.0
      30  -10.383687   278620.0
      31  -85.229101  2340640.0
      32  -67.368785  1856140.0
      33  -11.157542   298600.0
      34  -20.863170   569870.0
      35  -24.516861   651730.0
      36  -25.881305   729600.0
      37  -83.660146  2254210.0
      38 -129.102053  3516740.0
      39  -38.215389  1015350.0
      40  -29.733798   809300.0
      41  -16.727538   469620.0
      42  -72.010097  1935370.0
      43  -22.442625   615850.0
      44  -34.056469   908670.0
      45   -7.253778   202650.0
      46  -15.284691   398600.0
      47  -11.901889   333180.0
      48   -7.384243   205650.0
      49  -38.054802  1023800.0
      50   -6.627486   164220.0
      51  -77.992993  2113820.0
      52  -13.274028   332310.0
      53   -7.461764   200420.0
      54  -23.963483   669720.0
      55  -19.102684   530670.0
      56   -5.224962   144320.0
      57  -45.356319  1220380.0
      58   -6.203917   166420.0
      59  -23.228799   639050.0
      60 -114.049610  3099440.0
      61  -13.733246   355700.0
      62   -4.960517   136600.0
      63  -15.273014   421960.0
      64  -10.308806   285680.0
      65   -6.011129   165440.0
      66   -5.592885   155130.0
      67   -7.451597   205840.0
      68   -5.419031   150650.0
      69  -23.270830   630620.0
      70  -91.773271  2463320.0
      71  -49.146959  1321180.0
      72  -71.484228  1964870.0
      73   -5.791340   160770.0
      74   -6.616458   182120.0
      75  -15.225337   419610.0
      76  -25.862531   679120.0
      77   -5.365233   148770.0
      78   -5.301896   146950.0
      79   -5.689906   157870.0
      80  -16.527184   459970.0
      81  -12.267826   328000.0
      82   -7.097913   189350.0
      83  -18.976754   533450.0
      84  -30.938007   835120.0
      85   -4.535076   126270.0
      86  -11.860035   296360.0
      87  -31.712632   843560.0
      88   -5.228569   145120.0
      89  -22.777180   640380.0
      90   -5.508788   153100.0
      91  -58.534876  1581190.0
      92 -195.838771  5283490.0
      93   -5.210660   144280.0
      94   -5.759556   158510.0
      95  -31.036702   817840.0
      96  -25.792375   697130.0
      97   -5.466479   151550.0
      98  -29.796046   789280.0
      99  -27.070753   723220.0
     100  -40.951167  1080830.0
     101   -9.467847   254460.0
     102   -5.713090   158530.0
     103   -5.551621   154150.0
     104   -5.554938   154140.0
     105   -9.208240   246920.0
     106   -5.541816   154040.0
     107   -5.347976   148440.0
     108 -117.546454  3201500.0
     109  -15.341958   430740.0
     110  -77.620489  2087670.0
     111   -4.370295   121390.0
     112  -29.254183   797250.0
     113  -15.678191   429360.0
     114  -26.814490   722560.0
     115  -67.720973  1836260.0
     116  -26.651733   703690.0
     117   -6.510208   180850.0
     118   -4.952069   135980.0
     119  -68.218046  1889190.0
     120  -26.195222   737260.0
     121 -113.434934  3080960.0
     122   -8.754503   241920.0
     123  -20.867368   576250.0
     124  -71.187883  1971300.0
     125  -18.655132   497070.0
     126  -84.220879  2292410.0
     127  -14.466354   393700.0
     128  -70.393205  1933340.0
     129  -10.179451   280520.0
     130   -8.281955   229110.0
     131  -44.545314  1240080.0
     132  -80.416988  2188590.0
     133   -8.187653   224060.0
     134  -66.031615  1812090.0
     135  -81.878849  2203170.0
     136 -106.882660  2847270.0
     137  -27.941736   772730.0
     138  -33.966093   920360.0
     139 -102.016216  2761380.0
     140   -9.224357   253460.0
     141  -13.644924   372040.0
     142  -12.077201   329860.0
     143  -10.544396   277930.0
     144  -48.763182  1343010.0
     145  -10.714750   292010.0
     146 -117.998120  3207650.0
     147  -75.101431  2063610.0
     148  -37.271625   978110.0
     149  -12.866233   350950.0
     150  -12.228788   325920.0
     151   -8.234344   223800.0
     152   -9.746142   263730.0
     153  -14.224650   382420.0
     154   -9.383299   252750.0
     155   -1.599729    40080.0
     156  -39.591410  1046960.0
     157   -0.226122     2580.0
     158   -0.297069     3330.0
     159   -0.092781     1240.0
     160   -0.030698      830.0
     161   -2.016149    54040.0
     162  -41.460444  1139370.0
     163   -0.277167     2530.0
     164  -27.421049   774350.0
     165  -33.876028   922720.0
     166   -2.675278    72910.0
     167  -40.004632  1065480.0
     168  -49.544701  1423480.0
     169   -4.781854   133090.0
     170   -2.502451    65480.0
     171   -2.864191    76860.0
     172   -3.403812    83760.0
     173   -3.238927    87170.0
     174   -2.573434    69820.0
     175   -2.505448    64320.0
     176   -5.062625   140950.0
     177  -18.597879   516510.0
     178   -5.911135   158760.0
     179   -1.304146    35090.0
     180   -2.652031    71520.0
     181   -3.810510   106840.0
     182   -5.472438   151470.0
     183  -16.425153   449900.0
     184   -5.970365   155140.0
     185  -10.656726   290630.0
     186  -87.272672  2459740.0
     187   -2.786500    71170.0
     188   -1.557260    42910.0
     189   -2.698622    75090.0
     190   -7.463198   205670.0
     191   -0.045101     1220.0
     192   -4.665809   127850.0
     193   -0.096733     2680.0
     194   -2.628639    71200.0
     195   -4.578483   120330.0
     196   -0.336240     5290.0
     197   -4.484344   120330.0
     198   -0.321153     4400.0
     199  -10.237055   284120.0
     200  -54.531837  1515860.0
     201   -0.029576      830.0
     202  -50.560878  1352950.0
     203   -4.640090   126400.0
     204  -11.645458   328830.0
     205  -33.527607   945850.0
     206   -3.910090   108000.0
     207   -0.073417     1500.0
     208   -8.796090   247130.0
     209  -18.738337   532270.0
     210   -0.046885        0.0
     211   -4.659365   127780.0
     212   -0.085660     2420.0
     213   -0.000701       20.0
     214   -2.164344    58270.0
     215    0.000000        0.0
     216   -0.319052     4400.0
     217   -0.607472    16050.0
     218   -2.880507    79020.0
     219  -11.185597   241520.0
     220   -5.010264   137360.0
     221   -0.602184    15770.0
     222   -4.149872   112230.0
     223  -98.223395  2774260.0
     224  -15.315350   421380.0
     225   -0.000087        0.0
     226  -85.771715  2437270.0
     227   -1.206431    31160.0
     228   -1.692490    47760.0
     229  -80.561601  2319050.0
     230  -86.607133  2395840.0
     231   -1.350371    36440.0
     232   -2.289625    57260.0
     233   -0.872597    20970.0
     234  -55.428190  1559130.0
     235   -0.004747        0.0
     236 -101.997721  2908430.0
     237   -0.197983     1160.0
     238   -0.767170    21100.0
     239  -78.691590  2265210.0
     240  -80.533055  2318250.0
     241  -79.879547  2299440.0
     242  -72.649561  2090190.0
     243    0.000000        0.0
     244   -5.033882   134700.0
     245 -101.937102  2910580.0
     246 -111.175144  3026720.0
     247   -0.084997     2420.0
     248   -0.029663      850.0
     249   -2.363479    64500.0
     250   -7.548920   207900.0
     251    0.000000        0.0
     252   -3.581059   100060.0
     253   -7.133257   186400.0
     254  -47.121536  1316040.0
     255    0.000000        0.0
     256    0.000000        0.0
     257   -3.640490   101530.0
     258    0.000000        0.0
     259   -5.551872   150010.0
     260   -3.081149    87510.0
     261   -8.611805   232110.0
     262   -3.234677    87990.0
     263   -1.219017    33000.0
     264   -2.701771    76720.0
     265   -0.028972      830.0
     266   -5.291517   143500.0
     267   -0.024667        0.0
     268  -18.917174   521070.0
     269  -26.711430   721940.0
     270   -7.121458   191120.0
     271   -2.511483    68640.0
     272   -0.086062     2420.0
     273    0.000000        0.0
     274   -7.692722   209970.0
     275  -26.269211   742710.0
     276    0.000000        0.0
     277   -2.701371    76710.0
     278   -6.073684   168770.0
     279   -5.339438   147730.0
     280    0.000000        0.0
     281  -20.380972   562400.0
     282   -4.562274   125050.0
     283   -0.038986      830.0
     284   -0.084997     2420.0
     285   -0.210562      360.0
     286    0.000000        0.0
     287   -0.036764      800.0
     288   -1.446097    38160.0
     289   -3.576069   100190.0
     290   -0.084719     2420.0
     291   -0.169639      360.0
     292    0.000000        0.0
     293   -0.394194     9710.0
     294   -0.084997     2420.0
     295   -3.780229   105720.0
     296   -0.243368     2420.0
     297   -3.976799   110840.0
     298   -1.389118    34360.0
     299  -83.498631  2287820.0
     300   -4.819028   130400.0
     301   -0.027913      800.0
     302   -0.056104     1600.0
     303   -0.029111      830.0
     304   -0.000125        0.0
     305    0.000000        0.0
     306   -0.029122      830.0
     307  -58.940251  1628550.0
     308   -0.029115      830.0
     309   -2.097993    59390.0
     310   -5.131042   140890.0
     311   -0.056524     1600.0
     312   -0.028972      830.0
     313   -3.686372   102370.0
     314   -3.776198   105640.0
     315    0.000000        0.0
     316   -2.096799    56840.0
     317    0.000000        0.0
     318  -13.905944   389440.0
     319   -0.085403     2420.0
     320   -9.964996   257890.0
     321    0.000000        0.0
     322   -0.085403     2420.0
     323   -0.029111      830.0
     324   -0.054097        0.0
     325  -10.844896   303680.0
     326   -0.248507     2580.0
     327   -0.064726     1600.0
     328    0.000000        0.0
     329   -0.028972      830.0
     330   -5.126997   142450.0
     331   -0.341660     5340.0
     332   -5.119462   142780.0
     333   -0.055969     1600.0
     334   -1.113660    31460.0
     335   -0.377198     6300.0
     336   -2.301698    62400.0
     337    0.000000        0.0
     338   -4.123174   116000.0
     339   -0.029111      830.0
     340   -0.028972      830.0
     341  -61.823991  1731320.0
     342   -1.166312    33000.0
     343   -0.000010        0.0
     344   -0.028049      800.0
     345   -0.860510    22680.0
     346   -5.555882   157060.0
     347   -0.240774     2420.0
     348   -0.055149      830.0
     349   -0.084997     2420.0
     350  -13.899090   388560.0
     351    0.000000        0.0
     352   -0.029111      830.0
     353   -1.527347    43390.0
     354   -3.854750   107770.0
     355    0.000000        0.0
     356  -24.717806   689250.0
     357    0.000000        0.0
     358    0.000000        0.0
     359   -5.427375   151170.0
     360  -33.776923   869170.0
     361   -3.735955   104500.0
     362   -1.452899    41010.0
     363   -0.085403     2420.0
     364   -0.085403     2420.0
     365   -5.429115   146760.0
     366  -16.329983   452520.0
     367   -7.338267   205420.0
     368   -0.084997     2420.0
     369    0.000000        0.0
     370  -23.071295   635970.0
     371   -1.734899    49160.0
     372   -0.084997     2420.0
     373   -8.112066   218770.0
     374  -27.414479   724900.0
     375   -1.743899    49390.0
     376   -0.029111      830.0
     377   -4.755910   132340.0
     378   -1.890142    53590.0
     379    0.000000        0.0
     380   -0.318323     4400.0
     381   -4.894576   136290.0
     382    0.000000        0.0
     383   -5.046656   140540.0
     384   -0.226552     2580.0
     385    0.000000        0.0
     386   -4.420740   122040.0
     387   -5.088715   141210.0
     388   -1.780639    50450.0
     389   -1.774413    50270.0
     390   -3.916726   109590.0
     391   -1.783767    50540.0
     392   -0.029111      830.0
     393  -10.127187   276890.0
     394   -1.949243    53970.0
     395    0.000000        0.0
     396   -0.085403     2420.0
     397   -2.063045    54550.0
     398  -30.099736   798600.0
     399    0.000000        0.0
     400    0.000000        0.0
     401   -0.028972      830.0
     402    0.000000        0.0
     403  -26.512347   717360.0
     404   -1.781719    50480.0
     405    0.000000        0.0
     406   -2.363483    64500.0
     407   -9.356177   260920.0
     408   -3.873097   110190.0
     409   -3.979295   111040.0
     410   -0.085403     2420.0
     411    0.000000        0.0
     412  -21.478014   597000.0
     413   -0.085403     2420.0
     414    0.000000        0.0
     415   -4.100059   114420.0
     416  -12.207209   340980.0
     417   -4.029243   112430.0
     418    0.000000        0.0
     419   -9.182694   251010.0
     420   -1.692483    48010.0
     421   -0.085403     2420.0
     422   -0.046042     1220.0
     423   -0.084997     2420.0
     424   -0.029111      830.0
     425   -0.325014     7700.0
     426  -43.987635  1198970.0
     427   -0.084997     2420.0
     428   -4.696608   131000.0
     429   -1.990712    56530.0
     430   -0.029111      830.0
     431   -3.654142   102330.0
     432   -4.871903   135720.0
     433    0.000000        0.0
     434   -4.074111   114150.0
     435   -0.084997     2420.0
     436   -1.990712    56530.0
     437   -0.084997     2420.0
     438   -1.734365    49270.0
     439   -0.243576     2420.0
     440   -4.806108   134030.0
     441    0.000000        0.0
     442    0.000000        0.0
     443   -1.109115    29600.0
     444   -0.029111      830.0
     445   -1.990712    56530.0
     446   -3.674382   102870.0
     447    0.000000        0.0
     448    0.000000        0.0
     449  -15.813951   445140.0
     450   -0.085545     2420.0
     451   -0.029111      830.0
     452   -1.990712    56530.0
     453   -7.324132   205870.0
     454    0.000000        0.0
     455   -3.674382   102870.0
     456   -8.218625   221470.0
     457   -1.734288    49140.0
     458   -0.379056     9190.0
     459   -0.055517     1500.0
     460  -33.304240   906850.0
     461   -0.035847        0.0
     462   -0.084997     2420.0
     463    0.000000        0.0
     464   -3.668927   102720.0
     465   -4.804180   133980.0
     466   -4.804111   133980.0
     467   -4.803712   133980.0
     468   -0.085403     2420.0
     469   -1.961545    55290.0
     470    0.000000        0.0
     471   -5.103983   142350.0
     472   -0.029111      830.0
     473   -3.714750   103430.0
     474   -8.026417   221560.0
     475   -0.029111      830.0
     476    0.000000        0.0
     477    0.000000        0.0
     478   -8.172517   225550.0
     479  -19.549357   542260.0
     480   -0.029111      830.0
     481   -7.228403   199610.0
     482   -8.118347   224010.0
     483   -1.299951    34320.0
     484    0.000000        0.0
     485   -4.908483   137430.0
     486   -4.572646   124500.0
     487   -7.499903   207930.0
     488   -7.769174   214180.0
     489   -5.051712   142180.0
     490   -0.092517     2420.0
     491    0.000000        0.0
     492  -10.710174   292630.0
     493   -0.029111      830.0
     494   -0.084997     2420.0
     495   -4.103820   115660.0
     496   -6.600090   183550.0
     497   -7.679747   212710.0
     498   -0.382052     6340.0
     499    0.000000        0.0
     500   -4.443132   124030.0
     501   -3.368427    96170.0
     502   -0.084997     2420.0
     503   -4.898469   136740.0
     504    0.000000        0.0
     505   -4.145972   118550.0
     506   -0.049125        0.0
     507   -0.084997     2420.0
     508   -4.960503   137070.0
     509   -3.802958   106040.0
     510    0.000000        0.0
     511   -4.108597   111530.0
     512   -0.055969     1600.0
     513    0.000000        0.0
     514   -0.029111      830.0
     515    0.000000        0.0
     516    0.000000        0.0
     517  -18.000076   510780.0
     518    0.000000        0.0
     519   -0.084997     2420.0
     520    0.000000        0.0
     521   -1.347594    36360.0
     522    0.000000        0.0
     523   -0.579559    15170.0
     524   -0.085003     2420.0
     525   -6.259962   166230.0
     526   -0.223135     2580.0
     527   -1.074712    30280.0
     528   -6.885868   192300.0
     529    0.000000        0.0
     530   -0.085403     2420.0
     531   -3.273802    91990.0
     532    0.000000        0.0
     533   -5.065455   141100.0
     534   -0.029111      830.0
     535   -4.579038   127700.0
     536    0.000000        0.0
     537    0.000000        0.0
     538   -4.889188   136490.0
     539    0.000000        0.0
     540   -0.084997     2420.0
     541   -0.085403     2420.0
     542   -2.063080    54550.0
     543   -0.014250      410.0
     544    0.000000        0.0
     545   -0.085403     2420.0
     546   -8.103712   218750.0
     547    0.000000        0.0
     548   -4.609194   128430.0
     549    0.000000        0.0
     550   -0.084997     2420.0
     551    0.000000        0.0
     552   -0.031056      870.0
     553   -0.014240      410.0
     554   -0.029111      830.0
     555   -0.085403     2420.0
     556   -0.029111      830.0
     557   -5.057871   136910.0
     558   -5.113129   138070.0
     559   -0.085403     2420.0
     560   -4.932382   137370.0
     561   -4.855445   135260.0
     562    0.000000        0.0
     563    0.000000        0.0
     564   -4.689708   131310.0
     565   -0.028972      830.0
     566   -0.085403     2420.0
     567   -0.084997     2420.0
     568   -7.947472   224020.0
     569   -0.085403     2420.0
     570   -0.223167     2580.0
     571   -1.905941    53980.0
     572   -1.478913    41750.0
     573   -1.760156    49860.0
     574   -0.241062     2420.0
     575   -0.084997     2420.0
     576   -4.773410   132920.0
     577   -0.084997     2420.0
     578   -0.085403     2420.0
     579   -4.108597   111530.0
     580   -0.029111      830.0
     581   -2.206497    62610.0
     582   -0.084997     2420.0
     583  -13.104729   341600.0
     584   -0.085403     2420.0
     585    0.000000        0.0
     586   -0.085403     2420.0
     587   -1.811844    51120.0
     588   -0.084997     2420.0
     589    0.000000        0.0
     590    0.000000        0.0
     591   -0.084997     2420.0
     592   -4.248764   118760.0
     593   -4.754486   132400.0
     594   -0.042639      830.0
     595   -0.084997     2420.0
     596   -2.170753    61640.0
     597   -5.009962   139520.0
     598  -10.972518   312570.0
     599   -1.755899    49580.0
     600 -113.348530  3087250.0
     601   -4.052208   113190.0
     602   -3.939802   110150.0
     603   -5.739479   159350.0
     604 -127.996695  3485470.0
     605   -0.129507     1780.0
     606   -2.080708    58920.0
     607   -5.724677   158980.0
     608    0.000000        0.0
     609   -0.041205      830.0
     610   -2.171951    61540.0
     611    0.000000        0.0
     612   -0.084997     2420.0
     613    0.000000        0.0
     614   -4.760135   131160.0
     615   -0.088017      830.0
     616   -4.358688   118650.0
     617   -0.085403     2420.0
     618   -0.084997     2420.0
     619   -4.203014   117670.0
     620   -0.085403     2420.0
     621    0.000000        0.0
     622   -0.085403     2420.0
     623    0.000000        0.0
     624    0.000000        0.0
     625   -0.000111        0.0
     626   -2.378403    67440.0
     627   -1.996830    56590.0
     628   -0.031455      900.0
     629    0.000000        0.0
     630   -0.085403     2420.0
     631   -4.646840   126230.0
     632   -0.085455     2420.0
     633   -8.591059   219000.0
     634  -16.430983   461580.0
     635   -3.516292    99110.0
     636    0.000000        0.0
     637   -3.758851   105260.0
     638   -5.214306   144780.0
     639   -0.085403     2420.0
     640    0.000000        0.0
     641   -1.138503    31790.0
     642   -2.313684    65500.0
     643   -2.579215    71220.0
     644   -4.357177   121540.0
     645   -0.120493     2490.0
     646   -0.084997     2420.0
     647  -38.614651  1089270.0
     648   -2.231903    63270.0
     649   -3.933219   110090.0
     650   -0.055969     1600.0
     651   -3.373788    94470.0
     652   -2.148062    58250.0
     653   -3.942358   109970.0
     654   -1.974747    55890.0
     655    0.000000        0.0
     656   -8.683094   237420.0
     657   -2.403010    68050.0
     658   -5.669590   149140.0
     659   -0.085003     2420.0
     660   -5.002965   139390.0
     661    0.000000        0.0
     662    0.000000        0.0
     663   -0.085569     2420.0
     664   -0.029111      830.0
     665   -0.085403     2420.0
     666    0.000000        0.0
     667   -7.865108   213470.0
     668   -2.199632    62390.0
     669   -0.085403     2420.0
     670   -1.596920    39890.0
     671   -5.417962   149650.0
     672   -0.085403     2420.0
     673   -0.029111      830.0
     674   -2.641733    69440.0
     675   -4.531104   123320.0
     676   -3.651944   102240.0
     677   -1.959885    55500.0
     678    0.000000        0.0
     679   -0.029111      830.0
     680   -0.084997     2420.0
     681   -4.086622   105160.0
     682    0.000000        0.0
     683   -1.891712    53560.0
     684   -1.973191    55700.0
     685   -4.830969   134640.0
     686   -0.029250      830.0
     687   -0.088653     2420.0
     688  -35.418588   990430.0
     689   -3.829667   106920.0
     690   -5.090316   137540.0
     691   -0.029111      830.0
     692   -0.085403     2420.0
     693   -0.028972      830.0
     694   -3.648483   102090.0
     695    0.000000        0.0
     696    0.000000        0.0
     697   -0.034684      900.0
     698   -2.122128    60170.0
     699   -1.849052    52180.0
     700   -1.096392    30120.0
     701   -0.029111      830.0
     702   -0.085545     2420.0
     703   -4.932778   137380.0
     704   -3.878601   108290.0
     705   -4.878156   135970.0
     706   -0.028972      830.0
     707   -3.829997   106920.0
     708   -4.968364   138520.0
     709   -0.029111      830.0
     710   -5.520003   153210.0
     711    0.000000        0.0
     712   -5.197642   143760.0
     713   -2.211135    62690.0
     714   -3.655035   101940.0
     715   -0.055969     1600.0
     716   -0.039028     1110.0
     717    0.000000        0.0
     718   -0.084997     2420.0
     719   -1.973229    55910.0
     720   -2.237788    63380.0
     721    0.000000        0.0
     722   -0.000028        0.0
     723   -0.085403     2420.0
     724   -0.029111      830.0
     725   -0.169229      360.0
     726   -3.613840   101030.0
     727   -0.085403     2420.0
     728    0.000000        0.0
     729   -0.085403     2420.0
     730    0.000000        0.0
     731   -0.005399        0.0
     732   -4.070167   113900.0
     733   -5.482899   152340.0
     734   -2.434288    69000.0
     735   -0.085403     2420.0
     736   -0.085403     2420.0
     737    0.000000        0.0
     738   -2.420830    68680.0
     739   -0.085403     2420.0
     740  -28.840926   762870.0
     741   -2.101837    59490.0
     742    0.000000        0.0
     743    0.000000        0.0
     744    0.000000        0.0
     745   -3.826236   107070.0
     746   -4.255326   119020.0
     747   -0.029111      830.0
     748   -0.029281      830.0
     749   -0.326226     7750.0
     750    0.000000        0.0
     751   -5.411920   150140.0
     752   -0.085403     2420.0
     753    0.000000        0.0
     754   -2.756979    78480.0
     755    0.000000        0.0
     756   -1.454733    40800.0
     757    0.000000        0.0
     758   -5.565715   154300.0
     759   -4.601066   127910.0
     760   -0.028972      830.0
     761   -0.085403     2420.0
     762   -0.085403     2420.0
     763   -2.355733    66820.0
     764    0.000000        0.0
     765   -0.085403     2420.0
     766   -0.089819     2400.0
     767    0.000000        0.0
     768  -23.037757   619000.0
     769  -25.562993   682220.0
     770    0.000000        0.0
     771   -5.511865   152690.0
     772   -0.055969     1600.0
     773   -5.160785   139930.0
     774    0.000000        0.0
     775   -5.230563   144940.0
     776   -0.084997     2420.0
     777   -3.734271   104720.0
     778    0.000000        0.0
     779   -2.370906    67200.0
     780   -0.003326       90.0
     781   -5.687941   157980.0
     782   -0.029111      830.0
     783    0.000000        0.0
     784    0.000000        0.0
     785  -28.588337   791100.0
     786   -0.054097        0.0
     787   -2.464451    67680.0
     788    0.000000        0.0
     789   -0.324736     7700.0
     790   -0.029111      830.0
     791   -8.637632   246110.0
     792   -1.498354    42060.0
     793  -33.353528   914550.0
     794   -1.498337    42060.0
     795    0.000000        0.0
     796   -0.084997     2420.0
     797   -0.084997     2420.0
     798   -5.817115   161470.0
     799    0.000000        0.0
     800   -0.072722        0.0
     801    0.000000        0.0
     802   -2.205389    62000.0
     803   -5.166261   141950.0
     804  -11.224306   292230.0
     805  -11.366316   293900.0
     806   -5.138948   140620.0
     807   -3.038552    83550.0
     808    0.000000        0.0
     809    0.000000        0.0
     810    0.000000        0.0
     811    0.000000        0.0
     812   -0.099698     2820.0
     813   -1.210677    34740.0
     814   -0.074313     2110.0
     815    0.000000        0.0
     816    0.000000        0.0
     817  -47.424858  1301990.0
     818  -33.036337   922150.0
     819    0.000000        0.0
     820   -5.415555   151800.0
     821   -0.000444        0.0
     822   -0.120531     3400.0
     823   -5.032070   140540.0
     824   -3.322153    92870.0
     825   -0.059437     1700.0
     826   -0.016910      480.0
     827   -3.032066    84810.0
     828  -18.140344   488720.0
     829   -0.120646     3400.0
     830  -14.257982   393770.0
     831   -8.358632   236620.0
     832   -0.028729      820.0
     833    0.000000        0.0
     834   -0.048458     1380.0
     835   -0.002222        0.0
     836   -0.000118        0.0
     837    0.000000        0.0
     838   -0.097184     2750.0
     839   -4.148545   116280.0
     840   -0.097184     2750.0
     841  -10.583847   284940.0
     842   -0.023813      680.0
     843   -7.983858   217870.0
     844   -4.905333   134760.0
     845    0.000000        0.0
     846    0.000000        0.0
     847    0.000000        0.0
     848   -0.002646       70.0
     849    0.000000        0.0
     850  -19.705618   530690.0
     851  -28.403226   743140.0
     852   -0.000358       10.0
     853  -12.612930   314020.0
     854   -0.071340     2010.0
     855   -0.003556      100.0
     856   -0.054958     1560.0
     857   -4.709726   129760.0
     858   -0.511000      150.0
     859  -11.529142   319210.0
     860   -2.879215    81010.0
     861   -0.092608     2650.0
     862   -2.439833    68860.0
     863    0.000000        0.0
     864   -3.556128    99540.0
     865   -0.034927     1000.0
     866   -2.534556    70890.0
     867   -4.165455   116920.0
     868   -0.012618      360.0
     869    0.000000        0.0
     870   -0.033361      940.0
     871  -33.038816   911160.0
     872    0.000000        0.0
     873   -6.573781   181160.0
     874   -0.037896     1080.0
     875   -0.142556     4000.0
     876    0.000000        0.0
     877   -5.834858   162060.0
     878   -7.590875   192340.0
     879    0.000000        0.0
     880    0.000000        0.0
     881  -15.232896   398970.0
     882   -0.000073        0.0
     883  -12.890055   345100.0
     884   -0.000472        0.0
     885  -18.768972   481660.0
     886  -21.212969   545870.0
     887   -0.001347        0.0
     888   -0.214125     5780.0
     889  -28.417760   718770.0
     890  -23.364469   604050.0
     891  -51.135870  1405020.0
     892   -9.950455   268910.0
     893   -2.318757    65730.0
     894   -5.029156   139920.0
     895   -6.653837   184810.0
     896   -0.300476     8380.0
     897   -7.013920   193770.0
     898   -0.000187        0.0
     899   -0.327465     7700.0
     900   -4.031962   111900.0
     901  -32.442521   820860.0
     902   -0.000694        0.0
     903    0.000000        0.0
     904    0.000000        0.0
     905    0.000000        0.0
     906   -0.108271     2790.0
     907    0.000000        0.0
     908   -0.000038        0.0
     909    0.000000        0.0
     910   -0.396299    10580.0
     911   -5.218705   145410.0
     912   -4.100135   115180.0
     913   -3.680455   101660.0
     914   -5.779979   160340.0
     915   -0.007986      230.0
     916    0.000000        0.0
     917   -3.800708    94960.0
     918    0.000000        0.0
     919   -0.049174     1400.0
     920   -0.387549    10680.0
     921  -18.300882   509130.0
     922    0.000000        0.0
     923   -6.292198   175040.0
     924    0.000000        0.0
     925   -6.060059   167720.0
     926   -5.289500   147650.0
     927   -9.863340   268240.0
     928    0.000000        0.0
     929    0.000000        0.0
     930    0.000000        0.0
     931   -7.846198   215180.0
     932   -0.453219     1680.0
     933    0.000000        0.0
     934   -0.039319     1120.0
     935   -0.212486     6040.0
     936   -8.383833   216930.0
     937   -8.555879   226030.0
     938    0.000000        0.0
     939   -7.196517   190610.0
     940   -0.038632      960.0
     941   -0.075816     2160.0
     942    0.000000        0.0
     943   -4.405316   123730.0
     944    0.000000        0.0
     945   -0.026531      760.0
     946    0.000000        0.0
     947    0.000000        0.0
     948   -2.023556    57270.0
     949   -2.431882    68660.0
     950   -3.124323    88380.0
     951   -0.133774        0.0
     952   -0.068823        0.0
     953  -11.462576   305940.0
     954   -0.572316    15930.0
     955   -0.000087        0.0
     956   -0.103802     1980.0
     957   -0.008115      140.0
     958   -0.127583     3530.0
     959   -0.017812       20.0
     960   -0.000458        0.0
     961  -25.763382   623290.0
     962  -33.710938   816860.0
     963  -23.111760   579690.0
     964   -0.045104     1200.0
     965  -25.793048   640280.0
     966  -22.111524   554800.0
     967   -0.000024        0.0
     968    0.000000        0.0
     969    0.000000        0.0
     970  -30.025132   734860.0
     971  -76.160543  2132450.0
     972    0.000000        0.0
     973   -0.260885     7270.0
     974    0.000000        0.0
     975    0.000000        0.0
     976    0.000000        0.0
     977    0.000000        0.0
     978   -0.089674     2540.0
     979    0.000000        0.0
     980    0.000000        0.0
     981   -3.442618    96360.0
     982    0.000000        0.0
     983   -0.002972       80.0
     984    0.000000        0.0
     985   -4.629969   125640.0
     986   -7.200493   196270.0
     987    0.000000        0.0
     988    0.000000        0.0
     989    0.000000        0.0
     990    0.000000        0.0
     991  -12.723993   335030.0
     992   -7.333389   165170.0
     993   -0.405906    10750.0
     994   -0.027816      790.0
     995   -0.079510     2240.0
     996  -11.805538   310770.0
     997  -10.355653   279430.0
     998  -12.846656   340160.0
     999  -10.466031   282680.0
    1000   -0.168736     3750.0
    1001   -0.045174     1270.0
    1002   -0.075625     1980.0
    1003    0.000000        0.0
    1004    0.000000        0.0
    1005   -9.714549   254680.0
    1006   -7.613125   203130.0
    1007   -6.150913   168240.0
    1008    0.000000        0.0
    1009   -0.021014      580.0
    1010   -0.000097        0.0
    1011   -0.022330      640.0
    1012    0.000000        0.0
    1013    0.000000        0.0
    1014   -0.329757     9250.0
    1015    0.000000        0.0
    1016    0.000000        0.0
    1017    0.000000        0.0
    1018   -3.227097    90970.0
    1019   -0.047552     1360.0
    1020    0.000000        0.0
    1021    0.000000        0.0
    1022   -0.260323     6880.0
    1023   -0.000007        0.0
    1024    0.000000        0.0
    1025    0.000000        0.0
    1026   -0.162997     4520.0
    1027   -7.402528   203340.0
    1028    0.000000        0.0
    1029   -0.101938     2850.0
    1030  -12.370104   333610.0
    1031  -23.023941   639430.0
    1032    0.000000        0.0
    1033   -5.612024   155870.0
    1034    0.000000        0.0
    1035    0.000000        0.0
    1036   -3.879358   108750.0
    1037   -2.866358    80520.0
    1038    0.000000        0.0
    1039    0.000000        0.0
    1040    0.000000        0.0
    1041   -0.091094     2580.0
    1042    0.000000        0.0
    1043    0.000000        0.0
    1044  -10.010493   279890.0
    1045   -0.015698      450.0
    1046   -0.541316    15000.0
    1047   -5.324639   148460.0
    1048   -3.044490    86440.0
    1049   -0.026920      770.0
    1050   -0.013247      380.0
    1051   -0.047292     1350.0
    1052    0.000000        0.0
    1053    0.000000        0.0
    1054   -2.828351    78830.0
    1055   -3.826483   106510.0
    1056   -0.009375      270.0
    1057    0.000000        0.0
    1058  -14.893719   407720.0
    1059   -0.062604     1790.0
    1060  -44.352406  1247040.0
    1061  -74.105438  2056360.0
    1062   -0.000694       20.0
    1063    0.000000        0.0
    1064    0.000000        0.0
    1065  -68.369143  1867180.0
    1066  -68.708094  1923140.0
    1067    0.000000        0.0
    1068    0.000000        0.0
    1069    0.000000        0.0
    1070  -57.553722  1586770.0
    1071    0.000000        0.0
    1072    0.000000        0.0
    1073  -22.521482   615370.0
    1074    0.000000        0.0
    1075    0.000000        0.0
    1076    0.000000        0.0
    1077    0.000000        0.0
    1078    0.000000        0.0
    1079   -1.878149    53550.0
    1080    0.000000        0.0
    1081  -44.634698  1148370.0
    1082  -23.239313   574610.0
    1083   -0.016437      470.0
    1084   -0.131076     3500.0
    1085   -0.000021        0.0
    1086  -20.677354   525940.0
    1087   -0.022233      630.0
    1088   -0.077319     2160.0
    1089    0.000000        0.0
    1090   -0.121767     3350.0
    1091    0.000000        0.0
    1092    0.000000        0.0
    1093    0.000000        0.0
    1094   -0.000031        0.0
    1095   -6.333823   175490.0
    1096    0.000000        0.0
    1097    0.000000        0.0
    1098   -0.155410     4330.0
    1099   -0.125719     3500.0
    1100   -6.231962   171030.0
    1101   -0.008181      220.0
    1102   -7.531507   206240.0
    1103   -0.375535    10210.0
    1104    0.000000        0.0
    1105    0.000000        0.0
    1106    0.000000        0.0
    1107   -6.597615   179940.0
    1108   -0.290333     7950.0
    1109   -4.316215      260.0
    1110   -0.078351     2160.0
    1111  -81.895271  1915140.0
    1112   -0.080111     2220.0
    1113   -3.340865    80520.0
    1114   -0.000983        0.0
    1115   -0.006503        0.0
    1116    0.000000        0.0
    1117   -2.792063    73160.0
    1118  -13.014649   346530.0
    1119    0.000000        0.0
    1120   -1.084121    30630.0
    1121    0.000000        0.0
    1122   -0.015625      450.0
    1123  -38.647587  1081110.0
    1124   -0.000524        0.0
    1125   -4.298049   120300.0
    1126   -2.952115    82930.0
    1127   -0.257042     6900.0
    1128    0.000000        0.0
    1129   -6.874132   185970.0
    1130    0.000000        0.0
    1131    0.000000        0.0
    1132    0.000000        0.0
    1133    0.000000        0.0
    1134    0.000000        0.0
    1135    0.000000        0.0
    1136    0.000000        0.0
    1137    0.000000        0.0
    1138    0.000000        0.0
    1139    0.000000        0.0
    1140   -1.495913    41910.0
    1141   -5.936639   165430.0
    1142    0.000000        0.0
    1143    0.000000        0.0
    1144    0.000000        0.0
    1145   -4.442788   127320.0
    1146   -0.003979        0.0
    1147    0.000000        0.0
    1148   -0.000323        0.0
    1149  -39.027847  1090080.0
    1150  -25.208090   633710.0
    1151  -21.305215   544800.0
    1152   -0.000653        0.0
    1153  -13.600826   362260.0
    1154   -0.219031     5910.0
    1155   -1.549503    37270.0
    1156  -20.198566   528110.0
    1157  -43.837264  1071070.0
    1158   -0.001799        0.0
    1159  -47.728448  1222520.0
    1160   -0.124587     3510.0
    1161   -5.491680   147970.0
    1162  -16.062191   461630.0
    1163   -0.010372      290.0
    1164   -3.564257   102650.0
    1165    0.000000        0.0
    1166   -0.010785      200.0
    1167   -6.300118   181440.0
    1168    0.000000        0.0
    1169   -0.001431       40.0
    1170  -16.505576   436220.0
    1171   -1.123135    23880.0
    1172    0.000000        0.0
    1173    0.000000        0.0
    1174   -0.002431       70.0
    1175    0.000000        0.0
    1176    0.000000        0.0
    1177    0.000000        0.0
    1178  -17.499292   458530.0
    1179   -0.090552     2510.0
    1180    0.000000        0.0
    1181  -16.104236   411850.0
    1182    0.000000        0.0
    1183   -0.404097    10690.0
    1184   -0.466840    12290.0
    1185  -22.205694   566750.0
    1186   -0.116212     3190.0
    1187  -26.265236   660130.0
    1188   -0.000042        0.0
    1189  -21.076392   541880.0
    1190   -0.120455     3360.0
    1191    0.000000        0.0
    1192  -10.642663   287890.0
    1193   -0.000035        0.0
    1194   -9.279413   252530.0
    1195   -0.041590     1040.0
    1196   -9.518229   260950.0
    1197   -0.000031        0.0
    1198  -12.494733   336810.0
    1199   -0.053399     1500.0
    1200   -3.726680   104000.0
    1201   -0.000059        0.0
    1202   -1.424670    40240.0
    1203    0.000000        0.0
    1204    0.000000        0.0
    1205   -6.114930   171950.0
    1206    0.000000        0.0
    1207    0.000000        0.0
    1208   -1.946257    55000.0
    1209   -2.511580    71390.0
    1210   -5.125906   143030.0
    1211    0.000000        0.0
    1212   -6.514434   179630.0
    1213   -0.078431     2220.0
    1214   -0.000028        0.0
    1215   -0.180372     5010.0
    1216   -0.036479     1040.0
    1217   -0.035424     1000.0
    1218   -0.058552     1650.0
    1219    0.000000        0.0
    1220   -5.042358   121630.0
    1221    0.000000        0.0
    1222    0.000000        0.0
    1223   -5.601632   153050.0
    1224   -5.380722   146050.0
    1225   -0.011819      340.0
    1226    0.000000        0.0
    1227   -6.604903   177500.0
    1228   -5.413861   148180.0
    1229   -0.129972     3540.0
    1230   -4.807583   132100.0
    1231    0.000000        0.0
    1232  -30.100115   830570.0
    1233    0.000000        0.0
    1234    0.000000        0.0
    1235   -0.074313     2110.0
    1236   -0.032691      930.0
    1237   -4.321629   119610.0
    1238   -0.074313     2110.0
    1239   -0.007986      230.0
    1240    0.000000        0.0
    1241    0.000000        0.0
    1242    0.000000        0.0
    1243    0.000000        0.0
    1244   -0.004167      120.0
    1245   -2.908858    82510.0
    1246   -3.195455    88960.0
    1247    0.000000        0.0
    1248    0.000000        0.0
    1249   -2.426962    69310.0
    1250   -0.069618     1380.0
    1251   -0.011576      230.0
    1252   -0.178309     4810.0
    1253   -4.471885   119860.0
    1254    0.000000        0.0
    1255   -0.070128     1760.0
    1256   -0.029646      780.0
    1257   -0.006733       90.0
    1258   -7.056024   192230.0
    1259   -0.003347       60.0
    1260   -0.022667      620.0
    1261   -4.954587   136550.0
    1262    0.000000        0.0
    1263   -0.073583     2060.0
    1264   -0.022736      640.0
    1265   -0.047639     1220.0
    1266   -0.184667     5100.0
    1267   -0.296257     8000.0
    1268   -0.008875      240.0
    1269   -0.000139        0.0
    1270   -0.106132     2930.0
    1271  -21.624955   557240.0
    1272   -0.509830    13340.0
    1273   -1.528833    34260.0
    1274  -19.614705   502070.0
    1275  -16.577760   436090.0
    1276   -1.087212    28200.0
    1277   -0.088556     2450.0
    1278   -1.036181    26140.0
    1279   -0.002913       60.0
    1280  -16.690017   433050.0
    1281  -12.453438   327110.0
    1282   -9.815410   259970.0
    1283    0.000000        0.0
    1284   -0.039517     1120.0
    1285  -12.493111   330550.0
    1286    0.000000        0.0
    1287   -0.093101     2610.0
    1288   -3.770871   101120.0
    1289   -0.014691      420.0
    1290    0.000000        0.0
    1291   -0.028729      820.0
    1292  -55.874671  1502250.0
    1293  -35.586702   981190.0
    1294    0.000000        0.0
    1295    0.000000        0.0
    1296  -40.350063  1129750.0
    1297  -34.096608   945360.0
    1298   -0.006976      200.0
    1299   -0.017101      490.0
    1300  -12.325368   304160.0
    1301  -19.940392   553610.0
    1302   -0.001042       30.0
    1303   -9.062986   249190.0
    1304   -1.109236    29680.0
    1305  -45.549996  1242320.0
    1306  -11.515458   321120.0
    1307   -9.183215   250080.0
    1308  -10.326913   275470.0
    1309    0.000000        0.0
    1310  -11.821580   320280.0
    1311   -0.009365      250.0
    1312  -17.307306   476370.0
    1313   -0.002385       60.0
    1314   -0.207729     5380.0
    1315   -0.000500        0.0
    1316  -11.191316   300840.0
    1317    0.000000        0.0
    1318   -0.557149    14740.0
    1319   -0.423042    11990.0
    1320    0.000000        0.0
    1321   -4.278396   116450.0
    1322   -0.005233      150.0
    1323   -4.306812   119320.0
    1324    0.000000        0.0
    1325    0.000000        0.0
    1326    0.000000        0.0
    1327    0.000000        0.0
    1328    0.000000        0.0
    1329   -4.372066   120060.0
    1330    0.000000        0.0
    1331    0.000000        0.0
    1332   -6.643111   180880.0
    1333    0.000000        0.0
    1334   -8.336090   221680.0
    1335   -0.021972      630.0
    1336   -8.396872   221700.0
    1337   -8.853128   234180.0
    1338  -10.224021   268160.0
    1339    0.000000        0.0
    1340    0.000000        0.0
    1341   -0.058316     1640.0
    1342  -18.206424   474710.0
    1343    0.000000        0.0
    1344  -17.242854   435940.0
    1345   -0.022830      650.0
    1346  -30.510496   754850.0
    1347   -0.044885     1270.0
    1348  -16.204927   420240.0
    1349   -0.022476      640.0
    1350   -2.533198    72110.0
    1351    0.000000        0.0
    1352    0.000000        0.0
    1353   -0.026861      770.0
    1354   -0.023028      660.0
    1355    0.000000        0.0
    1356   -0.670455    19290.0
    1357   -7.563868   208980.0
    1358   -2.735472    77030.0
    1359   -3.204330    90690.0
    1360   -0.089674     2540.0
    1361   -0.089674     2540.0
    1362   -0.003837      110.0
    1363    0.000000        0.0
    1364   -0.001736       50.0
    1365   -5.181969   146350.0
    1366   -3.747160   104950.0
    1367   -6.304660   175310.0
    1368    0.000000        0.0
    1369   -7.182757   199300.0
    1370    0.000000        0.0
    1371   -6.321309   173570.0
    1372   -8.539646   230580.0
    1373   -0.022861      650.0
    1374   -0.053465     1530.0
    1375    0.000000        0.0
    1376    0.000000        0.0
    1377  -59.812600  1570030.0
    1378   -0.150476     4200.0
    1379   -0.059556     1680.0
    1380   -5.676611   154180.0
    1381   -3.623698   100190.0
    1382    0.000000        0.0
    1383    0.000000        0.0
    1384   -8.937201   237260.0
    1385    0.000000        0.0
    1386   -2.600420    73420.0
    1387   -2.956903    82320.0
    1388   -1.925406    52700.0
    1389    0.000000        0.0
    1390   -3.329545    93020.0
    1391   -0.033760      960.0
    1392   -4.765344   129800.0
    1393    0.000000        0.0
    1394    0.000000        0.0
    1395    0.000000        0.0
    1396   -0.016729      480.0
    1397   -9.853042   278670.0
    1398    0.000000        0.0
    1399   -0.013573      390.0
    1400   -0.130931     3600.0
    1401   -0.539649    14530.0
    1402   -6.691538   181400.0
    1403   -2.546149    72350.0
    1404   -0.124319     3480.0
    1405   -5.893149   162160.0
    1406   -0.106198     2990.0
    1407   -0.076809     2060.0
    1408   -9.777653   264020.0
    1409  -19.825135   557190.0
    1410   -7.933295   183280.0
    1411    0.000000        0.0
    1412   -0.045583     1270.0
    1413   -0.079559     2270.0
    1414    0.000000        0.0
    1415   -0.000576        0.0
    1416    0.000000        0.0
    1417   -7.008996   191010.0
    1418   -9.506580   244570.0
    1419  -12.035163   296490.0
    1420   -4.497896   125470.0
    1421   -3.762774   107030.0
    1422   -0.186691     5250.0
    1423   -1.754837    49990.0
    1424   -5.396858   151440.0
    1425   -8.749781   239100.0
    1426   -0.049132     1400.0
    1427   -0.898958    25890.0
    1428   -0.070483     2000.0
    1429    0.000000        0.0
    1430    0.000000        0.0
    1431    0.000000        0.0
    1432  -42.950024  1224630.0
    1433   -0.014240      410.0
    1434   -0.013677      390.0
    1435  -56.252125  1588050.0
    1436   -3.539872    99070.0
    1437   -0.048469      390.0
    1438   -0.057378     1640.0
    1439   -5.371371   147800.0
    1440    0.000000        0.0
    1441    0.000000        0.0
    1442    0.000000        0.0
    1443   -9.079236   257730.0
    1444   -0.139698     3960.0
    1445   -3.814573   107550.0
    1446   -0.105865     3010.0
    1447    0.000000        0.0
    1448   -0.000021        0.0
    1449    0.000000        0.0
    1450    0.000000        0.0
    1451   -0.010417      300.0
    1452    0.000000        0.0
    1453    0.000000        0.0
    1454   -0.072309     2060.0
    1455   -0.442608    12690.0
    1456   -0.111913     3180.0
    1457   -6.737240   191890.0
    1458   -0.010069      290.0
    1459  -10.893871   306840.0
    1460   -0.056802     1620.0
    1461   -3.377302    94370.0
    1462   -0.032823      940.0
    1463   -0.089188     2530.0
    1464    0.000000        0.0
    1465   -2.166073    60170.0
    1466   -0.034927     1000.0
    1467   -0.001042       30.0
    1468   -0.090663     2580.0
    1469    0.000000        0.0
    1470    0.000000        0.0
    1471    0.000000        0.0
    1472  -21.810897   570500.0
    1473  -17.819656   455740.0
    1474    0.000000        0.0
    1475    0.000000        0.0
    1476    0.000000        0.0
    1477  -18.077621   481100.0
    1478  -12.534437   335700.0
    1479  -20.133103   530360.0
    1480  -22.063906   559530.0
    1481  -23.012285   582380.0
    1482   -0.622458    11730.0
    1483    0.000000        0.0
    1484  -29.506022   757020.0
    1485  -24.887570   623830.0
    1486   -0.010878      260.0
    1487   -0.204698     5540.0
    1488  -23.587924   602010.0
    1489    0.000000        0.0
    1490   -6.423219   178500.0
    1491   -5.741194   158670.0
    1492   -2.377448    67140.0
    1493   -0.310042      980.0
    1494   -0.000028        0.0
    1495   -1.650333    47230.0
    1496   -7.576080   211650.0
    1497   -0.068885     1960.0
    1498   -0.057604     1640.0
    1499   -0.176194     4960.0
    1500    0.000000        0.0
    1501    0.000000        0.0
    1502    0.000000        0.0
    1503    0.000000        0.0
    1504    0.000000        0.0
    1505   -3.911965   110400.0
    1506    0.000000        0.0
    1507    0.000000        0.0
    1508   -0.117639     3320.0
    1509   -6.430212   179100.0
    1510  -12.406750   349110.0
    1511    0.000000        0.0
    1512   -3.328486    94800.0
    1513    0.000000        0.0
    1514    0.000000        0.0
    1515   -3.493326   100270.0
    1516  -13.992465   393660.0
    1517    0.000000        0.0
    1518    0.000000        0.0
    1519   -0.011847      340.0
    1520  -28.187777   784990.0
    1521  -11.849448   335640.0
    1522  -28.023434   776590.0
    1523  -53.704053  1483780.0
    1524    0.000000        0.0
    1525   -5.451437   153590.0
    1526    0.000000        0.0
    1527   -7.864705   218020.0
    1528   -0.031764      910.0
    1529    0.000000        0.0
    1530  -13.569906   359820.0
    1531   -2.623698    73200.0
    1532    0.000000        0.0
    1533   -7.734757   210080.0
    1534   -9.482656   254140.0
    1535  -10.904045   294580.0
    1536   -6.697778   184030.0
    1537   -0.124795     3500.0
    1538   -0.076535     2160.0
    1539    0.000000        0.0
    1540   -0.961698    27400.0
    1541    0.000000        0.0
    1542   -2.946639    83320.0
    1543   -2.160962    61120.0
    1544    0.000000        0.0
    1545   -0.012194      350.0
    1546    0.000000        0.0
    1547    0.000000        0.0
    1548   -2.531396    71720.0
    1549    0.000000        0.0
    1550   -0.007986      230.0
    1551   -0.007986      230.0
    1552    0.000000        0.0
    1553   -7.122291   197320.0
    1554   -0.032531      930.0
    1555   -3.540372    99630.0
    1556    0.000000        0.0
    1557   -3.927174   109390.0
    1558    0.000000        0.0
    1559    0.000000        0.0
    1560    0.000000        0.0
    1561    0.000000        0.0
    1562    0.000000        0.0
    1563   -8.534750   231240.0
    1564   -5.980892   165130.0
    1565    0.000000        0.0
    1566   -3.287615    92310.0
    1567   -3.648274   102570.0
    1568   -0.076104     2160.0
    1569    0.000000        0.0
    1570   -0.013247      380.0
    1571   -0.000181        0.0
    1572   -0.021233      610.0
    1573    0.000000        0.0
    1574    0.000000        0.0
    1575   -0.032229      920.0
    1576    0.000000        0.0
    1577   -0.002431       70.0
    1578    0.000000        0.0
    1579   -7.181976   199190.0
    1580   -0.004514      130.0
    1581    0.000000        0.0
    1582    0.000000        0.0
    1583   -7.351139   200190.0
    1584    0.000000        0.0
    1585    0.000000        0.0
    1586    0.000000        0.0
    1587   -5.095347   137620.0
    1588   -5.478851   146870.0
    1589    0.000000        0.0
    1590    0.000000        0.0
    1591   -1.383743    38500.0
    1592    0.000000        0.0
    1593    0.000000        0.0
    1594    0.000000        0.0
    1595   -3.020392    83840.0
    1596   -0.011830      340.0
    1597    0.000000        0.0
    1598    0.000000        0.0
    1599    0.000000        0.0
    1600   -0.043455     1230.0
    1601  -23.240063   592650.0
    1602  -15.086562   393920.0
    1603   -0.010566        0.0
    1604  -16.270705   418040.0
    1605    0.000000        0.0
    1606    0.000000        0.0
    1607   -0.109358     3050.0
    1608   -0.066785     1880.0
    1609   -0.018927      540.0
    1610    0.000000        0.0
    1611   -0.023340      660.0
    1612   -0.023247      660.0
    1613  -27.827448   684230.0
    1614   -0.004531        0.0
    1615  -25.375261   645650.0
    1616   -0.023934      660.0
    1617    0.000000        0.0
    1618    0.000000        0.0
    1619    0.000000        0.0
    1620    0.000000        0.0
    1621   -3.113656    87750.0
    1622    0.000000        0.0
    1623   -1.836552    52540.0
    1624    0.000000        0.0
    1625   -0.514806    14820.0
    1626    0.000000        0.0
    1627    0.000000        0.0
    1628    0.000000        0.0
    1629   -2.170580    61740.0
    1630   -7.640813   209270.0
    1631    0.000000        0.0
    1632   -8.525365   230900.0
    1633    0.000000        0.0
    1634    0.000000        0.0
    1635  -57.891791  1617350.0
    1636   -2.927611    82260.0
    1637   -5.244340   145070.0
    1638   -6.670601   183260.0
    1639    0.000000        0.0
    1640   -0.066757     1880.0
    1641    0.000000        0.0
    1642   -0.288201     7950.0
    1643  -11.472944   303820.0
    1644  -18.825871   488120.0
    1645  -15.469021   406190.0
    1646    0.000000        0.0
    1647   -3.263983    89940.0
    1648    0.000000        0.0
    1649  -15.222729   400670.0
    1650   -3.517413    98730.0
    1651    0.000000        0.0
    1652    0.000000        0.0
    1653   -0.098663     2790.0
    1654    0.000000        0.0
    1655   -0.042396     1200.0
    1656    0.000000        0.0
    1657    0.000000        0.0
    1658   -4.624024   127910.0
    1659   -1.871569    53300.0
    1660    0.000000        0.0
    1661    0.000000        0.0
    1662  -50.577048  1415520.0
    1663    0.000000        0.0
    1664    0.000000        0.0
    1665    0.000000        0.0
    1666   -4.017531   113360.0
    1667    0.000000        0.0
    1668    0.000000        0.0
    1669   -3.959872   110530.0
    1670  -74.027715  2069770.0
    1671    0.000000        0.0
    1672    0.000000        0.0
    1673   -0.089674     2540.0
    1674   -6.330792   175540.0
    1675    0.000000        0.0
    1676    0.000000        0.0
    1677  -90.781358  2395880.0
    1678   -0.024500      700.0
    1679    0.000000        0.0
    1680  -25.936306   645460.0
    1681  -16.904420   430390.0
    1682   -0.001170        0.0
    1683   -0.018410      520.0
    1684  -22.198121   566380.0
    1685   -0.076764     2130.0
    1686   -0.039337        0.0
    1687  -14.169187   373990.0
    1688   -0.054778     1530.0
    1689  -19.515160   498720.0
    1690   -0.178681     5000.0
    1691   -0.136097     3820.0
    1692    0.000000        0.0
    1693  -10.526590   282360.0
    1694    0.000000        0.0
    1695   -6.173215   165540.0
    1696   -3.179194    86510.0
    1697   -6.212656   169210.0
    1698   -0.077962     2210.0
    1699   -8.769191   240400.0
    1700   -0.108858     3080.0
    1701   -9.431056   252320.0
    1702  -10.026031   267730.0
    1703    0.000000        0.0
    1704    0.000000        0.0
    1705   -0.000194        0.0
    1706    0.000000        0.0
    1707    0.000000        0.0
    1708   -8.548771   228800.0
    1709   -6.501125   175270.0
    1710    0.000000        0.0
    1711   -0.019997      570.0
    1712   -0.065420     1840.0
    1713  -15.147309   390780.0
    1714    0.000000        0.0
    1715   -0.020351      580.0
    1716  -22.076101   559630.0
    1717   -0.016125      460.0
    1718    0.000000        0.0
    1719   -0.323170     8820.0