 episode  sum_reward  tardiness
       1 -110.155127  2881310.0
       2  -62.876308  1695710.0
       3  -43.922093  1144320.0
       4  -35.965219   939080.0
       5  -10.489559   284080.0
       6 -116.446710  3193860.0
       7  -63.497076  1731370.0
       8  -33.677455   863920.0
       9  -43.015357  1153170.0
      10  -32.585445   838180.0
      11   -9.171139   251820.0
      12  -11.411826   293310.0
      13  -83.673761  2292670.0
      14  -35.117587   970470.0
      15  -10.116691   258870.0
      16  -37.412722   989400.0
      17  -59.767513  1589380.0
      18  -21.338531   587830.0
      19  -40.464372  1095890.0
      20  -92.470175  2534190.0
      21  -44.656669  1206410.0
      22  -37.825090  1016190.0
      23  -47.223444  1256960.0
      24  -99.555795  2760540.0
      25  -39.967677  1105110.0
      26  -58.445424  1586050.0
      27  -28.003705   740150.0
      28 -100.969960  2771740.0
      29   -7.624208   210580.0
      30   -9.770885   261630.0
      31  -25.697468   705680.0
      32  -67.555816  1834230.0
      33 -160.522340  4369930.0
      34  -47.492105  1286750.0
      35  -47.392781  1288870.0
      36  -92.094642  2521700.0
      37  -73.727313  1967990.0
      38   -5.395750   150020.0
      39  -49.500837  1315870.0
      40  -53.078531  1468270.0
      41   -9.843969   270940.0
      42  -66.014877  1787090.0
      43 -119.471836  3270320.0
      44  -30.927368   820920.0
      45 -118.822722  3235010.0
      46  -94.239698  2542860.0
      47  -27.625569   749080.0
      48  -20.237889   551900.0
      49   -9.733115   263730.0
      50  -21.085625   569900.0
      51  -41.511777  1077810.0
      52  -27.598768   728710.0
      53  -38.606535  1019380.0
      54 -122.942902  3308140.0
      55  -32.879351   848980.0
      56  -39.291777  1067950.0
      57   -6.504490   179380.0
      58  -21.241737   573500.0
      59  -55.478615  1512070.0
      60   -8.820722   235140.0
      61   -7.411837   202980.0
      62  -28.586358   750340.0
      63   -4.949396   136840.0
      64  -23.539524   630900.0
      65  -42.286438  1129090.0
      66  -51.921086  1376330.0
      67  -50.321046  1349540.0
      68  -45.779194  1246190.0
      69  -15.069343   405550.0
      70  -49.892447  1330000.0
      71  -10.817851   281220.0
      72  -33.814593   898570.0
      73  -35.846774   962170.0
      74  -32.291629   896680.0
      75  -61.181718  1650210.0
      76  -38.175604  1028800.0
      77  -19.677281   547980.0
      78  -12.579531   317950.0
      79  -50.869334  1353400.0
      80  -38.802192  1050830.0
      81 -111.840658  3027860.0
      82  -74.165858  2021120.0
      83  -38.167587  1041050.0
      84  -12.557892   312790.0
      85  -31.258834   835980.0
      86  -34.725841   920050.0
      87  -30.588882   817860.0
      88  -15.603122   417360.0
      89  -16.772594   457110.0
      90  -20.845542   567500.0
      91   -8.279389   224840.0
      92  -21.981132   583980.0
      93  -33.656628   908520.0
      94  -44.380164  1186920.0
      95  -13.417090   359480.0
      96   -8.682309   233780.0
      97  -11.535462   311490.0
      98  -27.091018   720370.0
      99  -87.705680  2389330.0
     100   -9.837858   264910.0
     101  -37.424753  1032040.0
     102  -10.881930   293260.0
     103   -6.351260   174330.0
     104  -29.182378   775250.0
     105  -16.934136   458450.0
     106  -29.082042   773390.0
     107  -65.489600  1730710.0
     108  -35.744254   952320.0
     109  -31.103851   819860.0
     110  -85.740682  2331020.0
     111 -111.151564  3012480.0
     112  -47.810860  1283480.0
     113  -10.427493   281100.0
     114  -11.064840   285070.0
     115  -85.765486  2306150.0
     116  -11.260705   301280.0
     117   -9.404160   252610.0
     118  -14.604903   394090.0
     119  -61.239650  1692570.0
     120   -9.463083   248900.0
     121  -14.523555   381460.0
     122  -26.324288   715100.0
     123  -12.029035   325150.0
     124  -36.000288   942550.0
     125  -33.498170   914010.0
     126  -77.030115  2074540.0
     127  -17.921917   473020.0
     128  -51.464449  1368130.0
     129  -11.440819   309440.0
     130  -74.288070  2006980.0
     131  -40.349534  1035180.0
     132  -10.849142   285260.0
     133  -93.090316  2510690.0
     134 -121.901963  3422880.0
     135  -33.857962   918520.0
     136   -9.322135   245180.0
     137  -47.368826  1272730.0
     138  -14.287729   397640.0
     139   -5.626517   150510.0
     140   -9.755976   264110.0
     141  -16.005497   434540.0
     142  -11.171174   292650.0
     143  -14.493146   375270.0
     144  -37.728122  1040670.0
     145  -11.855007   313570.0
     146  -11.833462   318430.0
     147   -9.710094   262780.0
     148  -31.674604   872760.0
     149  -53.522765  1445110.0
     150  -51.343246  1411000.0
     151   -9.080437   245620.0
     152  -24.879160   640080.0
     153  -34.242323   899260.0
     154  -24.825614   678410.0
     155  -12.672826   316250.0
     156  -11.827399   311510.0
     157  -65.435055  1716950.0
     158  -15.165083   392390.0
     159  -13.833820   355060.0
     160  -20.310632   538390.0
     161  -23.626337   618740.0
     162  -33.701237   892350.0
     163  -45.033358  1204130.0
     164  -32.482292   855850.0
     165  -22.710830   605630.0
     166  -38.567947   992010.0
     167  -72.690812  1967640.0
     168  -51.130333  1397960.0
     169  -28.426309   764160.0
     170  -61.702015  1686990.0
     171  -47.676834  1305630.0
     172  -19.619958   534020.0
     173  -10.799642   294780.0
     174  -29.308813   772760.0
     175  -25.733945   694640.0
     176  -15.608059   425050.0
     177  -44.150671  1223390.0
     178  -29.685042   785600.0
     179 -118.308363  3188600.0
     180   -9.862847   268340.0
     181  -14.530198   390950.0
     182  -23.556885   640260.0
     183  -91.225199  2459930.0
     184  -31.803965   871700.0
     185  -60.008089  1592210.0
     186  -35.082048   958790.0
     187  -42.155164  1098750.0
     188   -9.590945   254590.0
     189  -17.793645   481950.0
     190  -64.217077  1739260.0
     191  -11.317910   304690.0
     192  -57.796864  1568310.0
     193   -7.524306   207360.0
     194  -15.140976   406290.0
     195  -26.615889   732150.0
     196  -13.661799   373570.0
     197  -10.141403   272800.0
     198  -31.603330   829180.0
     199  -39.640177  1062490.0
     200  -13.531503   363260.0
     201  -38.874229  1049740.0
     202  -30.825532   833170.0
     203  -58.784396  1576250.0
     204  -31.112003   818650.0
     205  -14.062028   394500.0
     206   -5.890614   163790.0
     207  -26.714632   730430.0
     208  -37.968365  1011250.0
     209  -29.769691   809620.0
     210   -7.165747   199830.0
     211  -35.406625   953920.0
     212  -23.066649   624720.0
     213  -38.058855  1045440.0
     214   -5.383979   149130.0
     215  -35.172907   931650.0
     216  -10.830305   292450.0
     217  -37.663222   997920.0
     218  -54.584003  1489200.0
     219  -21.759639   599320.0
     220 -104.299391  2817110.0
     221  -32.368694   880040.0
     222   -8.502434   229510.0
     223  -13.769451   369650.0
     224  -54.171513  1502200.0
     225  -30.281427   815210.0
     226  -43.754656  1178580.0
     227  -55.542942  1487740.0
     228 -120.542410  3253850.0
     229  -13.839705   383880.0
     230  -43.201399  1161430.0
     231  -42.486183  1164940.0
     232  -12.419899   346780.0
     233  -12.022500   330520.0
     234  -55.876215  1504710.0
     235  -21.201840   555510.0
     236   -0.665944     7470.0
     237   -2.580958    71490.0
     238   -7.882809   217360.0
     239   -3.272701    91830.0
     240  -46.379868  1267620.0
     241   -0.074528        0.0
     242  -10.247715   274550.0
     243  -36.851288   997280.0
     244   -6.572344   168410.0
     245   -0.037906     1080.0
     246   -0.225240     1740.0
     247   -1.208805    33110.0
     248   -0.240774     2420.0
     249   -0.042240      830.0
     250   -0.099625     2420.0
     251   -6.345691   173860.0
     252   -1.828806    51640.0
     253  -12.181208   343010.0
     254  -33.194014   932510.0
     255   -6.312875   172300.0
     256  -16.832844   461920.0
     257   -4.579049   123120.0
     258   -0.213719     5860.0
     259   -0.040674      240.0
     260  -12.408652   326380.0
     261   -0.015101      430.0
     262  -54.130368  1447440.0
     263   -0.041962      830.0
     264   -1.401712    25520.0
     265  -17.682750   504090.0
     266   -0.085740     2420.0
     267   -1.366149    32430.0
     268   -0.039104     1120.0
     269   -0.055969     1600.0
     270  -33.102076   923120.0
     271   -0.418323    11570.0
     272   -0.218271      400.0
     273   -0.086135     2450.0
     274   -4.522254   123080.0
     275   -4.187892   113290.0
     276   -9.957431   270570.0
     277   -0.022795      630.0
     278  -28.259170   741190.0
     279    0.000000        0.0
     280   -9.299462   252520.0
     281   -0.130847     3700.0
     282  -75.509824  2041320.0
     283   -8.272927   229050.0
     284  -27.199635   730960.0
     285   -3.399462    86850.0
     286   -5.129128   143880.0
     287 -105.781404  2947890.0
     288   -6.373198   180590.0
     289   -0.202694     3110.0
     290  -17.107989   473470.0
     291   -0.250260     1140.0
     292  -38.358354  1025790.0
     293   -0.028972      830.0
     294    0.000000        0.0
     295   -4.562597   124300.0
     296   -7.662469   209870.0
     297  -11.085302   306930.0
     298   -1.627184    40300.0
     299   -0.219066     1700.0
     300   -0.085344     2420.0
     301   -5.605014   155570.0
     302   -0.392611     2590.0
     303   -2.078663    58780.0
     304   -6.427431   170650.0
     305   -0.286045     2580.0
     306   -6.844365   186180.0
     307  -14.604212   401140.0
     308   -1.764375    44220.0
     309   -0.238483     2420.0
     310   -3.343281    80330.0
     311 -104.664175  2928730.0
     312   -3.560368    94010.0
     313    0.000000        0.0
     314   -0.068611      410.0
     315   -6.425653   172900.0
     316   -0.085267     2420.0
     317   -0.000694       20.0
     318  -59.537389  1604800.0
     319   -0.940181    18600.0
     320   -2.599545    69760.0
     321  -29.346726   806440.0
     322   -8.283385   229500.0
     323  -30.285647   856790.0
     324   -3.589368    93470.0
     325   -2.023028    57140.0
     326   -0.028965      830.0
     327  -20.102166   559280.0
     328   -4.704118   128920.0
     329   -0.056104     1600.0
     330   -0.210451     1260.0
     331   -2.262115    64050.0
     332   -5.919746   155480.0
     333   -0.085267     2420.0
     334   -0.084997     2420.0
     335   -0.223212     2580.0
     336   -2.491000    70620.0
     337   -0.077733       20.0
     338   -0.646455    18080.0
     339   -0.003115       20.0
     340  -43.911556  1196780.0
     341  -25.265479   683660.0
     342   -6.989142   187620.0
     343 -105.751182  2854930.0
     344   -0.410517     6610.0
     345   -2.530882    71750.0
     346   -3.480712    87490.0
     347   -8.119826   220520.0
     348   -1.725601    44530.0
     349   -0.305406     8050.0
     350  -22.530462   633820.0
     351    0.000000        0.0
     352   -0.240774     2420.0
     353   -7.773979   207760.0
     354   -0.335740     5290.0
     355   -0.244497     2420.0
     356   -2.818972    73370.0
     357   -2.006750    56650.0
     358  -10.286889   271990.0
     359  -33.292930   867040.0
     360   -1.354590    36120.0
     361  -16.467424   413630.0
     362   -3.453913    96890.0
     363   -0.016608      450.0
     364   -1.936878    54800.0
     365    0.000000        0.0
     366   -2.040649    55910.0
     367   -4.369649   120650.0
     368  -48.995082  1325670.0
     369   -0.223424     2580.0
     370   -2.154528    61030.0
     371   -0.085993     2420.0
     372    0.000000        0.0
     373  -10.875739   295010.0
     374   -1.816896    45110.0
     375   -1.236847    30800.0
     376   -0.197983     2420.0
     377   -2.860340    77020.0
     378   -7.747247   211080.0
     379   -5.546927   149990.0
     380   -3.574326    98580.0
     381   -5.475562   150900.0
     382   -4.731677   131570.0
     383  -10.737132   303180.0
     384   -7.235038   202150.0
     385  -16.994253   448920.0
     386   -2.028885    57470.0
     387   -0.034139        0.0
     388   -0.242872     2550.0
     389   -3.686365   103450.0
     390   -0.243229     2420.0
     391  -22.551590   613380.0
     392   -0.084997     2420.0
     393   -0.689969    15170.0
     394   -3.011858    80750.0
     395   -1.922573    53920.0
     396   -4.927354   137410.0
     397   -0.377031     6300.0
     398   -5.198049   140510.0
     399   -1.737340    49280.0
     400   -0.377306     6300.0
     401   -0.011913        0.0
     402    0.000000        0.0
     403   -4.647416   129110.0
     404   -0.203264      620.0
     405  -17.532150   450040.0
     406   -0.085403     2420.0
     407  -28.013670   778490.0
     408   -0.085097     2420.0
     409   -1.046083    22680.0
     410   -0.084997     2420.0
     411   -1.349771    33110.0
     412   -0.057406     1600.0
     413   -0.084997     2420.0
     414   -2.653486    73960.0
     415   -0.085403     2420.0
     416   -0.934747    25210.0
     417   -1.748399    43760.0
     418   -1.307017    36840.0
     419   -0.085191      830.0
     420  -10.994246   304140.0
     421   -1.554153    38760.0
     422   -0.085403     2420.0
     423   -4.496583   122450.0
     424   -4.514792   118650.0
     425   -3.842847   104110.0
     426   -0.099274        0.0
     427   -0.211563     2250.0
     428  -52.296503  1420560.0
     429  -10.659702   266450.0
     430   -0.029000      830.0
     431  -42.479205  1175520.0
     432   -3.157854    86130.0
     433   -0.055969     1600.0
     434   -2.415215    66240.0
     435   -0.084997     2420.0
     436   -2.749597    76710.0
     437   -0.072917        0.0
     438   -6.783434   187250.0
     439   -0.029111      830.0
     440   -5.789201   163300.0
     441   -0.238479     2420.0
     442    0.000000        0.0
     443  -13.581941   359930.0
     444   -0.196549     2420.0
     445   -5.182604   137150.0
     446  -22.173510   594020.0
     447   -0.240069     2420.0
     448   -0.889257    22680.0
     449   -4.155528   116970.0
     450   -0.599038     7430.0
     451  -26.609421   762830.0
     452    0.000000        0.0
     453   -0.085566     2420.0
     454   -0.240514     2420.0
     455   -4.801729   133730.0
     456    0.000000        0.0
     457    0.000000        0.0
     458   -3.843750   107720.0
     459   -8.613090   236220.0
     460  -10.527996   281890.0
     461   -0.233549     2420.0
     462  -37.379016  1044540.0
     463   -4.665819   127850.0
     464  -34.220878   908450.0
     465   -0.208125     1240.0
     466  -13.012507   368960.0
     467   -0.149163     2800.0
     468   -2.323663    62550.0
     469   -0.775312    15230.0
     470  -42.297000  1149280.0
     471  -20.408326   523200.0
     472   -0.014271      410.0
     473   -0.741608    19980.0
     474   -4.387413   119540.0
     475   -2.110705    57620.0
     476   -0.397437     9760.0
     477   -0.028972      830.0
     478   -0.084997     2420.0
     479   -2.267059    61370.0
     480   -0.076719        0.0
     481   -1.989653    55200.0
     482   -3.839743   107370.0
     483   -2.422576    68600.0
     484   -1.978069    52140.0
     485   -0.029260      830.0
     486   -0.085267     2420.0
     487    0.000000        0.0
     488   -0.230365     1830.0
     489   -4.359056   118650.0
     490   -0.084997     2420.0
     491   -0.015347        0.0
     492   -0.029111      830.0
     493   -4.194646   117340.0
     494   -2.159559    61010.0
     495  -98.168949  2624730.0
     496   -0.238351     2420.0
     497   -5.450441   145510.0
     498   -8.603177   231840.0
     499    0.000000        0.0
     500   -7.696743   198180.0
     501   -2.400576    65230.0
     502   -0.084997     2420.0
     503  -32.697656   862280.0
     504  -19.901271   561730.0
     505   -0.084997     2420.0
     506   -0.601628     7060.0
     507    0.000000        0.0
     508   -4.141438   115630.0
     509   -0.108868     2420.0
     510   -0.085403     2420.0
     511   -2.110705    57620.0
     512   -6.681479   190280.0
     513   -2.271288    62870.0
     514   -0.660156    18090.0
     515   -4.895538   135780.0
     516   -2.325802    65820.0
     517   -0.493049    12820.0
     518  -33.714135   926820.0
     519   -0.862986    22680.0
     520   -1.819757    51040.0
     521   -0.278080     3400.0
     522   -0.090823     2580.0
     523   -1.365281    36870.0
     524   -1.816837    51300.0
     525   -9.923951   265590.0
     526  -46.800522  1309250.0
     527   -0.243236     2420.0
     528   -1.723611    48670.0
     529  -10.775577   300590.0
     530   -3.248386    86790.0
     531   -0.094451     2420.0
     532    0.000000        0.0
     533   -0.028976      830.0
     534    0.000000        0.0
     535   -0.024667        0.0
     536  -34.401312   961420.0
     537   -0.048382        0.0
     538  -28.275174   767260.0
     539   -0.015094      430.0
     540   -4.360910   118650.0
     541   -1.578698    44550.0
     542   -0.055969     1600.0
     543   -0.523639    13580.0
     544   -3.170014    84780.0
     545  -25.713063   708470.0
     546    0.000000        0.0
     547   -0.243229     2420.0
     548   -0.028972      830.0
     549   -0.029250      830.0
     550   -4.777517   130980.0
     551   -0.240497     2480.0
     552  -19.958719   543180.0
     553   -0.143201     3220.0
     554   -4.644597   129750.0
     555   -0.056375     1600.0
     556   -2.478267    70400.0
     557   -3.959750   105140.0
     558   -0.179201     2420.0
     559   -0.041194      830.0
     560   -3.996590   111940.0
     561  -12.377548   349470.0
     562  -85.271859  2326350.0
     563   -0.289819     4480.0
     564   -4.983483   137990.0
     565   -0.028972      830.0
     566   -9.578257   268880.0
     567   -0.238351     2420.0
     568   -0.055969     1600.0
     569   -0.310677     3520.0
     570   -0.027913      800.0
     571   -0.084997     2420.0
     572   -0.177896     2420.0
     573  -16.309232   462900.0
     574   -0.006111        0.0
     575   -3.219865    88340.0
     576   -0.055969     1600.0
     577   -0.084997     2420.0
     578   -5.665903   157120.0
     579   -0.085083     2420.0
     580   -0.084997     2420.0
     581   -4.459271   123100.0
     582   -4.390111   121170.0
     583   -2.440681    69220.0
     584  -29.551199   796870.0
     585    0.000000        0.0
     586  -52.621326  1436740.0
     587  -20.371816   561800.0
     588   -0.014938      430.0
     589   -0.000701       20.0
     590   -5.359906   148490.0
     591   -3.777663   105910.0
     592   -3.222739    88830.0
     593   -1.439510    28570.0
     594   -0.085267     2420.0
     595   -0.128212     1800.0
     596    0.000000        0.0
     597   -2.077243    58840.0
     598  -10.104500   274970.0
     599   -0.055969     1600.0
     600   -0.115059     2420.0
     601  -12.678879   341370.0
     602   -0.055969     1600.0
     603   -4.286976   103080.0
     604    0.000000        0.0
     605   -1.769913    50270.0
     606   -0.033795      800.0
     607   -0.029111      830.0
     608   -1.423823    39000.0
     609   -5.529552   153530.0
     610   -5.904056   160300.0
     611   -3.767191   105430.0
     612   -0.029278      830.0
     613   -0.382229     6380.0
     614   -6.156688   169530.0
     615   -2.102427    59480.0
     616   -3.184556    84310.0
     617   -4.149573   112220.0
     618   -1.033694    20920.0
     619  -11.184413   291250.0
     620   -2.124194    60300.0
     621   -2.091615    59280.0
     622   -3.282576    89850.0
     623   -2.074816    58830.0
     624   -7.906670   221340.0
     625  -35.140486   980800.0
     626   -0.000708       20.0
     627   -9.263875   265880.0
     628   -0.085274     2420.0
     629   -0.000007        0.0
     630   -0.028972      830.0
     631   -0.028972      830.0
     632   -3.071125    79660.0
     633  -20.798191   567390.0
     634   -6.697365   189260.0
     635   -4.359056   118650.0
     636   -0.352632     5720.0
     637   -6.065486   165890.0
     638   -6.857958   196430.0
     639   -2.300938    63830.0
     640   -0.275465     2580.0
     641   -0.000701       20.0
     642   -0.000708       20.0
     643  -37.892621  1059830.0
     644  -26.198534   703550.0
     645   -1.979760    52380.0
     646  -13.174100   365980.0
     647   -0.028965      830.0
     648   -0.526594    14270.0
     649  -66.745189  1870850.0
     650   -6.817295   188970.0
     651    0.000000        0.0
     652   -0.114309     2420.0
     653   -3.838694   109510.0
     654   -2.250448    58270.0
     655   -9.598986   269110.0
     656   -0.240774     2420.0
     657  -56.401747  1517700.0
     658  -99.477549  2836620.0
     659  -15.851493   441550.0
     660   -0.236205     2420.0
     661   -0.084997     2420.0
     662   -8.279722   222140.0
     663   -0.021743      620.0
     664  -90.353061  2420210.0
     665   -0.662705    15020.0
     666  -44.487795  1259080.0
     667  -12.817111   349530.0
     668   -0.085267     2420.0
     669   -0.652045    18250.0
     670   -0.056115     1600.0
     671    0.000000        0.0
     672   -4.384319   122320.0
     673   -3.447722    96490.0
     674    0.000000        0.0
     675   -0.512187    14000.0
     676   -5.195722   143250.0
     677   -5.824493   161880.0
     678   -0.074556     1600.0
     679   -0.085267     2420.0
     680   -1.988486    52440.0
     681   -0.029326      830.0
     682   -0.087465     2470.0
     683  -22.923368   613040.0
     684  -23.699531   666810.0
     685   -0.179285     2420.0
     686   -0.019587       20.0
     687   -2.340010    66210.0
     688   -1.282854    35780.0
     689   -0.085226     2420.0
     690  -53.632879  1458090.0
     691   -0.085267     2420.0
     692   -1.929059    54670.0
     693   -0.240889     2420.0
     694   -0.040743      860.0
     695   -0.334941     5290.0
     696   -0.079642      860.0
     697   -8.779962   243650.0
     698   -7.621768   206150.0
     699   -0.052750     1420.0
     700   -0.016049       20.0
     701   -4.000007   110360.0
     702    0.000000        0.0
     703   -1.085531    29830.0
     704   -0.027913      800.0
     705   -2.311292    65380.0
     706   -0.055969     1600.0
     707  -63.288625  1712620.0
     708   -5.504656   152440.0
     709   -0.084997     2420.0
     710   -0.028972      830.0
     711   -3.765899   102030.0
     712   -3.921642   109580.0
     713   -0.085983     2420.0
     714   -0.084997     2420.0
     715   -0.259378     2640.0
     716   -0.209323     1600.0
     717   -0.085267     2420.0
     718   -3.827128   107230.0
     719   -0.029111      830.0
     720   -0.334448     5260.0
     721  -17.969600   500760.0
     722    0.000000        0.0
     723  -30.839979   828550.0
     724   -0.085267     2420.0
     725   -0.085267     2420.0
     726  -42.372007  1217920.0
     727   -2.211354    62610.0
     728   -6.380708   178200.0
     729   -1.930715    54840.0
     730   -0.029111      830.0
     731   -0.178844     2420.0
     732   -0.027913      800.0
     733    0.000000        0.0
     734   -7.078587   196420.0
     735   -0.085003     2420.0
     736   -3.018736    84420.0
     737    0.000000        0.0
     738   -0.578997    15170.0
     739   -0.153125     3800.0
     740   -0.071465       20.0
     741   -0.015094      430.0
     742   -0.031865      830.0
     743   -0.085028     2420.0
     744  -40.093798  1119710.0
     745  -29.117517   743950.0
     746   -6.238979   173230.0
     747   -0.028972      830.0
     748   -0.242833     1830.0
     749   -4.358646   118650.0
     750   -0.135948     3830.0
     751   -2.022976    57260.0
     752  -11.355670   319530.0
     753   -2.026142    57400.0
     754  -17.546938   493930.0
     755   -0.029111      830.0
     756   -0.014951      430.0
     757   -2.450938    69450.0
     758   -0.762778    20460.0
     759    0.000000        0.0
     760   -0.084997     2420.0
     761   -4.887191   138850.0
     762  -20.453778   557240.0
     763   -0.029250      830.0
     764   -2.420590    68530.0
     765   -0.028972      830.0
     766   -0.085267     2420.0
     767   -0.706021    10780.0
     768   -0.084997     2420.0
     769   -0.029250      830.0
     770   -0.093465     2420.0
     771   -5.268736   142550.0
     772   -1.222615    34130.0
     773   -0.336885     5340.0
     774   -0.241115     2420.0
     775   -0.037719        0.0
     776  -11.413705   305500.0
     777   -1.349590    36160.0
     778   -0.055969     1600.0
     779   -0.029111      830.0
     780   -5.624820   154850.0
     781  -45.974510  1292270.0
     782  -38.423745  1074230.0
     783   -0.238351     2420.0
     784    0.000000        0.0
     785   -2.033837    57740.0
     786   -0.085267     2420.0
     787   -0.794830    20030.0
     788  -30.287215   799340.0
     789  -99.305060  2752230.0
     790   -0.058774        0.0
     791   -8.043275   208990.0
     792   -2.254267    63910.0
     793   -0.519569    13580.0
     794    0.000000        0.0
     795    0.000000        0.0
     796   -0.629917    17440.0
     797   -0.578858    14880.0
     798   -0.000701       20.0
     799   -0.014240      410.0
     800   -0.282111     2420.0
     801  -15.490858   419290.0
     802   -0.029111      830.0
     803   -0.085267     2420.0
     804   -1.842427    51940.0
     805   -0.007479      210.0
     806   -1.806986    50990.0
     807   -4.367944   121490.0
     808   -3.821420   107130.0
     809   -2.110705    57620.0
     810   -0.256618     2920.0
     811   -0.029906        0.0
     812   -0.000694       20.0
     813   -0.124813     3520.0
     814   -1.384594    37200.0
     815   -4.796097   133740.0
     816    0.000000        0.0
     817   -2.872198    75210.0
     818   -0.329160     9070.0
     819   -0.093795     2420.0
     820    0.000000        0.0
     821   -0.029111      830.0
     822   -0.084997     2420.0
     823   -0.149306     3380.0
     824   -9.796350   264660.0
     825   -3.995413   107980.0
     826  -39.943862  1147590.0
     827   -7.511417   208540.0
     828   -0.084997     2420.0
     829   -0.003573        0.0
     830   -0.085267     2420.0
     831    0.000000        0.0
     832   -5.824771   162050.0
     833  -18.792083   493860.0
     834    0.000000        0.0
     835 -119.606780  3378990.0
     836   -0.085403     2420.0
     837    0.000000        0.0
     838    0.000000        0.0
     839   -1.340087    36160.0
     840   -5.343108   148100.0
     841   -0.000701       20.0
     842   -5.697597   155710.0
     843   -0.001573       20.0
     844   -0.085267     2420.0
     845   -4.149871   112230.0
     846   -5.892871   163770.0
     847   -1.691906    45560.0
     848   -0.000694       20.0
     849    0.000000        0.0
     850   -1.688691    43800.0
     851  -11.184365   310670.0
     852  -11.656149   332100.0
     853   -0.972799    25900.0
     854   -0.085267     2420.0
     855   -2.208184    62430.0
     856   -0.029049      830.0
     857   -4.430465   122310.0
     858   -0.093778     2420.0
     859   -2.570163    67170.0
     860   -0.301052     7600.0
     861   -0.085267     2420.0
     862   -0.333844     5260.0
     863  -31.434072   904300.0
     864   -0.029257      830.0
     865   -2.488288    67840.0
     866   -0.626229    15680.0
     867   -0.029111      830.0
     868   -5.518729   153100.0
     869   -7.074128   196840.0
     870   -0.041597     1190.0
     871   -0.152545     4370.0
     872   -0.649187    16410.0
     873   -5.986365   162960.0
     874   -7.963510   214180.0
     875   -3.043490    85300.0
     876    0.000000        0.0
     877  -89.187014  1855350.0
     878   -0.230267     6150.0
     879   -0.000372        0.0
     880   -0.009389      250.0
     881   -3.287427    92320.0
     882    0.000000        0.0
     883   -3.918535   110550.0
     884    0.000000        0.0
     885   -0.053497     1480.0
     886   -0.023434      670.0
     887   -2.693063    76310.0
     888   -1.711899    48610.0
     889   -0.020826      580.0
     890   -0.108910     3080.0
     891   -0.070191     1980.0
     892  -11.286524   294940.0
     893   -4.413437   122180.0
     894    0.000000        0.0
     895    0.000000        0.0
     896    0.000000        0.0
     897   -0.010774      310.0
     898  -38.172362  1037920.0
     899   -0.053319     1520.0
     900   -2.207267    62160.0
     901    0.000000        0.0
     902   -0.050222     1050.0
     903  -26.194361   649880.0
     904   -0.001295        0.0
     905  -60.727543  1663820.0
     906    0.000000        0.0
     907    0.000000        0.0
     908    0.000000        0.0
     909   -0.002104       60.0
     910  -22.764965   630970.0
     911   -0.009073      260.0
     912   -1.318788    37540.0
     913   -6.026781   152180.0
     914    0.000000        0.0
     915    0.000000        0.0
     916    0.000000        0.0
     917   -1.938278    54860.0
     918   -7.040188   194290.0
     919   -0.025438        0.0
     920    0.000000        0.0
     921   -0.126472     3560.0
     922   -0.156264     4380.0
     923   -1.400750     5550.0
     924  -24.810330   677180.0
     925   -4.271955   118830.0
     926  -27.596705   766290.0
     927   -4.284167   120200.0
     928   -5.841368   161920.0
     929   -2.015649    57560.0
     930   -3.519889    99730.0
     931   -0.087899     2500.0
     932   -1.515424    43210.0
     933   -0.020934      600.0
     934   -0.032274      900.0
     935   -0.057951     1540.0
     936    0.000000        0.0
     937   -1.627878    43820.0
     938   -0.000035        0.0
     939   -0.049174     1400.0
     940   -0.016052      460.0
     941   -0.019903      570.0
     942   -0.010503      300.0
     943   -0.000111        0.0
     944   -0.011111      320.0
     945   -0.286410     7840.0
     946   -0.495903    12720.0
     947   -0.047674     1200.0
     948   -4.972115   138580.0
     949 -182.483067  4552380.0
     950  -10.306636   272600.0
     951   -1.539576    41830.0
     952   -7.837514   184500.0
     953   -0.236774     1810.0
     954 -141.324251  3880950.0
     955   -4.555215   116460.0
     956  -13.852020   387050.0
     957    0.000000        0.0
     958    0.000000        0.0
     959   -0.002087       60.0
     960  -16.661854   416180.0
     961   -0.103549     2660.0
     962   -0.297594     7930.0
     963   -0.000694        0.0
     964   -9.402882   223720.0
     965  -13.547715   333170.0
     966   -0.001545        0.0
     967   -0.156865     4330.0
     968  -27.036941   716070.0
     969   -0.048104     1360.0
     970  -15.109788   396590.0
     971   -0.006285        0.0
     972  -18.041545   463540.0
     973   -2.461250    67630.0
     974   -3.257983    91070.0
     975    0.000000        0.0
     976    0.000000        0.0
     977   -4.130785   116090.0
     978    0.000000        0.0
     979    0.000000        0.0
     980    0.000000        0.0
     981    0.000000        0.0
     982    0.000000        0.0
     983   -2.057056    45630.0
     984   -0.003490      100.0
     985  -14.958708   382060.0
     986   -0.027899      790.0
     987   -0.125708     3500.0
     988  -13.760621   364330.0
     989   -0.148330     4200.0
     990   -6.976635   187580.0
     991   -0.009722      280.0
     992   -0.020236      580.0
     993    0.000000        0.0
     994    0.000000        0.0
     995   -6.882215   183210.0
     996    0.000000        0.0
     997   -0.117194     3300.0
     998   -0.002260        0.0
     999   -0.010451      300.0
    1000   -7.613212   207830.0
    1001  -25.675972   620380.0
    1002  -51.704754  1190330.0
    1003   -0.231601     6150.0
    1004  -14.761170   385990.0
    1005    0.000000        0.0
    1006   -2.587448    72470.0
    1007    0.000000        0.0
    1008    0.000000        0.0
    1009    0.000000        0.0
    1010   -0.003497      100.0
    1011   -4.697691   128230.0
    1012    0.000000        0.0
    1013   -2.351365    49060.0
    1014   -4.120285   113470.0
    1015   -0.108809     3070.0
    1016   -9.854177   259510.0
    1017    0.000000        0.0
    1018   -3.763024   105060.0
    1019    0.000000        0.0
    1020   -7.762531   214420.0
    1021   -0.000313        0.0
    1022   -0.162049     3680.0
    1023   -0.000073        0.0
    1024   -0.040858     1140.0
    1025   -5.407035   150100.0
    1026    0.000000        0.0
    1027   -0.009038      260.0
    1028   -0.000694       20.0
    1029   -0.775542    20230.0
    1030   -0.619448    16230.0
    1031   -6.513549   174410.0
    1032   -0.453142    11610.0
    1033   -8.258799   224640.0
    1034  -13.736625   367870.0
    1035   -7.624837   208510.0
    1036   -0.369410     6660.0
    1037    0.000000        0.0
    1038    0.000000        0.0
    1039   -0.041712     1140.0
    1040    0.000000        0.0
    1041   -0.101906     2810.0
    1042  -24.368441   613610.0
    1043  -35.677507   876870.0
    1044   -0.111615     3130.0
    1045    0.000000        0.0
    1046   -2.627813    73520.0
    1047   -2.002333    57020.0
    1048    0.000000        0.0
    1049   -0.005962      170.0
    1050   -3.246267    91200.0
    1051  -19.652368   559180.0
    1052   -0.089076     2530.0
    1053   -0.000021        0.0
    1054   -0.027861      790.0
    1055   -0.058243     1650.0
    1056   -0.015396      440.0
    1057    0.000000        0.0
    1058   -4.255691   117610.0
    1059    0.000000        0.0
    1060  -15.657406   432730.0
    1061    0.000000        0.0
    1062   -0.001042       30.0
    1063   -0.003667       50.0
    1064    0.000000        0.0
    1065  -13.391417   349180.0
    1066   -8.746653   232290.0
    1067    0.000000        0.0
    1068   -7.765542   195340.0
    1069  -12.571830   354210.0
    1070    0.000000        0.0
    1071    0.000000        0.0
    1072    0.000000        0.0
    1073   -1.295594    34290.0
    1074   -1.122392    29630.0
    1075   -1.537083    41840.0
    1076   -5.295399   145360.0
    1077    0.000000        0.0
    1078    0.000000        0.0
    1079    0.000000        0.0
    1080    0.000000        0.0
    1081   -3.504233        0.0
    1082  -19.253497   494960.0
    1083   -0.804604      450.0
    1084  -23.892715   575100.0
    1085    0.000000        0.0
    1086   -4.541264   126790.0
    1087    0.000000        0.0
    1088    0.000000        0.0
    1089   -0.036153     1020.0
    1090  -10.655760   298330.0
    1091   -0.024444      700.0
    1092   -0.120660     3400.0
    1093    0.000000        0.0
    1094    0.000000        0.0
    1095    0.000000        0.0
    1096    0.000000        0.0
    1097   -0.001063       30.0
    1098  -54.292570  1462970.0
    1099   -5.978573   165870.0
    1100   -0.076524     2160.0
    1101   -0.025514      720.0
    1102   -0.103813     1650.0
    1103   -0.045069     1280.0
    1104   -0.002757        0.0
    1105   -7.940458   213400.0
    1106   -0.795205     5990.0
    1107   -0.001910       40.0
    1108   -0.139778     3880.0
    1109   -0.076042     2160.0
    1110   -1.772601    50570.0
    1111    0.000000        0.0
    1112    0.000000        0.0
    1113   -7.045403   192390.0
    1114    0.000000        0.0
    1115   -7.141833   194210.0
    1116    0.000000        0.0
    1117  -12.349403   293640.0
    1118  -16.748628   439060.0
    1119   -0.916806    23020.0
    1120  -13.118351   340650.0
    1121   -4.261302   117040.0
    1122    0.000000        0.0
    1123   -2.853007    78790.0
    1124    0.000000        0.0
    1125   -0.076889     2160.0
    1126   -0.077844     2160.0
    1127  -20.530111   519370.0
    1128   -0.016590      440.0
    1129   -0.005017       20.0
    1130   -3.172451    88670.0
    1131   -3.422722    97230.0
    1132   -3.496837    98970.0
    1133    0.000000        0.0
    1134   -0.194816     5390.0
    1135   -0.087326     2450.0
    1136   -0.000694        0.0
    1137   -0.298139     4800.0
    1138  -50.266473  1343670.0
    1139  -31.808388   868430.0
    1140   -0.001646       40.0
    1141  -17.047490   422130.0
    1142   -0.027889      790.0
    1143  -73.271866  1710250.0
    1144   -9.717198   255980.0
    1145    0.000000        0.0
    1146    0.000000        0.0
    1147    0.000000        0.0
    1148    0.000000        0.0
    1149   -0.354878     9560.0
    1150  -37.731816   954330.0
    1151   -1.039542    26250.0
    1152   -0.204698     5540.0
    1153   -0.059056     1640.0
    1154   -0.100313     2820.0
    1155   -3.772750   105710.0
    1156   -0.068069     1920.0
    1157    0.000000        0.0
    1158    0.000000        0.0
    1159   -6.135170   170010.0
    1160    0.000000        0.0
    1161    0.000000        0.0
    1162   -9.201851   246960.0
    1163    0.000000        0.0
    1164    0.000000        0.0
    1165    0.000000        0.0
    1166    0.000000        0.0
    1167    0.000000        0.0
    1168  -32.208813   776230.0
    1169  -13.731621   364070.0
    1170   -0.154882     4330.0
    1171   -7.240295   199360.0
    1172   -0.009938      250.0
    1173    0.000000        0.0
    1174   -7.108538   193950.0
    1175   -0.000694       20.0
    1176  -16.387917   442740.0
    1177    0.000000        0.0
    1178   -3.349795    92090.0
    1179   -0.042347     1210.0
    1180   -0.007031        0.0
    1181    0.000000        0.0
    1182   -0.013576      250.0
    1183   -0.023958      690.0
    1184   -0.035608     1020.0
    1185    0.000000        0.0
    1186  -17.985701   465000.0
    1187   -0.009142      260.0
    1188    0.000000        0.0
    1189    0.000000        0.0
    1190   -0.000017        0.0
    1191   -2.555288    72910.0
    1192    0.000000        0.0
    1193   -0.001802        0.0
    1194  -18.599524   482070.0
    1195  -20.976396   543010.0
    1196   -0.136622     3780.0
    1197   -0.006340      180.0
    1198   -0.054819     1510.0
    1199   -0.004812        0.0
    1200    0.000000        0.0
    1201   -1.731302    49260.0
    1202   -3.645017   101480.0
    1203   -2.735903    76320.0
    1204    0.000000        0.0
    1205   -0.570656    15190.0
    1206   -0.000031        0.0
    1207   -0.050958      230.0
    1208   -0.101906     2810.0
    1209  -66.038330  1756570.0
    1210   -0.005653      160.0
    1211   -2.053684    58250.0
    1212  -17.749698   484630.0
    1213   -5.169226   144450.0
    1214   -0.006597      190.0
    1215    0.000000        0.0
    1216   -8.827063   239140.0
    1217   -5.942222   165990.0
    1218   -2.926625    81560.0
    1219   -0.655503    14000.0
    1220    0.000000        0.0
    1221    0.000000        0.0
    1222   -5.197191   145570.0
    1223    0.000000        0.0
    1224   -0.047483     1210.0
    1225  -13.142823   373870.0
    1226   -8.053111   216110.0
    1227   -0.019955      440.0
    1228  -35.110941   972730.0
    1229   -2.705712    77040.0
    1230   -0.047028     1300.0
    1231   -0.092340     2540.0
    1232   -0.099514     2760.0
    1233    0.000000        0.0
    1234    0.000000        0.0
    1235   -0.011458      330.0
    1236    0.000000        0.0
    1237  -22.910111   587450.0
    1238   -0.201052     5160.0
    1239  -15.509018   408500.0
    1240   -0.060851     1650.0
    1241  -10.725118   297290.0
    1242   -0.005260      150.0
    1243    0.000000        0.0
    1244    0.000000        0.0
    1245   -0.200569     5650.0
    1246   -0.011726      330.0
    1247   -1.810920    51870.0
    1248   -8.324882   227450.0
    1249   -2.855288    80880.0
    1250   -0.008257      230.0
    1251   -0.022309      640.0
    1252   -0.076531     2170.0
    1253  -33.858094   825900.0
    1254    0.000000        0.0
    1255   -0.049073      660.0
    1256   -2.300121       10.0
    1257   -6.927635   192450.0
    1258    0.000000        0.0
    1259   -2.902556    80600.0
    1260   -3.943646   111240.0
    1261   -2.182247    61170.0
    1262    0.000000        0.0
    1263   -1.278764    36250.0
    1264    0.000000        0.0
    1265   -9.062497   246380.0
    1266   -0.001104        0.0
    1267   -0.000010        0.0
    1268    0.000000        0.0
    1269   -0.143396     3600.0
    1270   -0.025000      720.0
    1271   -9.002174   242980.0
    1272    0.000000        0.0
    1273  -13.073601   329970.0
    1274    0.000000        0.0
    1275    0.000000        0.0
    1276    0.000000        0.0
    1277   -0.071833     2020.0
    1278  -18.686823   484640.0
    1279  -14.109472   322380.0
    1280  -22.258552   558230.0
    1281    0.000000        0.0
    1282   -2.568951    71150.0
    1283   -7.423444   212000.0
    1284   -3.424653    96280.0
    1285   -0.140861     3940.0
    1286   -0.471118    13460.0
    1287   -2.435767    68900.0
    1288   -0.447434     2460.0
    1289    0.000000        0.0
    1290  -12.619521   268810.0
    1291    0.000000        0.0
    1292    0.000000        0.0
    1293  -10.262382   271850.0
    1294   -0.029028      760.0
    1295  -13.262684   348810.0
    1296   -0.106899      800.0
    1297   -2.346667    67050.0
    1298    0.000000        0.0
    1299    0.000000        0.0
    1300    0.000000        0.0
    1301   -0.002667        0.0
    1302    0.000000        0.0
    1303  -28.855427   722420.0
    1304    0.000000        0.0
    1305   -0.024115      690.0
    1306   -0.007024        0.0
    1307   -0.026177      650.0
    1308  -12.130160   308570.0
    1309   -0.041764     1170.0
    1310   -0.002365       30.0
    1311   -0.028101      790.0
    1312  -21.723587   561870.0
    1313    0.000000        0.0
    1314  -11.617253   298410.0
    1315    0.000000        0.0
    1316  -13.501698   345540.0
    1317  -11.303459   293130.0
    1318   -0.215531     5300.0
    1319   -0.242132     6670.0
    1320   -0.309090     8280.0
    1321    0.000000        0.0
    1322   -3.047406    85320.0
    1323    0.000000        0.0
    1324   -3.216413    89580.0
    1325   -3.776271   106390.0
    1326    0.000000        0.0
    1327    0.000000        0.0
    1328   -4.910319   138520.0
    1329   -7.426153   202600.0
    1330   -0.017420      210.0
    1331   -0.956569    24640.0
    1332   -0.047288     1340.0
    1333  -17.041764   443260.0
    1334   -0.039611     1130.0
    1335   -0.115295     3220.0
    1336   -0.272014     7460.0
    1337   -0.007986      230.0
    1338   -0.074313     2110.0
    1339   -8.604868   234580.0
    1340   -3.669583    99290.0
    1341   -0.001042       30.0
    1342   -0.018833        0.0
    1343    0.000000        0.0
    1344   -1.719410    48760.0
    1345  -14.409840   382310.0
    1346   -9.375396   232150.0
    1347    0.000000        0.0
    1348    0.000000        0.0
    1349    0.000000        0.0
    1350   -0.003125       90.0
    1351    0.000000        0.0
    1352   -7.587073   213020.0
    1353   -0.447226    12360.0
    1354   -1.061285    28060.0
    1355   -7.929371   211950.0
    1356   -0.439521    11700.0
    1357   -0.769708    20620.0
    1358  -10.421354   276260.0
    1359  -14.371017   372140.0
    1360    0.000000        0.0
    1361   -0.017101      490.0
    1362   -7.958462   196840.0
    1363   -0.006014      170.0
    1364   -4.566208   128050.0
    1365   -5.041069   141580.0
    1366   -0.067535      870.0
    1367   -0.032528      430.0
    1368  -24.935215   690820.0
    1369   -0.124774     3500.0
    1370   -0.008983      250.0
    1371   -0.156531     4330.0
    1372    0.000000        0.0
    1373   -2.528326    71560.0
    1374   -0.209833     5900.0
    1375   -0.401125     5100.0
    1376  -24.541229   640810.0
    1377    0.000000        0.0
    1378    0.000000        0.0
    1379   -0.014667      420.0
    1380   -4.422278   119120.0
    1381    0.000000        0.0
    1382    0.000000        0.0
    1383    0.000000        0.0
    1384    0.000000        0.0
    1385  -79.170517  1959950.0
    1386  -21.818361   559340.0
    1387  -18.686816   491620.0
    1388  -22.332534   583800.0
    1389   -4.671587   128470.0
    1390  -44.243789  1236820.0
    1391    0.000000        0.0
    1392  -54.019114  1538430.0
    1393   -6.608285   180960.0
    1394   -1.730358    49420.0
    1395   -0.010410      290.0
    1396   -0.018153        0.0
    1397   -0.001118        0.0
    1398   -0.100774     2830.0
    1399   -0.479792    12600.0
    1400   -0.044201     1250.0
    1401   -2.442386    68240.0
    1402   -2.013226    56940.0
    1403   -0.038826     1110.0
    1404   -3.092149    87210.0
    1405   -3.795813   107390.0
    1406   -0.052306     1490.0
    1407   -1.813160    51650.0
    1408   -0.049271     1400.0
    1409   -9.163167   243840.0
    1410   -6.593632   183100.0
    1411   -5.942042   168120.0
    1412    0.000000        0.0
    1413   -0.000351       10.0
    1414    0.000000        0.0
    1415    0.000000        0.0
    1416   -0.023733        0.0
    1417   -0.869125        0.0
    1418    0.000000        0.0
    1419  -35.421153   860570.0
    1420   -3.351906    94470.0
    1421   -0.014306      400.0
    1422   -2.950677    83650.0
    1423   -0.042458       80.0
    1424   -0.007372      200.0
    1425   -0.000260        0.0
    1426   -0.046524     1260.0
    1427   -0.084885     2340.0
    1428   -0.000056        0.0
    1429   -0.005556      160.0
    1430   -2.449146    69550.0
    1431   -0.003125       90.0
    1432   -3.674955   102860.0
    1433   -0.000038        0.0
    1434   -4.450472   122800.0
    1435   -0.046885     1340.0
    1436   -0.065583     1860.0
    1437   -2.401906    66820.0
    1438    0.000000        0.0
    1439    0.000000        0.0
    1440   -0.022010      630.0
    1441   -0.004514      130.0
    1442   -5.811378   160940.0
    1443   -0.270451     7530.0
    1444   -0.003156        0.0
    1445   -0.034434      980.0
    1446  -23.085560   644940.0
    1447   -0.117392     3150.0
    1448    0.000000        0.0
    1449   -0.017802      510.0
    1450    0.000000        0.0
    1451    0.000000        0.0
    1452    0.000000        0.0
    1453    0.000000        0.0
    1454    0.000000        0.0
    1455  -68.716806  1889830.0
    1456   -1.053087    30210.0
    1457   -4.132910   116180.0
    1458   -1.389840    39890.0
    1459   -0.014931      430.0
    1460  -17.424854   463550.0
    1461   -0.026153      720.0
    1462   -0.009469      240.0
    1463   -0.164111     4600.0
    1464  -18.982247   482230.0
    1465   -0.000229        0.0
    1466   -0.015715      230.0
    1467   -0.268545     7140.0
    1468   -0.039128     1050.0
    1469   -0.131812     2970.0
    1470  -11.260146   318810.0
    1471  -11.962038   323750.0
    1472   -2.411837    68060.0
    1473    0.000000        0.0
    1474    0.000000        0.0
    1475    0.000000        0.0
    1476 -107.315691  2497770.0
    1477    0.000000        0.0
    1478  -90.412045  2169960.0
    1479    0.000000        0.0
    1480  -78.823486  2066630.0
    1481   -0.031608        0.0
    1482   -0.085997     2420.0
    1483   -0.001333        0.0
    1484  -14.545935   408180.0
    1485   -0.087035     2470.0
    1486   -3.188271    90880.0
    1487   -0.031441      900.0
    1488   -0.034073      980.0
    1489   -6.310024   176550.0
    1490   -1.879351    52530.0
    1491   -0.023365      670.0
    1492   -0.085222     2400.0
    1493   -0.135333     3780.0
    1494   -4.919785   137340.0
    1495   -0.045549     1280.0
    1496   -6.069101   168460.0
    1497   -0.032948      940.0
    1498   -0.034271      970.0
    1499   -0.000406        0.0
    1500   -6.481011   173850.0
    1501    0.000000        0.0
    1502   -2.743149    77630.0
    1503   -0.180115     5070.0
    1504  -10.520660   282770.0
    1505    0.000000        0.0
    1506   -6.425312   177530.0
    1507   -4.462740   124480.0
    1508   -5.873555   163390.0
    1509   -0.817976    21050.0
    1510  -30.986794   831960.0
    1511  -13.444892   373320.0
    1512    0.000000        0.0
    1513    0.000000        0.0
    1514   -1.421028    40700.0
    1515    0.000000        0.0
    1516   -0.076375     2160.0
    1517   -2.011281    57210.0
    1518   -0.085090     2400.0
    1519  -26.050708   731790.0
    1520  -10.699056   290800.0
    1521  -17.902799   469550.0
    1522   -0.038139     1060.0
    1523   -6.991688   193880.0
    1524   -0.005587       50.0
    1525    0.000000        0.0
    1526    0.000000        0.0
    1527  -23.490743   592920.0
    1528    0.000000        0.0
    1529  -11.850246   273840.0
    1530  -26.446809   658650.0
    1531  -18.404378   481760.0
    1532  -10.217292   279190.0
    1533   -0.050632     1400.0
    1534   -2.359243    65180.0
    1535   -0.076326     2040.0
    1536   -0.001181       30.0
    1537   -4.810715   135190.0
    1538   -0.059306     1680.0
    1539   -0.000226        0.0
    1540   -0.041372     1170.0
    1541   -0.033573      960.0
    1542   -0.034556      980.0
    1543   -2.230771    63630.0
    1544   -0.007101      190.0
    1545   -0.026441      710.0
    1546   -0.095972     2720.0
    1547   -0.205767     5680.0
    1548    0.000000        0.0
    1549   -2.677969    73100.0
    1550   -3.932875   110700.0
    1551   -9.696365   261170.0
    1552    0.000000        0.0
    1553   -0.000108        0.0
    1554    0.000000        0.0
    1555   -3.440549    96930.0
    1556   -2.974257    84080.0
    1557   -4.518500   127260.0
    1558    0.000000        0.0
    1559   -0.126264     3560.0
    1560   -3.178358    87940.0
    1561   -7.285934   198320.0
    1562   -0.012045        0.0
    1563   -0.582177    15750.0
    1564   -0.010319      280.0
    1565   -0.010896      280.0
    1566   -6.596712   180570.0
    1567   -7.502896   201870.0
    1568   -0.121562     3450.0
    1569   -4.259521   117720.0
    1570    0.000000        0.0
    1571   -4.719479   127940.0
    1572    0.000000        0.0
    1573    0.000000        0.0
    1574    0.000000        0.0
    1575   -3.311590    92930.0
    1576  -13.444361   355470.0
    1577   -0.001042       30.0
    1578    0.000000        0.0
    1579    0.000000        0.0
    1580  -10.147326   270570.0
    1581   -0.000069        0.0
    1582    0.000000        0.0
    1583   -0.000312        0.0
    1584  -18.148833   504090.0
    1585   -5.212733   142920.0
    1586   -3.459691    96970.0
    1587   -0.001052        0.0
    1588   -0.122167     2400.0
    1589   -0.018951      540.0
    1590   -8.295128   235950.0
    1591  -23.748465   654120.0
    1592   -2.091187    59090.0
    1593    0.000000        0.0
    1594    0.000000        0.0
    1595    0.000000        0.0
    1596    0.000000        0.0
    1597   -4.692694   128780.0
    1598    0.000000        0.0
    1599    0.000000        0.0
    1600   -2.314531    53980.0
    1601    0.000000        0.0
    1602  -28.876070   722900.0
    1603  -25.780149   647830.0
    1604   -4.375017   121610.0
    1605   -2.161795    61480.0
    1606   -0.010090      290.0
    1607   -0.038205     1090.0
    1608   -0.132014     3500.0
    1609   -0.027743      790.0
    1610   -0.014236      250.0
    1611   -0.347205     9440.0
    1612   -6.827101   188390.0
    1613   -4.847358   135130.0
    1614   -4.506017   126700.0
    1615    0.000000        0.0
    1616   -0.161097     4440.0
    1617   -0.228101     6320.0
    1618   -0.012444      200.0
    1619   -0.142931     4000.0
    1620    0.000000        0.0
    1621   -0.000146        0.0
    1622   -6.983979   193320.0
    1623   -7.396577   203180.0
    1624   -1.068726    29050.0
    1625    0.000000        0.0
    1626   -0.026059        0.0
    1627    0.000000        0.0
    1628  -11.856955   307450.0
    1629   -0.157156     4330.0
    1630   -0.090802     2320.0
    1631  -11.534229   306190.0
    1632    0.000000        0.0
    1633    0.000000        0.0
    1634    0.000000        0.0
    1635   -3.819892   102930.0
    1636   -3.187156    90400.0
    1637   -3.932014   110570.0
    1638   -0.020271      580.0
    1639    0.000000        0.0
    1640  -22.034555   569200.0
    1641   -0.002778       80.0
    1642   -0.015201      400.0
    1643  -34.476035   861490.0
    1644    0.000000        0.0
    1645   -0.112757     2370.0
    1646    0.000000        0.0
    1647   -0.602545    15960.0
    1648  -24.436202   622690.0
    1649   -0.002087       60.0
    1650    0.000000        0.0
    1651  -18.264871   468340.0
    1652   -0.012215      150.0
    1653   -5.612618   157040.0
    1654   -0.016288      450.0
    1655   -0.133403     3760.0
    1656   -0.041750     1190.0
    1657   -0.013802      390.0
    1658   -0.005635      160.0
    1659   -0.008083      230.0
    1660   -2.552167    72370.0
    1661   -2.549688    72270.0
    1662   -0.771590    22050.0
    1663   -1.747698    50000.0
    1664   -2.148851    60380.0
    1665    0.000000        0.0
    1666    0.000000        0.0
    1667    0.000000        0.0
    1668   -0.044958     1280.0
    1669   -4.681920   130690.0
    1670   -0.114264     3040.0
    1671   -0.000056        0.0
    1672    0.000000        0.0
    1673    0.000000        0.0
    1674    0.000000        0.0
    1675    0.000000        0.0
    1676   -0.900028    19640.0
    1677   -0.204743     5540.0
    1678   -0.127368     3340.0
    1679   -0.095222     2380.0
    1680   -0.905813    26010.0
    1681    0.000000        0.0
    1682    0.000000        0.0
    1683    0.000000        0.0
    1684    0.000000        0.0
    1685   -4.728920   131500.0
    1686    0.000000        0.0
    1687   -3.437712    93920.0
    1688   -1.158274    32420.0
    1689   -6.794521   187720.0
    1690   -2.589497    72280.0
    1691    0.000000        0.0
    1692   -6.768187   183150.0
    1693   -7.596267   206150.0
    1694   -0.846611    23960.0
    1695   -0.016833      470.0
    1696  -10.466736   278370.0
    1697   -0.103868     2830.0
    1698   -1.197660    28960.0
    1699  -13.827239   308980.0
    1700   -0.207576     5510.0
    1701   -0.010458      280.0
    1702   -0.004559      130.0
    1703   -0.000090        0.0
    1704   -0.000552        0.0
    1705    0.000000        0.0
    1706   -0.568861    15110.0
    1707    0.000000        0.0
    1708   -0.157483     4330.0
    1709   -0.000337        0.0
    1710   -0.188476     5160.0
    1711   -0.366972    10540.0
    1712  -10.658892   291000.0
    1713  -13.289087   348250.0
    1714   -0.001333        0.0
    1715  -15.038243   364480.0
    1716  -13.287691   352570.0
    1717  -17.661986   442380.0
    1718  -20.146843   526280.0
    1719    0.000000        0.0
    1720   -0.201667     5650.0
    1721  -10.351709   283920.0
    1722   -5.866455   164370.0
    1723   -2.729406    76610.0
    1724  -56.547848  1567280.0
    1725    0.000000        0.0
    1726    0.000000        0.0
    1727   -0.022146      440.0
    1728   -0.159861     4330.0
    1729   -0.037559      950.0
    1730   -0.040299     1140.0
    1731    0.000000        0.0
    1732   -0.011847      340.0
    1733   -3.637170   103000.0
    1734   -2.967712    84360.0
    1735   -0.044764     1280.0
    1736   -2.791267    78250.0
    1737   -8.028712   218690.0
    1738   -1.777684    49080.0
    1739    0.000000        0.0
    1740   -0.001042       30.0
    1741    0.000000        0.0
    1742   -0.002094       60.0
    1743   -0.056330     1600.0
    1744   -1.298802    36670.0
    1745    0.000000        0.0
    1746    0.000000        0.0
    1747   -0.021767      620.0
    1748   -0.038132     1080.0
    1749   -0.000042        0.0
    1750   -0.017538      500.0
    1751   -5.629542   153440.0
    1752    0.000000        0.0
    1753   -2.433222    68180.0
    1754   -3.521052    99000.0
    1755    0.000000        0.0
    1756   -0.030368      870.0
    1757    0.000000        0.0
    1758   -0.661806    19060.0
    1759   -0.049229     1400.0
    1760    0.000000        0.0
    1761   -4.910708   136500.0
    1762   -3.184549    88970.0
    1763   -3.447240    94890.0
    1764    0.000000        0.0
    1765   -0.009163      260.0
    1766   -0.010715      290.0
    1767    0.000000        0.0
    1768    0.000000        0.0
    1769   -0.001344        0.0
    1770    0.000000        0.0
    1771   -3.886250   108600.0
    1772   -3.764847   102830.0
    1773    0.000000        0.0
    1774    0.000000        0.0
    1775   -4.155587   114080.0
    1776   -0.413111    11300.0
    1777   -0.065115     1800.0
    1778   -0.385476    10500.0
    1779   -0.352656     9560.0
    1780  -17.072191   439590.0
    1781   -0.010000        0.0
    1782   -0.001167       30.0
    1783    0.000000        0.0
    1784  -11.488313   311090.0
    1785  -14.367896   383990.0
    1786   -9.885691   269010.0
    1787  -10.581365   282060.0
    1788  -16.192406   417380.0
    1789  -13.181628   347530.0
    1790  -12.496733   327670.0
    1791   -3.834194   107020.0
    1792   -2.497104    70310.0
    1793   -5.664705   152890.0
    1794   -5.630979   143280.0
    1795   -0.005903      170.0
    1796   -2.576601    72580.0
    1797    0.000000        0.0
    1798   -0.825722    23280.0
    1799   -0.003993       60.0
    1800   -0.109510     3080.0
    1801   -0.236899     6470.0
    1802   -0.002212        0.0
    1803   -0.104816     2970.0
    1804   -0.041590     1190.0
    1805   -0.094642     2490.0
    1806   -0.007424      210.0
    1807   -0.156986     4400.0
    1808   -7.719309   215680.0
    1809   -2.383056    67010.0
    1810   -7.777240   214580.0
    1811   -0.000062        0.0
    1812   -0.000042        0.0
    1813   -0.124899     3500.0
    1814  -19.400333   510430.0
    1815    0.000000        0.0
    1816    0.000000        0.0
    1817  -29.983503   821160.0
    1818   -0.013944      400.0
    1819   -0.232483     6150.0
    1820   -0.233792     4190.0
    1821   -8.888882   242400.0
    1822  -23.484344   585280.0
    1823   -7.087014   194900.0
    1824   -0.098101     2790.0
    1825    0.000000        0.0
    1826   -4.557017   126510.0
    1827   -5.119160   138110.0
    1828   -0.068083     1920.0
    1829   -7.157222   196990.0
    1830   -9.313170   255710.0
    1831  -11.325292   293440.0
    1832   -5.341795   138900.0
    1833   -0.000212        0.0
    1834  -15.163580   402990.0
    1835   -1.603167    45480.0
    1836   -3.739170    99000.0
    1837   -0.832194    23100.0
    1838   -2.122424    60490.0
    1839  -15.386847   393010.0
    1840   -0.000010        0.0
    1841   -0.000802        0.0
    1842    0.000000        0.0
    1843   -0.013944      400.0
    1844   -0.002785       80.0
    1845   -5.238764   146640.0
    1846   -0.024038      690.0
    1847   -4.638146   130040.0
    1848   -2.728285    77490.0
    1849    0.000000        0.0
    1850   -3.499059    99000.0
    1851   -0.012201      350.0
    1852   -8.017510   218280.0
    1853   -0.022653      650.0
    1854   -0.003125       90.0
    1855  -23.803483   616340.0
    1856  -24.020590   621820.0
    1857    0.000000        0.0
    1858    0.000000        0.0
    1859   -0.027701      790.0
    1860   -8.675330   237050.0
    1861   -0.000274        0.0
    1862   -6.345167   176370.0
    1863    0.000000        0.0
    1864    0.000000        0.0
    1865   -4.458215   124180.0
    1866   -2.885514    78840.0
    1867   -0.102625     2880.0
    1868   -0.058281     1640.0
    1869   -0.196021     3920.0
    1870  -10.214677   291270.0
    1871   -0.014042      390.0
    1872   -0.091177     2570.0
    1873    0.000000        0.0
    1874   -0.006101      170.0
    1875    0.000000        0.0
    1876   -3.812788   106600.0
    1877    0.000000        0.0
    1878    0.000000        0.0
    1879   -0.017069      490.0
    1880   -0.039486     1130.0
    1881   -0.013597      390.0
    1882   -0.019556      560.0
    1883   -0.001389       40.0
    1884   -0.009722      280.0
    1885   -0.001448       40.0
    1886   -7.152389   202260.0
    1887   -0.326753     8690.0
    1888  -17.169739   450110.0
    1889  -19.350184   507800.0
    1890   -0.581201    15710.0
    1891    0.000000        0.0
    1892   -9.218476   252320.0
    1893   -1.596236    45360.0
    1894   -0.033896      960.0
    1895    0.000000        0.0
    1896    0.000000        0.0
    1897    0.000000        0.0
    1898  -17.944243   459560.0
    1899   -0.087764     2480.0
    1900   -8.916646   250050.0
    1901   -0.030639      560.0
    1902  -36.923080   965130.0
    1903    0.000000        0.0
    1904  -13.380885   359890.0
    1905    0.000000        0.0
    1906  -20.343882   529830.0
    1907  -12.407142   344240.0
    1908   -0.711986    11220.0
    1909    0.000000        0.0
    1910   -3.918854   108700.0
    1911    0.000000        0.0
    1912    0.000000        0.0
    1913   -0.035667     1020.0
    1914   -0.196854     5520.0
    1915    0.000000        0.0
    1916   -0.816444    22080.0
    1917   -8.631160   229340.0
    1918   -0.033792      660.0
    1919    0.000000        0.0
    1920    0.000000        0.0
    1921   -0.000365        0.0
    1922   -2.137045    60140.0
    1923   -0.074431     2110.0
    1924   -0.133708     3770.0
    1925    0.000000        0.0
    1926    0.000000        0.0
    1927  -20.134628   517920.0
    1928  -17.544816   455840.0
    1929  -18.346937   477520.0
    1930   -0.038295      930.0
    1931   -4.473438   125520.0
    1932   -0.300219     8290.0
    1933   -0.000128        0.0
    1934   -0.391517    10750.0
    1935   -1.345076    33390.0
    1936   -9.727278   257860.0
    1937   -0.044785     1270.0
    1938   -0.011965      280.0
    1939   -0.028142      790.0
    1940   -0.009771      250.0
    1941   -0.012326      250.0
    1942   -0.002104       60.0
    1943    0.000000        0.0
    1944  -10.657180   283850.0
    1945    0.000000        0.0
    1946   -6.744125   185240.0
    1947    0.000000        0.0
    1948    0.000000        0.0
    1949   -3.155528    88090.0
    1950    0.000000        0.0
    1951   -0.020653      590.0
    1952   -0.504399    14430.0
    1953   -0.010125      290.0
    1954   -2.589590    73910.0
    1955  -50.541472  1312650.0
    1956   -6.402882   177290.0
    1957   -0.058639     1660.0
    1958   -0.101087     2850.0
    1959    0.000000        0.0
    1960    0.000000        0.0
    1961    0.000000        0.0
    1962    0.000000        0.0
    1963    0.000000        0.0
    1964   -0.062479     1760.0
    1965  -17.355906   444740.0
    1966  -15.658944   410110.0
    1967   -0.002517       60.0
    1968  -30.031781   812970.0
    1969   -0.002094       60.0
    1970  -11.796437   322630.0
    1971   -0.036149     1030.0
    1972   -0.003125       90.0
    1973   -4.489104   125270.0
    1974   -3.326302    93650.0
    1975    0.000000        0.0
    1976    0.000000        0.0
    1977   -0.006444        0.0
    1978   -7.312986   189650.0
    1979    0.000000        0.0
    1980   -0.000896        0.0
    1981    0.000000        0.0
    1982    0.000000        0.0
    1983   -7.119691   194850.0
    1984   -0.047028     1270.0
    1985    0.000000        0.0
    1986   -3.298174    90570.0
    1987  -11.426799   240180.0
    1988   -0.060208     1680.0
    1989    0.000000        0.0
    1990  -15.680319   405960.0
    1991    0.000000        0.0
    1992    0.000000        0.0
    1993    0.000000        0.0
    1994    0.000000        0.0
    1995   -0.048885     1140.0
    1996   -2.488476    69860.0
    1997   -0.007076      180.0
    1998   -3.311135    93350.0
    1999  -14.988542   394470.0
    2000   -8.699809   238540.0
    2001   -0.153316     4260.0
    2002    0.000000        0.0
    2003   -0.001135        0.0
    2004   -8.043681   216330.0
    2005    0.000000        0.0
    2006   -6.783403   189820.0
    2007   -8.014653   226120.0
    2008   -6.101326   173960.0
    2009   -0.008969      250.0
    2010  -20.375406   549550.0
    2011   -5.139424   140340.0
    2012  -11.850229   308050.0
    2013   -0.023191        0.0
    2014   -0.009073      260.0
    2015   -0.035167     1000.0
    2016   -0.056604     1610.0
    2017   -0.061521     1740.0
    2018   -0.045535     1300.0
    2019    0.000000        0.0
    2020    0.000000        0.0
    2021   -0.010069      290.0
    2022   -0.058233     1650.0
    2023   -5.858760   161140.0
    2024   -0.028233      790.0
    2025   -0.002333       60.0
    2026   -0.024278       20.0
    2027   -0.006705        0.0
    2028   -0.423646    11710.0
    2029   -6.508087   177210.0
    2030    0.000000        0.0
    2031   -0.124774     3500.0
    2032   -0.100549     2830.0
    2033   -0.186503     5160.0
    2034    0.000000        0.0
    2035    0.000000        0.0
    2036  -20.012527   528050.0
    2037    0.000000        0.0
    2038   -0.000042        0.0
    2039   -0.083733     2350.0
    2040  -20.485004   527250.0
    2041   -0.059604     1680.0
    2042    0.000000        0.0
    2043    0.000000        0.0
    2044    0.000000        0.0
    2045    0.000000        0.0
    2046   -0.081451     2300.0
    2047   -5.429566   151050.0
    2048   -0.901656    24510.0
    2049   -0.145677     4110.0
    2050   -0.003837      110.0
    2051   -0.013944      400.0
    2052   -0.024500      700.0
    2053   -0.001736       50.0
    2054   -2.995625    83300.0
    2055    0.000000        0.0
    2056    0.000000        0.0
    2057   -5.319771   148810.0
    2058   -0.034747     1000.0
    2059   -5.545542   153060.0
    2060    0.000000        0.0
    2061    0.000000        0.0
    2062   -4.571601   126590.0
    2063   -3.762413   104320.0
    2064   -4.793323   134010.0
    2065   -3.800715   106160.0
    2066   -0.016972      440.0
    2067  -18.482264   479860.0
    2068  -19.345309   494390.0
    2069   -0.077868     2160.0
    2070   -7.638670   209690.0
    2071   -4.576820   126890.0
    2072   -0.113010     3160.0
    2073   -7.161875   197740.0
    2074    0.000000        0.0
    2075   -4.445733   125180.0
    2076    0.000000        0.0
    2077    0.000000        0.0
    2078   -0.090976     2580.0
    2079    0.000000        0.0
    2080   -0.005903      170.0
    2081   -0.127108     3600.0
    2082   -0.823722    23660.0
    2083    0.000000        0.0
    2084    0.000000        0.0
    2085    0.000000        0.0
    2086   -0.090788     2580.0
    2087   -0.006021      170.0
    2088   -6.316826   171380.0
    2089   -0.013319      380.0
    2090   -2.038972    57920.0
    2091   -3.525014    99610.0
    2092   -0.007712      220.0
    2093    0.000000        0.0
    2094   -3.652556   103120.0
    2095   -0.002139       60.0
    2096   -0.090243     2520.0
    2097   -0.011819      340.0
    2098    0.000000        0.0
    2099  -14.279038   381180.0
    2100  -14.632562   388260.0
    2101   -0.273000     5150.0
    2102    0.000000        0.0
    2103    0.000000        0.0
    2104   -1.860684    52040.0
    2105   -0.111892     3150.0
    2106    0.000000        0.0
    2107   -0.010170      290.0
    2108   -0.004514      130.0
    2109    0.000000        0.0
    2110   -0.000066        0.0
    2111   -3.208215    90810.0
    2112   -0.001583       40.0
    2113   -0.125049     3280.0
    2114   -1.564858    44610.0
    2115   -0.070486     2000.0
    2116   -0.096188     2720.0
    2117   -0.019132      550.0
    2118   -0.748590    20020.0
    2119   -4.479639   123860.0
    2120   -1.200316    30250.0
    2121   -1.465219    38620.0
    2122   -0.056424     1600.0
    2123   -0.038753     1100.0
    2124   -2.227344    62430.0
    2125   -2.715924    76710.0
    2126   -0.009868      220.0
    2127   -0.008983      250.0
    2128   -0.003073       60.0
    2129   -9.849180   264320.0
    2130    0.000000        0.0
    2131   -2.021163    57480.0
    2132   -0.019427      550.0
    2133   -5.260670   147410.0
    2134   -0.086132     2460.0
    2135   -0.023042      660.0
    2136   -0.025396      710.0
    2137   -0.191694       40.0
    2138   -7.960135   216270.0
    2139   -0.024500      700.0
    2140  -11.679028   334220.0
    2141    0.000000        0.0
    2142   -3.829097   106560.0
    2143    0.000000        0.0
    2144    0.000000        0.0
    2145    0.000000        0.0
    2146    0.000000        0.0
    2147    0.000000        0.0
    2148    0.000000        0.0
    2149    0.000000        0.0
    2150   -0.062323     1770.0
    2151    0.000000        0.0
    2152    0.000000        0.0
    2153   -0.024500      700.0
    2154   -0.003125       90.0
    2155    0.000000        0.0
    2156    0.000000        0.0
    2157    0.000000        0.0
    2158  -10.183111   278560.0
    2159   -0.041479     1130.0
    2160   -0.359767     9800.0
    2161   -0.388288    10540.0
    2162    0.000000        0.0
    2163    0.000000        0.0
    2164   -8.988302   245820.0
    2165   -7.928427   215980.0
    2166   -0.000014        0.0
    2167   -0.051708     1410.0
    2168   -3.726465   105510.0
    2169   -3.595083   100800.0
    2170   -0.001042       30.0
    2171   -9.119826   247800.0
    2172  -14.152566   374010.0
    2173  -13.589215   358700.0
    2174  -15.560833   407870.0
    2175  -12.001101   317760.0
    2176   -0.000007        0.0
    2177   -0.068774     1800.0
    2178    0.000000        0.0
    2179    0.000000        0.0
    2180   -0.138663     3930.0
    2181    0.000000        0.0
    2182    0.000000        0.0
    2183    0.000000        0.0
    2184    0.000000        0.0
    2185   -4.262014   118500.0
    2186   -7.672451   186290.0
    2187   -9.922111   271580.0
    2188  -14.176906   344200.0
    2189   -0.008948      250.0
    2190   -0.042531        0.0
    2191   -0.092486     1310.0
    2192  -11.102503   297260.0
    2193   -0.108351     2900.0
    2194   -0.029073      790.0
    2195  -20.115907   522040.0