 episode  sum_reward  tardiness
       1  -11.897875   302330.0
       2  -65.102868  1704290.0
       3  -12.795139   332430.0
       4  -57.954809  1494390.0
       5 -119.540050  3241640.0
       6  -11.416844   306720.0
       7   -9.959160   261230.0
       8  -32.673879   877380.0
       9  -72.050844  1902280.0
      10  -58.706555  1604340.0
      11  -38.409167  1040880.0
      12  -30.280435   794290.0
      13  -37.207083  1008440.0
      14  -24.131459   642000.0
      15  -54.869112  1462100.0
      16   -8.781767   228670.0
      17  -10.399354   272860.0
      18   -5.360903   148640.0
      19  -11.575944   287310.0
      20  -30.290629   781370.0
      21   -9.546486   259170.0
      22  -48.058642  1301470.0
      23  -23.397343   639260.0
      24  -97.173016  2642460.0
      25  -51.506108  1399190.0
      26  -13.767129   370030.0
      27  -29.464121   786850.0
      28  -46.456129  1209650.0
      29  -11.378159   317180.0
      30  -24.689719   662820.0
      31   -8.991246   236510.0
      32  -28.533882   723300.0
      33   -5.172674   143950.0
      34   -6.453306   178970.0
      35  -28.157274   723360.0
      36   -9.084361   222200.0
      37 -117.276195  3190540.0
      38  -37.853729   975300.0
      39  -26.389414   707200.0
      40  -30.340955   757700.0
      41  -46.585997  1250300.0
      42  -35.360976   934340.0
      43  -30.456573   778070.0
      44  -32.013427   843960.0
      45  -45.906420  1251660.0
      46  -38.418140  1004560.0
      47  -10.299542   270540.0
      48  -44.181187  1219840.0
      49  -29.039452   745570.0
      50  -56.631223  1514000.0
      51 -101.971430  2743190.0
      52  -40.090556  1066740.0
      53   -9.916167   253280.0
      54   -8.607791   239350.0
      55   -9.788559   268840.0
      56  -38.243626  1003010.0
      57  -15.208597   416640.0
      58  -41.812760  1130440.0
      59   -8.275750   223620.0
      60  -87.526068  2355680.0
      61  -51.424062  1426040.0
      62 -107.411886  2911970.0
      63  -15.662618   414510.0
      64  -54.645343  1447860.0
      65  -11.382427   300560.0
      66  -35.755546   973200.0
      67  -20.147167   531130.0
      68  -31.985305   876480.0
      69  -37.529889  1018040.0
      70   -9.237090   249730.0
      71  -33.322493   865410.0
      72  -56.395716  1529910.0
      73   -5.102208   141180.0
      74   -9.960038   258060.0
      75  -11.067886   285870.0
      76  -11.064927   267640.0
      77  -33.982761   918470.0
      78   -7.451160   195130.0
      79  -32.082903   832220.0
      80  -94.316197  2563030.0
      81  -20.075580   519950.0
      82  -15.726635   442630.0
      83  -12.159437   341720.0
      84   -5.141938   143150.0
      85 -103.450524  2788270.0
      86   -4.872340   135840.0
      87  -98.211485  2637970.0
      88  -98.098199  2658050.0
      89  -10.276021   275820.0
      90   -9.655812   257380.0
      91   -7.660719   215190.0
      92  -25.417761   695570.0
      93  -55.417910  1505240.0
      94   -5.067073   141090.0
      95  -27.338358   730140.0
      96  -20.206819   548380.0
      97  -39.988608  1024720.0
      98  -45.588946  1263620.0
      99   -4.410660   122700.0
     100  -40.887917  1108290.0
     101  -23.905219   652980.0
     102   -7.936247   215030.0
     103   -5.426767   147620.0
     104 -108.249863  2949950.0
     105  -11.731628   292400.0
     106  -54.529048  1467880.0
     107  -21.977347   599540.0
     108  -31.094035   825750.0
     109  -43.218979  1183280.0
     110   -6.576531   167580.0
     111  -74.264646  2030070.0
     112   -8.145486   214820.0
     113  -55.923226  1506760.0
     114  -43.354396  1196860.0
     115  -13.431809   353500.0
     116  -64.538827  1722700.0
     117  -68.332819  1875500.0
     118  -49.565535  1373620.0
     119  -55.376726  1535150.0
     120  -50.285438  1366420.0
     121  -16.115868   435260.0
     122  -28.431771   768570.0
     123  -34.946028   883170.0
     124  -91.986835  2543190.0
     125  -13.842323   386490.0
     126   -9.932274   263100.0
     127   -7.339545   200680.0
     128  -32.924527   844020.0
     129  -28.141607   770310.0
     130  -11.239715   292650.0
     131 -134.305391  3651660.0
     132   -5.117330   142320.0
     133  -96.468338  2603040.0
     134  -34.792288   945260.0
     135  -58.127691  1573010.0
     136  -60.442362  1657190.0
     137   -8.368129   232580.0
     138  -27.085184   733730.0
     139  -15.619896   426870.0
     140  -38.212208  1044860.0
     141  -33.587351   872730.0
     142  -31.702198   861760.0
     143  -12.445191   339670.0
     144  -34.680792   878850.0
     145  -55.993486  1499040.0
     146  -36.509826   991810.0
     147  -27.195608   745260.0
     148  -10.287417   276030.0
     149  -22.483010   597960.0
     150   -9.534340   256500.0
     151  -73.337298  1968660.0
     152  -16.604309   443770.0
     153  -17.271208   461180.0
     154  -58.888744  1577310.0
     155  -11.784601   314460.0
     156  -14.759416   399010.0
     157  -13.579910   366100.0
     158  -67.011768  1786550.0
     159  -74.126157  1957380.0
     160  -65.447386  1783410.0
     161  -38.517139  1031890.0
     162  -34.300187   926110.0
     163  -16.269931   407830.0
     164  -11.187903   297190.0
     165  -34.175333   860640.0
     166  -47.123852  1220730.0
     167  -36.100331   991370.0
     168  -13.990121   378550.0
     169  -33.151462   887550.0
     170  -11.140497   302290.0
     171  -49.221061  1320810.0
     172  -12.013115   312550.0
     173  -29.137785   786070.0
     174  -10.200326   276510.0
     175  -31.163433   811650.0
     176  -19.667434   520200.0
     177  -23.262136   594600.0
     178  -53.240844  1384970.0
     179  -11.936212   293070.0
     180   -4.898118   136040.0
     181  -14.581007   375450.0
     182 -111.499912  3060790.0
     183  -13.358066   351130.0
     184  -33.441528   877390.0
     185  -13.155573   348350.0
     186  -25.316691   697330.0
     187  -75.671452  2052140.0
     188  -36.150580   960320.0
     189  -11.135018   304160.0
     190  -10.503163   277330.0
     191   -9.258424   254380.0
     192  -26.596032   717890.0
     193  -87.979744  2416720.0
     194  -40.165986  1104850.0
     195  -10.163226   274950.0
     196  -92.077538  2498040.0
     197   -7.906243   207370.0
     198  -24.430347   658510.0
     199  -47.242254  1241620.0
     200   -7.553882   205170.0
     201  -78.409566  2154570.0
     202  -31.654081   856630.0
     203  -31.301615   875290.0
     204  -43.353118  1222200.0
     205  -12.547910   317260.0
     206  -32.106160   871510.0
     207  -36.575246   996570.0
     208   -4.749757   131860.0
     209   -4.617840   128720.0
     210  -42.556295  1142340.0
     211  -88.147518  2399440.0
     212  -34.314438   946330.0
     213  -83.374351  2271650.0
     214  -33.288639   887090.0
     215   -5.208014   140510.0
     216  -21.527907   582260.0
     217  -48.141577  1276870.0
     218  -20.199226   560630.0
     219  -34.967923   941070.0
     220   -7.097437   190050.0
     221  -16.067163   411820.0
     222  -57.844059  1570040.0
     223   -5.269399   146140.0
     224  -22.129480   597760.0
     225 -189.795478  5121560.0
     226  -20.136278   554960.0
     227  -32.167803   860550.0
     228   -5.753979   158540.0
     229   -9.506646   259500.0
     230  -13.495909   370130.0
     231  -97.351166  2647370.0
     232  -10.705104   267290.0
     233  -44.041493  1216180.0
     234  -42.261184  1146780.0
     235   -2.139809    58800.0
     236   -1.182222    32020.0
     237   -1.298122    27700.0
     238   -1.856646    46710.0
     239   -4.017778   101670.0
     240   -2.476802    65650.0
     241   -0.472476     8480.0
     242   -0.942337    16730.0
     243   -5.695434   158200.0
     244   -2.578024    71060.0
     245   -1.537465    42400.0
     246   -0.144962     3380.0
     247    0.000000        0.0
     248   -1.686257    47450.0
     249   -0.212625     1600.0
     250   -0.354528     5080.0
     251   -2.695576    76540.0
     252   -0.376944     6300.0
     253  -21.715993   616690.0
     254   -0.215934     1600.0
     255   -0.014528      410.0
     256   -0.000708       20.0
     257   -0.081628     2310.0
     258   -1.289816    33820.0
     259  -92.490261  2491150.0
     260    0.000000        0.0
     261   -0.757510    19540.0
     262  -10.193476   264470.0
     263   -1.768549    44620.0
     264   -1.498354    42060.0
     265   -0.578646    15160.0
     266  -16.695445   463400.0
     267  -13.242340   337140.0
     268   -0.217882     4250.0
     269   -3.657944    93620.0
     270   -3.669191   102770.0
     271   -0.657743    17360.0
     272   -0.084997     2420.0
     273   -1.359003    36440.0
     274   -0.111038     3170.0
     275   -6.854403   180870.0
     276  -16.564521   418680.0
     277  -12.666004   335770.0
     278  -74.580025  2084770.0
     279   -0.715726    10990.0
     280   -2.275674    57880.0
     281  -45.024856  1296030.0
     282   -8.278816   229180.0
     283   -0.755441    20260.0
     284   -0.029938        0.0
     285   -0.442052    10860.0
     286   -0.245844     2270.0
     287  -12.992639   346930.0
     288   -0.187302     2420.0
     289   -7.935042   222690.0
     290  -11.091962   315000.0
     291   -0.223337     2580.0
     292   -0.218024     1480.0
     293  -16.934156   427810.0
     294  -32.852914   926420.0
     295  -73.972699  2067700.0
     296   -0.337160     5340.0
     297   -5.615056   159130.0
     298   -4.789826   131340.0
     299    0.000000        0.0
     300   -5.196452   133550.0
     301   -1.046733    27650.0
     302   -2.132312    56530.0
     303   -0.158646     2360.0
     304   -2.230806    63200.0
     305   -0.027913      800.0
     306   -1.263260    35280.0
     307  -41.618135  1163960.0
     308   -0.027938      800.0
     309   -2.635104    68480.0
     310   -0.179094      620.0
     311   -0.870524    21600.0
     312   -0.032212      920.0
     313  -11.855333   314790.0
     314   -0.623569    15130.0
     315   -0.606642    16420.0
     316   -5.047319   136910.0
     317    0.000000        0.0
     318  -94.703258  2523920.0
     319  -12.896958   349840.0
     320   -0.005628      150.0
     321   -0.085510     2420.0
     322  -22.502271   599940.0
     323   -2.096906    59400.0
     324   -0.032045        0.0
     325  -58.808850  1657620.0
     326   -0.142490     3210.0
     327   -0.075753     2140.0
     328   -0.001788       50.0
     329   -3.598090   101020.0
     330   -9.683111   264170.0
     331   -0.047573      110.0
     332  -27.872088   793740.0
     333   -2.624486    70680.0
     334  -12.276705   329930.0
     335 -112.020839  3078430.0
     336  -27.610928   738010.0
     337  -21.518878   598590.0
     338   -0.520188    13580.0
     339 -116.350005  3168770.0
     340   -8.153538   220250.0
     341  -36.417692   994540.0
     342   -2.663945    73330.0
     343   -3.686549   103550.0
     344   -0.364583     9540.0
     345    0.000000        0.0
     346   -2.174587    61600.0
     347   -0.000017        0.0
     348   -0.423844     6650.0
     349   -5.290701   143530.0
     350   -3.455389    95380.0
     351   -1.379035    37440.0
     352   -0.028997      760.0
     353  -27.119459   755240.0
     354   -0.053639     1450.0
     355   -4.361320   117810.0
     356    0.000000        0.0
     357  -27.149066   733190.0
     358   -0.055132     1490.0
     359   -5.092559   136110.0
     360   -0.030368      870.0
     361   -0.000028        0.0
     362   -0.609309     7560.0
     363   -0.926118    24420.0
     364  -73.103720  1995310.0
     365  -17.658381   507520.0
     366   -0.166889     1600.0
     367   -0.085267     2420.0
     368   -1.212337    20790.0
     369  -78.928534  2183780.0
     370  -24.186590   668480.0
     371   -0.743917    16000.0
     372  -29.665254   785450.0
     373  -50.383058  1450030.0
     374   -0.518892    14630.0
     375   -0.086000     2420.0
     376   -0.027913      800.0
     377    0.000000        0.0
     378   -0.486240    12220.0
     379   -0.316823     5260.0
     380   -0.180312      660.0
     381  -44.938354  1240940.0
     382   -0.038125     1090.0
     383   -1.804997    51070.0
     384   -0.562497    14570.0
     385   -0.000083        0.0
     386   -5.294462   147040.0
     387  -21.624865   601580.0
     388  -12.857830   336370.0
     389   -3.624212    92830.0
     390   -0.479757    11950.0
     391   -3.229694    82890.0
     392    0.000000        0.0
     393   -0.028972      830.0
     394    0.000000        0.0
     395   -2.361833    62070.0
     396  -23.082178   649630.0
     397   -1.561455    39000.0
     398   -4.588733   128070.0
     399  -38.711933  1080600.0
     400   -9.367413   258190.0
     401 -104.925739  2930970.0
     402   -2.460167    67860.0
     403   -0.028420      800.0
     404  -24.573854   684400.0
     405    0.000000        0.0
     406   -4.551132   122750.0
     407   -0.081441     1950.0
     408  -82.244274  2242440.0
     409   -0.074458        0.0
     410   -0.417233     7510.0
     411  -16.928483   482490.0
     412   -3.207938    89970.0
     413   -1.876896    53220.0
     414   -1.512934    40150.0
     415   -0.061642      110.0
     416    0.000000        0.0
     417   -0.044913     1280.0
     418  -96.200371  2711630.0
     419   -2.420594    62840.0
     420 -123.302899  3354360.0
     421   -0.000382        0.0
     422   -0.085465     2420.0
     423   -4.302670   116830.0
     424  -12.585855   347440.0
     425   -4.037542   109570.0
     426  -11.921361   323640.0
     427   -0.176750     4630.0
     428   -0.084997     2420.0
     429 -119.866487  3265570.0
     430   -0.028017      800.0
     431   -4.571188   127600.0
     432  -31.407525   862660.0
     433   -2.125337    58110.0
     434    0.000000        0.0
     435    0.000000        0.0
     436    0.000000        0.0
     437   -1.366201    37180.0
     438  -25.276195   699950.0
     439   -2.222177    59110.0
     440   -3.502611    91890.0
     441   -5.468840   152810.0
     442   -0.043684     1250.0
     443   -2.099719    59630.0
     444  -41.238546  1160980.0
     445  -11.490459   316680.0
     446   -0.069226     1940.0
     447   -1.831389    52020.0
     448   -0.085983     2420.0
     449    0.000000        0.0
     450    0.000000        0.0
     451   -2.876486    80990.0
     452   -0.058142        0.0
     453   -0.875510    22310.0
     454   -1.122705    31350.0
     455  -34.075601   922050.0
     456   -0.000132        0.0
     457    0.000000        0.0
     458   -0.091941     2620.0
     459   -0.063194     1800.0
     460  -15.720806   407190.0
     461   -9.399215   250970.0
     462   -2.670288    73180.0
     463   -8.279590   229390.0
     464   -2.098118    54210.0
     465   -0.024882      580.0
     466   -0.810566    19820.0
     467   -2.335583    63150.0
     468   -2.209538    59960.0
     469  -38.036399  1004380.0
     470    0.000000        0.0
     471  -36.264484   951820.0
     472   -1.208649    34190.0
     473  -47.796200  1375620.0
     474    0.000000        0.0
     475   -0.595764    15760.0
     476  -39.468152  1113970.0
     477   -0.028618      800.0
     478   -0.057965     1630.0
     479   -8.538399   240180.0
     480   -4.470504   125570.0
     481   -0.051260        0.0
     482   -2.112972    46410.0
     483   -2.091708    56700.0
     484    0.000000        0.0
     485   -0.155674     4270.0
     486  -17.134243   466060.0
     487   -9.115486   246220.0
     488  -10.487493   286670.0
     489   -5.223917   146160.0
     490   -0.024226      690.0
     491    0.000000        0.0
     492  -17.957146   499920.0
     493  -23.985114   656250.0
     494   -1.416399    38300.0
     495   -0.013677      390.0
     496   -1.311993    37100.0
     497   -1.062726    30050.0
     498  -27.193024   730010.0
     499   -6.879896   179420.0
     500   -3.280438    86760.0
     501   -7.862031   217870.0
     502   -0.238694     2420.0
     503  -18.997157   509070.0
     504    0.000000        0.0
     505   -0.085611     2420.0
     506    0.000000        0.0
     507   -0.224806     2590.0
     508    0.000000        0.0
     509   -0.188552      880.0
     510  -16.026025   454650.0
     511   -2.389135    63560.0
     512   -0.182198      620.0
     513   -2.238917    62410.0
     514   -5.715573   149710.0
     515   -0.227174     1820.0
     516   -1.557694    38760.0
     517   -0.634174    12880.0
     518   -5.862872   158930.0
     519   -1.396819    39570.0
     520   -1.397778    37760.0
     521  -31.941243   852310.0
     522   -0.115146     2420.0
     523   -2.969913    77520.0
     524   -0.060642     1740.0
     525  -14.729854   389130.0
     526   -0.028080      800.0
     527   -2.105368    55440.0
     528   -2.242319    62400.0
     529  -30.330156   803590.0
     530   -0.599080    10560.0
     531   -0.767556    21160.0
     532   -3.675059    98520.0
     533   -8.725625   241790.0
     534   -7.023889   199510.0
     535  -29.697857   791710.0
     536  -12.708687   365510.0
     537 -136.810071  3823670.0
     538    0.000000        0.0
     539    0.000000        0.0
     540   -3.985549   112390.0
     541  -30.884066   847930.0
     542   -1.979872    52480.0
     543   -0.031403      890.0
     544   -2.936563    73560.0
     545   -1.304444    37000.0
     546   -6.940497   190380.0
     547    0.000000        0.0
     548   -2.215896    62960.0
     549    0.000000        0.0
     550   -2.863983    78050.0
     551   -0.231663     2580.0
     552   -0.341743     5120.0
     553   -4.211573   118080.0
     554   -9.071754   248700.0
     555   -0.331132     4950.0
     556  -15.824479   443370.0
     557   -1.997455    55320.0
     558   -2.166969    58790.0
     559   -0.021184      520.0
     560  -24.957268   669850.0
     561   -5.025882   135750.0
     562   -1.111882    22720.0
     563   -4.352222   118360.0
     564  -34.274327   944710.0
     565    0.000000        0.0
     566   -6.199063   172280.0
     567   -2.458955    69860.0
     568   -4.712195   126880.0
     569   -0.334097     6180.0
     570   -9.126924   246180.0
     571   -0.027913      800.0
     572   -0.000347       10.0
     573  -25.479684   690520.0
     574   -4.874104   131710.0
     575   -0.235076     1970.0
     576  -12.285629   329730.0
     577   -7.562920   208160.0
     578  -14.955611   391010.0
     579   -0.443663     9470.0
     580  -24.763364   685840.0
     581   -0.027913      800.0
     582  -12.275431   332880.0
     583   -0.028976      830.0
     584   -9.122757   246230.0
     585   -0.055969     1600.0
     586   -4.039299   107310.0
     587   -0.111705     2510.0
     588  -22.011198   619760.0
     589  -42.251066  1143370.0
     590  -23.088236   606840.0
     591    0.000000        0.0
     592  -53.815112  1421590.0
     593  -47.737455  1353390.0
     594   -3.367875    86300.0
     595   -0.340653     3700.0
     596   -0.084997     2420.0
     597    0.000000        0.0
     598   -3.591556   100540.0
     599   -2.037885    57700.0
     600   -3.709358   103150.0
     601   -0.453538     3980.0
     602   -0.005962      170.0
     603   -0.041226     1180.0
     604   -0.210115     1260.0
     605    0.000000        0.0
     606   -0.210507     1260.0
     607   -0.937309    25710.0
     608   -0.113444     3030.0
     609   -0.367524     9120.0
     610   -4.277226   120160.0
     611   -0.084997     2420.0
     612   -0.084997     2420.0
     613   -8.934038   241700.0
     614   -5.419997   150790.0
     615   -2.157899    61220.0
     616   -0.182000      620.0
     617  -14.899892   417100.0
     618   -0.027913      800.0
     619   -3.246094    85500.0
     620   -0.000007        0.0
     621  -34.324421   945040.0
     622  -24.079646   671870.0
     623    0.000000        0.0
     624   -3.256233    87450.0
     625   -0.036944      830.0
     626   -4.379497   120540.0
     627   -2.727354    70420.0
     628   -0.995247    23320.0
     629   -3.471201    95860.0
     630   -2.400642    68060.0
     631   -3.717014   104330.0
     632   -5.470201   152160.0
     633   -3.953889   107060.0
     634   -0.508861     7550.0
     635   -2.151781    60990.0
     636    0.000000        0.0
     637  -44.433586  1243070.0
     638   -0.244767     3750.0
     639   -5.644288   152310.0
     640   -2.258194    61410.0
     641   -8.434913   233810.0
     642   -0.203278     2530.0
     643   -2.788528    74570.0
     644   -4.105392   111480.0
     645    0.000000        0.0
     646    0.000000        0.0
     647   -3.315271    90790.0
     648   -0.340535     6950.0
     649    0.000000        0.0
     650  -31.530834   837990.0
     651   -5.204111   131630.0
     652   -0.386250     6340.0
     653   -1.662431    46050.0
     654   -3.178423    85120.0
     655   -2.128948    60310.0
     656   -2.523941    68360.0
     657   -6.898611   180010.0
     658   -3.757899   106550.0
     659    0.000000        0.0
     660   -0.027969      800.0
     661   -3.516747    98240.0
     662  -32.719486   848030.0
     663    0.000000        0.0
     664   -7.020934   186230.0
     665   -0.034309      980.0
     666   -0.110014     2780.0
     667   -1.738351    47840.0
     668   -0.044990     1050.0
     669   -0.095507     2690.0
     670   -3.973549   110470.0
     671  -10.226743   269740.0
     672   -6.319965   175310.0
     673   -0.495917     9370.0
     674   -0.306351     8460.0
     675   -0.088135     2470.0
     676   -0.088462     2510.0
     677   -3.777191   103520.0
     678   -1.613444    44840.0
     679   -0.287847     7980.0
     680   -1.653021    41190.0
     681  -11.125958   315640.0
     682   -0.052986     1230.0
     683  -53.056903  1430690.0
     684    0.000000        0.0
     685   -0.161372     4630.0
     686   -0.085042     2420.0
     687  -44.791920  1202320.0
     688   -3.276236    86670.0
     689   -1.680778    47650.0
     690   -0.085170     2420.0
     691   -5.099528   141110.0
     692   -0.235990     2420.0
     693   -2.350896    66720.0
     694   -0.086198     2420.0
     695   -0.033469      960.0
     696   -0.088413     2490.0
     697   -0.223253     2580.0
     698   -2.306243    59250.0
     699  -18.781188   533450.0
     700   -1.679917    47730.0
     701   -0.290847     2520.0
     702  -31.426642   863580.0
     703    0.000000        0.0
     704   -0.031955      910.0
     705   -4.795007   135090.0
     706    0.000000        0.0
     707  -42.005042  1134710.0
     708   -3.602233    97410.0
     709   -2.303201    60390.0
     710   -1.213580    34460.0
     711    0.000000        0.0
     712   -7.567906   212300.0
     713   -1.831358    51720.0
     714    0.000000        0.0
     715   -0.045333     1280.0
     716  -35.719479   948530.0
     717   -0.081688      900.0
     718   -5.155306   139660.0
     719   -0.218764     1550.0
     720   -1.379531    37220.0
     721  -27.887372   748710.0
     722    0.000000        0.0
     723  -49.932608  1357830.0
     724  -26.966782   728040.0
     725   -2.600910    72480.0
     726   -8.838538   240430.0
     727   -7.886101   215040.0
     728   -0.103573     2650.0
     729   -1.935392    50470.0
     730   -1.704222    48250.0
     731    0.000000        0.0
     732   -0.407878     7300.0
     733   -1.511024    42920.0
     734   -0.223309     2580.0
     735    0.000000        0.0
     736    0.000000        0.0
     737   -5.670038   153710.0
     738   -5.233528   143480.0
     739   -0.113017     3160.0
     740   -0.092285     2620.0
     741   -0.339406     4600.0
     742   -2.407205    65240.0
     743   -0.093215      440.0
     744   -0.151076     3330.0
     745   -2.274469    45500.0
     746    0.000000        0.0
     747   -0.640250    16860.0
     748   -1.515000    42940.0
     749   -6.844948   174620.0
     750   -0.243264     2420.0
     751   -2.379007    63730.0
     752   -6.352340   176070.0
     753   -0.044312      860.0
     754   -1.761837    48470.0
     755  -41.838320  1170410.0
     756   -4.563389   127380.0
     757   -0.050007     1420.0
     758   -1.836323    52070.0
     759   -9.441371   259350.0
     760    0.000000        0.0
     761   -4.077431   110200.0
     762   -0.196917     5560.0
     763   -0.085326     2420.0
     764   -0.085243     2420.0
     765  -69.969778  2014140.0
     766   -6.958604   192890.0
     767   -0.389701     3560.0
     768   -3.145597    85450.0
     769    0.000000        0.0
     770  -45.596274  1224090.0
     771   -2.142944    57850.0
     772   -0.085705     2420.0
     773   -0.043000     1140.0
     774  -13.645736   371220.0
     775   -4.881941   135700.0
     776   -0.085052     2420.0
     777   -2.047000    56440.0
     778   -2.284861    64790.0
     779   -1.953604    53870.0
     780  -37.098541  1046630.0
     781  -17.285864   488470.0
     782   -0.243726     2420.0
     783   -0.028337      800.0
     784   -1.351191    36150.0
     785   -0.085226     2420.0
     786   -2.133226    56340.0
     787  -41.164476  1086400.0
     788   -3.097642    84670.0
     789    0.000000        0.0
     790   -4.841156   131020.0
     791   -0.085587     2420.0
     792   -0.085139     2420.0
     793   -0.085712     2420.0
     794  -11.222094   300740.0
     795  -18.660031   520110.0
     796   -0.373840     6200.0
     797   -0.113587     3190.0
     798   -0.062830     1710.0
     799   -0.231257     2420.0
     800   -5.321931   136960.0
     801  -99.395301  2732210.0
     802   -0.925781    23660.0
     803    0.000000        0.0
     804    0.000000        0.0
     805   -5.109208   143380.0
     806  -42.030379  1198230.0
     807   -0.092101     2580.0
     808   -0.085229     2420.0
     809    0.000000        0.0
     810  -24.448920   659860.0
     811    0.000000        0.0
     812   -9.532594   266640.0
     813   -6.270208   167770.0
     814   -1.613677    45320.0
     815   -0.318951     4400.0
     816  -24.679593   673120.0
     817   -4.956094   139220.0
     818   -2.712375    70380.0
     819   -2.844809    80450.0
     820   -0.231646     2420.0
     821   -2.618951    73140.0
     822   -1.811420    51250.0
     823   -0.330965     3550.0
     824   -4.069267   113720.0
     825   -0.518330    10300.0
     826   -1.154813    25170.0
     827   -0.093958     2670.0
     828   -2.125139    58600.0
     829   -4.239250   115360.0
     830   -0.028330      800.0
     831   -0.092576     2620.0
     832   -1.712476    48620.0
     833   -5.128875   143350.0
     834   -3.569670    95790.0
     835   -0.102236      730.0
     836   -0.243417     2420.0
     837  -41.010417  1149230.0
     838    0.000000        0.0
     839   -5.894566   159390.0
     840    0.000000        0.0
     841   -1.571649    42380.0
     842    0.000000        0.0
     843   -0.091326     2580.0
     844   -2.523594    68160.0
     845  -22.664913   625110.0
     846  -13.749802   373450.0
     847   -5.438253   147450.0
     848   -0.259316     7430.0
     849   -3.457319    97480.0
     850   -1.498708    41790.0
     851   -0.336344     7950.0
     852   -1.722128    32670.0
     853    0.000000        0.0
     854  -41.641048  1100660.0
     855   -3.269177    91620.0
     856  -21.979771   612700.0
     857  -51.830025  1410990.0
     858   -7.916754   224140.0
     859   -0.365962     5410.0
     860   -2.336934    61520.0
     861  -22.247709   607720.0
     862   -2.347844    61820.0
     863   -2.111000    55720.0
     864   -0.027969      800.0
     865    0.000000        0.0
     866   -0.230149     6350.0
     867   -4.423597   119630.0
     868   -0.462187     8850.0
     869   -1.364840    35570.0
     870   -0.359691     9540.0
     871  -11.811236   323380.0
     872    0.000000        0.0
     873    0.000000        0.0
     874   -0.106444     3010.0
     875   -0.085417     2420.0
     876   -3.883743   104330.0
     877  -43.739337  1192330.0
     878   -2.061754    58780.0
     879  -13.977587   351160.0
     880   -1.090816    28040.0
     881   -0.402878     2580.0
     882   -2.656042    72090.0
     883   -0.285135     2550.0
     884    0.000000        0.0
     885   -0.085132     2420.0
     886  -64.453347  1772850.0
     887   -2.623625    73730.0
     888    0.000000        0.0
     889  -57.653137  1613950.0
     890    0.000000        0.0
     891   -0.115167     2420.0
     892    0.000000        0.0
     893   -0.085219     2420.0
     894    0.000000        0.0
     895  -93.182715  2491200.0
     896  -22.994326   661680.0
     897   -4.691278   131190.0
     898   -1.367021    38770.0
     899   -0.197281     1020.0
     900   -6.247896   174050.0
     901  -19.605104   553060.0
     902  -37.621725  1023220.0
     903    0.000000        0.0
     904   -0.325944     6700.0
     905    0.000000        0.0
     906  -37.124027  1068600.0
     907   -2.188121    60450.0
     908    0.000000        0.0
     909  -26.805438   726090.0
     910   -3.522094    93570.0
     911   -1.309531    37060.0
     912  -19.317319   538270.0
     913   -4.271528   119770.0
     914   -0.061618     1730.0
     915   -1.376986    38930.0
     916   -3.703976   104110.0
     917   -2.306233    62740.0
     918    0.000000        0.0
     919   -0.095708     2710.0
     920    0.000000        0.0
     921   -0.056177     1600.0
     922   -1.365549    38630.0
     923   -4.663281   128350.0
     924   -0.105635     2820.0
     925   -0.325208     3210.0
     926   -3.151233    88830.0
     927   -0.101306     2860.0
     928   -4.119913   115370.0
     929   -0.248646     2680.0
     930   -0.306882     4040.0
     931   -1.835226    51880.0
     932   -0.089743     2510.0
     933    0.000000        0.0
     934   -8.212889   221270.0
     935   -0.092198     2620.0
     936   -0.092035     2620.0
     937   -5.393285   151050.0
     938   -1.271240    36080.0
     939   -0.088830     2490.0
     940   -0.322368     8480.0
     941   -0.028486      800.0
     942   -0.213549     1480.0
     943  -51.969767  1442770.0
     944   -4.518993   126220.0
     945   -0.032128      900.0
     946   -4.702365   130680.0
     947   -0.054503        0.0
     948   -0.059156     1690.0
     949   -1.494014    42410.0
     950   -7.000924   192230.0
     951  -22.777094   618890.0
     952   -0.541128    14380.0
     953   -3.919747   106160.0
     954  -68.072173  1922780.0
     955  -15.215948   428870.0
     956    0.000000        0.0
     957   -1.533365    43650.0
     958    0.000000        0.0
     959   -1.108778    25920.0
     960   -5.263719   147120.0
     961   -1.573510    44770.0
     962   -1.706722    48360.0
     963   -1.643281    43680.0
     964   -7.511865   199490.0
     965   -7.444451   210760.0
     966  -14.482160   391110.0
     967  -38.292545  1053090.0
     968  -13.735503   361610.0
     969   -0.476111     8940.0
     970    0.000000        0.0
     971   -6.230132   174410.0
     972   -1.222615    34130.0
     973   -0.085090     2420.0
     974   -0.390816     6660.0
     975   -0.089771     2420.0
     976   -8.166156   223160.0
     977  -11.348830   313320.0
     978   -0.791951    16620.0
     979    0.000000        0.0
     980   -0.028069      800.0
     981  -17.136875   468050.0
     982    0.000000        0.0
     983   -0.256403     2730.0
     984   -5.425514   151490.0
     985   -0.098538     2780.0
     986    0.000000        0.0
     987   -0.145368     4130.0
     988   -4.671045   127050.0
     989   -0.205413     1240.0
     990  -37.285271  1043100.0
     991   -3.870028   108540.0
     992  -16.485181   453220.0
     993   -1.830233    51790.0
     994   -1.497701    42260.0
     995   -4.627715   124290.0
     996   -2.665816    71860.0
     997   -6.030819   169090.0
     998   -3.561729    90860.0
     999    0.000000        0.0
    1000    0.000000        0.0
    1001   -0.594007     3440.0
    1002   -4.144014   112090.0
    1003   -0.218434     1370.0
    1004  -16.512274   445330.0
    1005   -0.733785    19720.0
    1006   -4.061010   114040.0
    1007   -0.085559     2420.0
    1008   -5.943156   158720.0
    1009   -0.381372     6140.0
    1010   -2.622323    70280.0
    1011   -2.340205    65080.0
    1012  -24.806622   684970.0
    1013   -2.452545    64050.0
    1014  -11.700833   326240.0
    1015   -9.812379   259940.0
    1016   -1.947441    55080.0
    1017   -1.378524    39010.0
    1018    0.000000        0.0
    1019    0.000000        0.0
    1020   -4.854333   135950.0
    1021    0.000000        0.0
    1022  -11.427173   313230.0
    1023   -0.056618     1600.0
    1024    0.000000        0.0
    1025   -2.048642    58180.0
    1026    0.000000        0.0
    1027   -3.903215   105260.0
    1028   -2.040257    52280.0
    1029  -39.291903  1079980.0
    1030   -3.618889   102000.0
    1031   -0.111281     2660.0
    1032  -11.951705   311540.0
    1033   -3.555792    98230.0
    1034   -0.013566      390.0
    1035   -0.097514     2610.0
    1036   -0.206045     2710.0
    1037   -5.590330   150250.0
    1038   -0.089931     2550.0
    1039   -3.637521   100450.0
    1040   -3.728323   104830.0
    1041   -0.143618     3880.0
    1042   -0.037007     1050.0
    1043  -11.830420   323250.0
    1044   -3.017503    81840.0
    1045   -0.085479     2420.0
    1046    0.000000        0.0
    1047   -8.932635   246070.0
    1048   -4.248194   115460.0
    1049   -1.797632    46020.0
    1050   -0.028226      800.0
    1051  -86.582727  2445660.0
    1052    0.000000        0.0
    1053  -10.876267   292490.0
    1054   -1.570819    44740.0
    1055    0.000000        0.0
    1056   -1.141444    32340.0
    1057   -2.539306    66770.0
    1058   -0.306444     4170.0
    1059   -8.698861   234730.0
    1060   -4.426754   123610.0
    1061   -6.127830   171080.0
    1062   -7.118573   192010.0
    1063   -2.726986    73470.0
    1064    0.000000        0.0
    1065   -5.790576   161890.0
    1066   -7.199382   196880.0
    1067   -1.164410    33020.0
    1068   -0.913111    20950.0
    1069    0.000000        0.0
    1070   -0.073014     2040.0
    1071  -14.777618   405470.0
    1072  -32.619725   895650.0
    1073    0.000000        0.0
    1074    0.000000        0.0
    1075   -0.114479      390.0
    1076   -0.091111     2550.0
    1077  -10.570153   287370.0
    1078   -2.899715    75830.0
    1079    0.000000        0.0
    1080   -0.043604     1230.0
    1081  -72.215991  1968460.0
    1082   -0.076295      250.0
    1083   -0.057844     1600.0
    1084   -0.085993     2420.0
    1085  -10.915785   288460.0
    1086  -28.214524   804220.0
    1087   -0.028111      800.0
    1088   -0.089333     2510.0
    1089   -0.093955     2640.0
    1090   -0.199684     1030.0
    1091   -3.067785    79850.0
    1092   -0.227149     1920.0
    1093   -4.077371   114630.0
    1094    0.000000        0.0
    1095   -0.085132     2420.0
    1096 -101.924226  2855990.0
    1097   -3.217601    80980.0
    1098   -2.433937    67840.0
    1099   -0.247976     3130.0
    1100    0.000000        0.0
    1101    0.000000        0.0
    1102   -2.950569    83750.0
    1103    0.000000        0.0
    1104   -0.289198     3960.0
    1105   -0.027976      800.0
    1106 -152.992183  4167890.0
    1107    0.000000        0.0
    1108   -5.959135   162020.0
    1109   -0.246135     2660.0
    1110   -9.328271   252330.0
    1111    0.000000        0.0
    1112    0.000000        0.0
    1113   -6.764247   183380.0
    1114   -5.362080   149970.0
    1115  -27.829288   779480.0
    1116   -2.681799    69160.0
    1117   -1.394306    39440.0
    1118   -1.710413    47600.0
    1119    0.000000        0.0
    1120   -0.342712     5490.0
    1121   -6.010611   168200.0
    1122   -1.214865    34470.0
    1123   -0.552809    15250.0
    1124   -0.424094    11760.0
    1125   -4.345722   121930.0
    1126   -1.559594    38850.0
    1127  -94.825772  2653750.0
    1128   -0.001069       30.0
    1129   -5.443583   142410.0
    1130  -25.008139   718970.0
    1131   -0.060066     1340.0
    1132   -0.784740    12850.0
    1133   -0.088299     2510.0
    1134  -99.944972  2849990.0
    1135    0.000000        0.0
    1136    0.000000        0.0
    1137    0.000000        0.0
    1138   -0.085035     2420.0
    1139    0.000000        0.0
    1140   -6.437219   181330.0
    1141   -0.085469     2420.0
    1142  -96.187168  2622560.0
    1143   -0.050281     1160.0
    1144   -6.816111   178130.0
    1145   -0.028931      820.0
    1146    0.000000        0.0
    1147   -1.838545    47230.0
    1148   -0.113500     3240.0
    1149   -0.632153    13120.0
    1150   -3.741056   105000.0
    1151   -1.221806    34670.0
    1152   -2.865747    76820.0
    1153   -0.094573     2670.0
    1154  -10.262882   279250.0
    1155   -1.383156    38010.0
    1156   -1.513410    43000.0
    1157   -0.046583     1320.0
    1158   -1.459597    41460.0
    1159   -1.796826    47300.0
    1160    0.000000        0.0
    1161   -0.095128     2710.0
    1162   -1.248264    35350.0
    1163   -0.111729     2830.0
    1164   -1.534733    43480.0
    1165   -6.226795   173810.0
    1166   -4.176844   116590.0
    1167   -8.861236   245850.0
    1168   -5.535167   153960.0
    1169   -0.060726     1730.0
    1170   -2.025767    54740.0
    1171   -0.218052     1680.0
    1172   -5.265267   146620.0
    1173   -0.243677     2630.0
    1174   -0.088181     2510.0
    1175    0.000000        0.0
    1176    0.000000        0.0
    1177   -5.328496   147800.0
    1178    0.000000        0.0
    1179   -0.238396     2420.0
    1180    0.000000        0.0
    1181   -0.060538      400.0
    1182  -24.001844   682270.0
    1183    0.000000        0.0
    1184   -1.847007    47190.0
    1185   -0.135913     3690.0
    1186   -2.949899    78700.0
    1187   -0.962611    24740.0
    1188    0.000000        0.0
    1189   -0.231622     2420.0
    1190   -4.120639   111940.0
    1191   -2.043156    54340.0
    1192   -0.026101      750.0
    1193   -7.039330   201000.0
    1194   -0.084771     2390.0
    1195   -0.013910      400.0
    1196    0.000000        0.0
    1197    0.000000        0.0
    1198   -0.003337       20.0
    1199   -0.005253      150.0
    1200  -49.750073  1095040.0
    1201   -1.277549    28900.0
    1202   -0.016872      440.0
    1203   -0.317660     8580.0
    1204   -2.958816    83480.0
    1205   -6.266469   177430.0
    1206   -0.038538     1070.0
    1207   -9.871719   267230.0
    1208   -2.910392    82470.0
    1209   -0.101906     2070.0
    1210  -12.944285   342300.0
    1211   -0.179111     2250.0
    1212   -4.808410   134440.0
    1213  -30.526927   831220.0
    1214  -48.425562  1284090.0
    1215   -0.000486        0.0
    1216    0.000000        0.0
    1217    0.000000        0.0
    1218    0.000000        0.0
    1219   -0.010507        0.0
    1220   -0.041167     1140.0
    1221   -0.001743        0.0
    1222  -24.065708   642130.0
    1223  -33.239330   864600.0
    1224   -0.432861    12330.0
    1225   -0.084618     2410.0
    1226   -1.571917    44070.0
    1227   -0.047913     1370.0
    1228   -0.004167      120.0
    1229    0.000000        0.0
    1230    0.000000        0.0
    1231   -1.905944    54430.0
    1232   -0.024750      710.0
    1233   -0.114448     3190.0
    1234  -10.061809   267490.0
    1235   -0.045778     1290.0
    1236   -0.011573      330.0
    1237   -0.036708     1030.0
    1238   -0.263017     6300.0
    1239   -4.040312   113750.0
    1240   -0.001035       10.0
    1241   -0.120872     3380.0
    1242  -48.616118  1311620.0
    1243  -10.951198   300870.0
    1244    0.000000        0.0
    1245   -0.022389      640.0
    1246    0.000000        0.0
    1247   -1.464990    41080.0
    1248   -9.526945   269490.0
    1249   -3.722417   101580.0
    1250   -0.030417      870.0
    1251   -0.000229        0.0
    1252   -0.031271      790.0
    1253  -30.460642   838810.0
    1254   -0.047267     1340.0
    1255  -83.216243  2134360.0
    1256    0.000000        0.0
    1257   -4.564719   126690.0
    1258    0.000000        0.0
    1259   -0.000347       10.0
    1260   -0.042201     1200.0
    1261  -17.060868   464390.0
    1262   -0.018274        0.0
    1263   -0.027344      780.0
    1264   -0.005271      150.0
    1265   -0.068590     1950.0
    1266    0.000000        0.0
    1267    0.000000        0.0
    1268   -3.278483    92400.0
    1269    0.000000        0.0
    1270    0.000000        0.0
    1271    0.000000        0.0
    1272   -5.675285   155010.0
    1273   -0.080240     2270.0
    1274   -0.044611     1270.0
    1275   -0.048184     1270.0
    1276    0.000000        0.0
    1277   -5.382458   147200.0
    1278    0.000000        0.0
    1279    0.000000        0.0
    1280   -0.034302      940.0
    1281   -2.655927    75170.0
    1282   -0.013542      390.0
    1283   -0.019500      560.0
    1284  -17.738417   464320.0
    1285   -0.014743      340.0
    1286   -0.000052        0.0
    1287   -0.020597      310.0
    1288   -0.149035     4140.0
    1289  -11.754636   312020.0
    1290   -0.000420       10.0
    1291    0.000000        0.0
    1292   -1.321937    37620.0
    1293    0.000000        0.0
    1294   -1.582823    42870.0
    1295   -0.044573        0.0
    1296   -2.721118    77190.0
    1297    0.000000        0.0
    1298    0.000000        0.0
    1299    0.000000        0.0
    1300   -6.433208   177780.0
    1301  -12.090215   322820.0
    1302    0.000000        0.0
    1303   -6.624923   182880.0
    1304   -2.368587    67460.0
    1305    0.000000        0.0
    1306    0.000000        0.0
    1307   -2.857063    80900.0
    1308   -0.156087     1860.0
    1309   -8.136670   223790.0
    1310   -1.869917    47950.0
    1311   -0.156774     3250.0
    1312    0.000000        0.0
    1313   -0.835285    23950.0
    1314    0.000000        0.0
    1315    0.000000        0.0
    1316    0.000000        0.0
    1317    0.000000        0.0
    1318    0.000000        0.0
    1319   -1.868274    52550.0
    1320    0.000000        0.0
    1321    0.000000        0.0
    1322   -3.075472    87180.0
    1323   -2.288781    65190.0
    1324   -0.001045       30.0
    1325   -0.011177      320.0
    1326   -0.157583     4400.0
    1327   -0.008767      250.0
    1328   -1.996524    56860.0
    1329    0.000000        0.0
    1330   -0.004514      130.0
    1331  -11.127215   313340.0
    1332   -0.066681     1890.0
    1333   -0.002083       60.0
    1334   -0.045125     1290.0
    1335   -0.913535    26270.0
    1336    0.000000        0.0
    1337    0.000000        0.0
    1338   -9.468070   257720.0
    1339    0.000000        0.0
    1340  -20.804410   526380.0
    1341    0.000000        0.0
    1342    0.000000        0.0
    1343   -0.020722      580.0
    1344   -5.199399   142550.0
    1345    0.000000        0.0
    1346    0.000000        0.0
    1347   -6.692934   179130.0
    1348    0.000000        0.0
    1349   -0.011510      330.0
    1350    0.000000        0.0
    1351    0.000000        0.0
    1352   -9.318201   253500.0
    1353    0.000000        0.0
    1354    0.000000        0.0
    1355    0.000000        0.0
    1356   -3.698983   103160.0
    1357   -0.088795     2510.0
    1358    0.000000        0.0
    1359   -0.044965     1280.0
    1360   -0.022691        0.0
    1361   -0.005163        0.0
    1362   -0.009042      250.0
    1363   -0.042604     1200.0
    1364    0.000000        0.0
    1365   -5.830608   162390.0
    1366    0.000000        0.0
    1367    0.000000        0.0
    1368   -0.211788      450.0
    1369   -0.000889        0.0
    1370  -29.810816   690300.0
    1371  -33.724875   839420.0
    1372   -3.693705   103860.0
    1373   -0.176799     1270.0
    1374    0.000000        0.0
    1375   -3.611253   101060.0
    1376  -12.193476   325050.0
    1377    0.000000        0.0
    1378   -0.001042       30.0
    1379    0.000000        0.0
    1380   -8.652969   241120.0
    1381   -0.002455       70.0
    1382    0.000000        0.0
    1383    0.000000        0.0
    1384    0.000000        0.0
    1385   -0.104118     2850.0
    1386   -4.369382   118300.0
    1387  -16.978830   472900.0
    1388    0.000000        0.0
    1389   -3.536573    99270.0
    1390   -4.773597   131570.0
    1391    0.000000        0.0
    1392   -0.062528     1760.0
    1393  -12.751993   359380.0
    1394   -0.087691     2500.0
    1395    0.000000        0.0
    1396   -0.687059    19580.0
    1397   -2.339819    66500.0
    1398    0.000000        0.0
    1399    0.000000        0.0
    1400   -0.000024        0.0
    1401   -0.030983      880.0
    1402   -0.002431       70.0
    1403   -4.077715   112360.0
    1404   -3.193819    85500.0
    1405   -5.667052   143720.0
    1406    0.000000        0.0
    1407    0.000000        0.0
    1408    0.000000        0.0
    1409  -34.344736   921100.0
    1410   -0.008767      250.0
    1411   -0.181847     5070.0
    1412    0.000000        0.0
    1413    0.000000        0.0
    1414   -0.022694      170.0
    1415   -0.000104        0.0
    1416   -2.318889    65740.0
    1417  -47.464236  1294990.0
    1418   -3.416542    95540.0
    1419    0.000000        0.0
    1420  -74.826541  2092430.0
    1421    0.000000        0.0
    1422    0.000000        0.0
    1423    0.000000        0.0
    1424    0.000000        0.0
    1425  -16.507785   426580.0
    1426    0.000000        0.0
    1427  -14.034476   369430.0
    1428   -3.417090    95880.0
    1429    0.000000        0.0
    1430    0.000000        0.0
    1431    0.000000        0.0
    1432   -0.000698       10.0
    1433    0.000000        0.0
    1434   -1.994493    45020.0
    1435   -0.000903        0.0
    1436   -0.453670    12140.0
    1437   -0.068976     1950.0
    1438    0.000000        0.0
    1439   -0.081049     2290.0
    1440  -26.387167   666060.0
    1441   -0.052913     1260.0
    1442  -15.382927   402070.0
    1443    0.000000        0.0
    1444    0.000000        0.0
    1445   -7.241372   204450.0
    1446   -3.012010    85240.0
    1447  -14.144350   402030.0
    1448   -0.000899        0.0
    1449   -9.192510   242120.0
    1450  -11.970306   316230.0
    1451   -0.186719      570.0
    1452    0.000000        0.0
    1453    0.000000        0.0
    1454   -0.072917     2100.0
    1455    0.000000        0.0
    1456   -0.185865     5160.0
    1457   -5.341430   148830.0
    1458   -0.009462      250.0
    1459   -5.751319   161880.0
    1460   -0.279132     7280.0
    1461   -9.731965   261300.0
    1462    0.000000        0.0
    1463   -0.060378     1710.0
    1464   -0.102920     2870.0
    1465   -0.054201     1530.0
    1466   -1.094337     5390.0
    1467   -0.027903      800.0
    1468    0.000000        0.0
    1469   -0.003823      110.0
    1470  -19.214927   497640.0
    1471  -16.098080   412250.0
    1472   -4.476205   124890.0
    1473   -1.514226    43260.0
    1474   -5.266413   146760.0
    1475    0.000000        0.0
    1476   -8.838059   237460.0
    1477   -9.364229   248770.0
    1478  -12.682851   338150.0
    1479  -12.809042   337890.0
    1480    0.000000        0.0
    1481    0.000000        0.0
    1482    0.000000        0.0
    1483    0.000000        0.0
    1484   -0.080267     2260.0
    1485   -0.308309     8290.0
    1486    0.000000        0.0
    1487  -16.957819   441950.0
    1488   -4.567201   125890.0
    1489   -6.674319   183130.0
    1490   -0.041017     1160.0
    1491    0.000000        0.0
    1492   -0.160826     4430.0
    1493   -0.006000      160.0
    1494    0.000000        0.0
    1495  -30.757993   865150.0
    1496   -0.002115       60.0
    1497  -45.876149  1126980.0
    1498   -0.147885     1530.0
    1499  -27.308687   646720.0
    1500   -0.283455     6140.0
    1501  -21.567490   582560.0
    1502   -0.043042     1180.0
    1503   -6.270424   174530.0
    1504   -0.000594        0.0
    1505   -0.014601      400.0
    1506  -10.366552   282780.0
    1507    0.000000        0.0
    1508    0.000000        0.0
    1509    0.000000        0.0
    1510   -5.237594   136670.0
    1511    0.000000        0.0
    1512    0.000000        0.0
    1513   -4.038830   113210.0
    1514    0.000000        0.0
    1515   -0.055521     1580.0
    1516   -0.218437     5900.0
    1517   -0.000014        0.0
    1518   -0.213483     5890.0
    1519   -0.001177       20.0
    1520  -12.933222   340860.0
    1521    0.000000        0.0
    1522    0.000000        0.0
    1523    0.000000        0.0
    1524    0.000000        0.0
    1525    0.000000        0.0
    1526    0.000000        0.0
    1527    0.000000        0.0
    1528   -5.180976   142390.0
    1529   -0.000347       10.0
    1530   -0.147087     4130.0
    1531    0.000000        0.0
    1532    0.000000        0.0
    1533    0.000000        0.0
    1534   -3.708260   103840.0
    1535    0.000000        0.0
    1536   -0.010816      170.0
    1537  -20.910458   524520.0
    1538   -0.366587     9280.0
    1539   -0.621694    16060.0
    1540    0.000000        0.0
    1541    0.000000        0.0
    1542    0.000000        0.0
    1543    0.000000        0.0
    1544   -5.110090   144630.0
    1545    0.000000        0.0
    1546   -4.481143   126650.0
    1547    0.000000        0.0
    1548    0.000000        0.0
    1549    0.000000        0.0
    1550   -1.796931    50750.0
    1551    0.000000        0.0
    1552    0.000000        0.0
    1553    0.000000        0.0
    1554    0.000000        0.0
    1555    0.000000        0.0
    1556    0.000000        0.0
    1557   -0.555219        0.0
    1558   -0.610375        0.0
    1559  -26.510240   673070.0
    1560    0.000000        0.0
    1561   -7.303455   204130.0
    1562    0.000000        0.0
    1563    0.000000        0.0
    1564  -13.342063   362060.0
    1565   -0.397625    10500.0
    1566    0.000000        0.0
    1567  -13.612205   360710.0
    1568   -0.008333      240.0
    1569    0.000000        0.0
    1570   -0.006944      200.0
    1571    0.000000        0.0
    1572    0.000000        0.0
    1573   -1.685913    47410.0
    1574    0.000000        0.0
    1575   -0.004167      120.0
    1576   -0.001736       50.0
    1577   -0.102351     2910.0
    1578   -2.453295    69470.0
    1579   -3.100385    87790.0
    1580    0.000000        0.0
    1581   -0.061306     1710.0
    1582   -0.043618     1210.0
    1583   -0.188392     5230.0
    1584  -22.960784   560650.0
    1585    0.000000        0.0
    1586  -14.392493   380850.0
    1587   -0.000615        0.0
    1588   -5.135375   137440.0
    1589    0.000000        0.0
    1590   -0.000351        0.0
    1591   -2.763792    78450.0
    1592    0.000000        0.0
    1593    0.000000        0.0
    1594   -3.280670    92100.0
    1595   -0.007333      210.0
    1596  -21.679753   544190.0
    1597  -19.254997   509410.0
    1598  -30.201253   723380.0
    1599   -0.009799      280.0
    1600    0.000000        0.0
    1601    0.000000        0.0
    1602   -0.924413    22950.0
    1603   -5.419149   146080.0
    1604   -0.025938      740.0
    1605    0.000000        0.0
    1606    0.000000        0.0
    1607   -2.376681    67540.0
    1608   -0.099889     2760.0
    1609    0.000000        0.0
    1610    0.000000        0.0
    1611    0.000000        0.0
    1612   -0.043194     1230.0
    1613    0.000000        0.0
    1614    0.000000        0.0
    1615   -9.132489   259650.0
    1616    0.000000        0.0
    1617    0.000000        0.0
    1618    0.000000        0.0
    1619    0.000000        0.0
    1620   -0.045906     1270.0
    1621   -0.189851     5160.0
    1622  -12.769649   331120.0
    1623  -14.701250   381020.0
    1624   -0.002469        0.0
    1625    0.000000        0.0
    1626   -0.161222     4450.0
    1627  -10.201976   253340.0
    1628   -5.029698   136390.0
    1629  -12.470312   333390.0
    1630   -6.645830   183120.0
    1631    0.000000        0.0
    1632   -0.046986     1340.0
    1633    0.000000        0.0
    1634   -8.716951   236050.0
    1635    0.000000        0.0
    1636   -2.583087    73440.0
    1637    0.000000        0.0
    1638   -2.123087    60430.0
    1639    0.000000        0.0
    1640    0.000000        0.0
    1641    0.000000        0.0
    1642   -0.012698      360.0
    1643   -3.458740    95430.0
    1644   -0.071431     2030.0
    1645   -4.844104   137350.0
    1646    0.000000        0.0
    1647   -0.009424      270.0
    1648    0.000000        0.0
    1649   -0.008351      240.0
    1650   -3.209375    89920.0
    1651   -8.187930   230300.0
    1652    0.000000        0.0
    1653    0.000000        0.0
    1654   -6.530031   181610.0
    1655    0.000000        0.0
    1656    0.000000        0.0
    1657    0.000000        0.0
    1658    0.000000        0.0
    1659   -0.016667      480.0
    1660    0.000000        0.0
    1661  -17.085031   437470.0
    1662    0.000000        0.0
    1663  -20.984694   543660.0
    1664   -2.725840    76960.0
    1665    0.000000        0.0
    1666    0.000000        0.0
    1667   -0.011847      340.0
    1668   -0.894271    25390.0
    1669   -2.903965    81660.0
    1670    0.000000        0.0
    1671    0.000000        0.0
    1672   -0.655045    16640.0
    1673   -9.831972   263220.0
    1674   -0.223542     5800.0
    1675   -0.019566      560.0
    1676   -4.961785   138160.0
    1677    0.000000        0.0
    1678    0.000000        0.0
    1679   -0.288892     8050.0
    1680    0.000000        0.0
    1681   -0.761892    20780.0
    1682   -5.953344   159130.0
    1683    0.000000        0.0
    1684    0.000000        0.0
    1685   -1.277215    36590.0
    1686   -4.001097   112840.0
    1687    0.000000        0.0
    1688   -0.004167      120.0
    1689   -1.263576    36150.0
    1690   -1.405194    40280.0
    1691    0.000000        0.0
    1692   -0.111514     3110.0
    1693    0.000000        0.0
    1694   -0.053688     1530.0
    1695   -4.904313   139100.0
    1696   -3.448243    97690.0
    1697    0.000000        0.0
    1698    0.000000        0.0
    1699   -3.548694    99700.0
    1700   -7.057458   187640.0
    1701   -0.004514      130.0
    1702    0.000000        0.0
    1703   -7.383205   201680.0
    1704   -7.441632   199770.0
    1705    0.000000        0.0
    1706   -6.741778   184160.0
    1707   -0.067375     1280.0
    1708    0.000000        0.0
    1709   -0.003125       90.0
    1710   -0.155941     3680.0
    1711    0.000000        0.0
    1712   -0.130562     3660.0
    1713   -0.045253     1280.0
    1714  -10.907601   296130.0
    1715   -9.715163   266540.0
    1716   -0.102750     2830.0
    1717   -0.000094        0.0
    1718   -0.028274      790.0
    1719   -0.002146       60.0
    1720   -0.073649     2070.0
    1721    0.000000        0.0
    1722  -14.206198   387290.0
    1723   -0.165222     4630.0
    1724   -0.834427    21820.0
    1725  -55.596236  1542040.0
    1726   -0.020250      580.0
    1727    0.000000        0.0
    1728   -0.004531      130.0
    1729    0.000000        0.0
    1730   -4.115882   116250.0
    1731  -16.935903   477420.0
    1732   -0.098715     2800.0
    1733    0.000000        0.0
    1734   -0.019146      550.0
    1735   -4.281996   118410.0
    1736  -18.792465   528110.0
    1737   -2.591691    73090.0
    1738   -3.245142    91630.0
    1739    0.000000        0.0
    1740  -20.581250   527710.0
    1741  -29.468886   718060.0
    1742  -21.767090   535050.0
    1743   -0.037399      980.0
    1744   -8.177871   226200.0
    1745    0.000000        0.0
    1746   -0.009094      260.0
    1747    0.000000        0.0
    1748   -0.104677     2970.0
    1749    0.000000        0.0
    1750    0.000000        0.0
    1751   -0.004844      130.0
    1752   -4.226340   119520.0
    1753   -0.160024     4000.0
    1754   -0.088969     2530.0
    1755    0.000000        0.0
    1756    0.000000        0.0
    1757    0.000000        0.0
    1758    0.000000        0.0
    1759   -4.987382   134050.0
    1760   -3.732278   103800.0
    1761   -4.319608   120560.0
    1762   -2.952399    83520.0
    1763   -0.019781      560.0
    1764   -0.000035        0.0
    1765    0.000000        0.0
    1766   -1.310066    30940.0
    1767   -0.000007        0.0
    1768   -0.151941     4300.0
    1769   -0.027882      800.0
    1770    0.000000        0.0
    1771    0.000000        0.0
    1772  -20.073653   519080.0
    1773   -0.009177      260.0
    1774    0.000000        0.0
    1775  -26.641174   662000.0
    1776    0.000000        0.0
    1777   -0.001184        0.0
    1778   -0.004955      130.0
    1779   -0.209010     5720.0
    1780    0.000000        0.0
    1781   -1.025170    26730.0
    1782    0.000000        0.0
    1783    0.000000        0.0
    1784   -0.063715     1810.0
    1785   -0.022069      630.0
    1786   -0.051670     1470.0
    1787   -0.022122      630.0
    1788    0.000000        0.0
    1789  -21.401538   534880.0
    1790  -19.953996   498630.0
    1791    0.000000        0.0
    1792   -6.498396   180630.0
    1793    0.000000        0.0
    1794   -3.048087    86260.0
    1795    0.000000        0.0
    1796   -0.002493        0.0
    1797    0.000000        0.0
    1798   -3.707823   101450.0
    1799   -0.044917     1220.0
    1800   -0.059691     1600.0
    1801  -10.495666   285250.0
    1802   -0.010764      310.0
    1803  -16.371514   453420.0
    1804  -17.845590   455890.0
    1805   -0.266660     7100.0
    1806   -0.255128     7010.0
    1807   -0.242233     6690.0
    1808    0.000000        0.0
    1809   -8.310524   223400.0
    1810    0.000000        0.0
    1811   -4.526121   124200.0
    1812   -6.442983   177740.0
    1813   -0.050861     1450.0
    1814   -0.027788      790.0
    1815   -1.336882    38270.0
    1816   -2.220340    62610.0
    1817   -3.155493    87810.0
    1818   -0.018122      520.0
    1819   -2.025319    57570.0
    1820   -6.946608   187780.0
    1821    0.000000        0.0
    1822   -7.314174   202610.0
    1823    0.000000        0.0
    1824  -20.640809   575520.0
    1825   -0.009267      170.0
    1826   -7.299194   172060.0
    1827   -6.330622   170350.0
    1828   -3.480486    97530.0
    1829   -1.168309    33190.0
    1830   -4.485372   126610.0
    1831  -33.818019   973620.0
    1832  -18.708274   444520.0
    1833  -15.311184   424760.0
    1834   -7.163715   191990.0
    1835    0.000000        0.0
    1836   -0.050747     1450.0
    1837   -3.641576   100550.0
    1838    0.000000        0.0
    1839   -0.018444      530.0
    1840    0.000000        0.0
    1841   -0.047455     1350.0
    1842   -4.536413   125410.0
    1843   -3.627799   100050.0
    1844   -0.019937      570.0
    1845   -0.092441     2560.0
    1846    0.000000        0.0
    1847   -3.511948    98210.0
    1848    0.000000        0.0
    1849   -7.320504   203840.0
    1850   -4.014931   111810.0
    1851   -3.988802   111940.0
    1852   -2.142052    60670.0
    1853    0.000000        0.0
    1854   -2.151267    61550.0
    1855   -0.010069      290.0
    1856    0.000000        0.0
    1857    0.000000        0.0
    1858  -14.004021   373430.0
    1859    0.000000        0.0
    1860   -0.023934      270.0
    1861   -0.363458     9160.0
    1862   -0.409146    10410.0
    1863   -0.157729     4290.0
    1864    0.000000        0.0
    1865   -2.010649    57260.0
    1866    0.000000        0.0
    1867    0.000000        0.0
    1868   -6.378017   172010.0
    1869   -1.467278    40200.0
    1870   -0.049056     1370.0
    1871   -7.455389   205630.0
    1872   -0.049253     1400.0
    1873    0.000000        0.0
    1874   -0.089698     2540.0
    1875   -0.055201     1570.0
    1876  -17.413198   443100.0
    1877    0.000000        0.0
    1878   -0.000052        0.0
    1879    0.000000        0.0
    1880    0.000000        0.0
    1881   -0.134181     3770.0
    1882   -0.016917        0.0
    1883   -2.979799    84610.0
    1884   -0.077142     2200.0
    1885    0.000000        0.0
    1886   -5.430365   150890.0
    1887    0.000000        0.0
    1888   -0.011931      340.0
    1889    0.000000        0.0
    1890   -0.076573     2180.0
    1891   -0.021528      620.0
    1892   -0.023562      670.0
    1893   -0.019670      560.0
    1894   -0.028559      810.0
    1895    0.000000        0.0
    1896    0.000000        0.0
    1897    0.000000        0.0
    1898  -15.006000   393650.0
    1899    0.000000        0.0
    1900    0.000000        0.0
    1901   -0.037264     1070.0
    1902   -3.998122   111890.0
    1903  -34.739250   906130.0
    1904   -2.526045    71560.0
    1905   -8.842215   250520.0
    1906    0.000000        0.0
    1907    0.000000        0.0
    1908   -2.434361    68500.0
    1909   -0.387670       90.0
    1910   -0.180653     5040.0
    1911   -0.368639     5650.0
    1912  -13.975771   361530.0
    1913  -11.222764   291160.0
    1914  -16.485816   432630.0
    1915    0.000000        0.0
    1916    0.000000        0.0
    1917   -3.379750    94740.0
    1918   -4.577747   127380.0
    1919   -0.005056      130.0
    1920   -8.416111   228850.0
    1921   -0.048153     1340.0
    1922   -0.000292        0.0
    1923   -0.000083        0.0
    1924    0.000000        0.0
    1925    0.000000        0.0
    1926  -44.830586  1232320.0
    1927   -0.006250      180.0
    1928    0.000000        0.0
    1929    0.000000        0.0
    1930   -0.026118      740.0
    1931   -4.354576   122790.0
    1932   -0.032458      890.0
    1933   -0.000194        0.0
    1934  -13.016597   351870.0
    1935   -0.000177        0.0
    1936    0.000000        0.0
    1937    0.000000        0.0
    1938    0.000000        0.0
    1939   -0.923719    25480.0
    1940    0.000000        0.0
    1941    0.000000        0.0
    1942    0.000000        0.0
    1943    0.000000        0.0
    1944   -0.000028        0.0
    1945   -0.267128     7400.0
    1946    0.000000        0.0
    1947   -0.175451     4910.0
    1948    0.000000        0.0
    1949    0.000000        0.0
    1950   -4.030729   111220.0
    1951    0.000000        0.0
    1952  -17.544854   460170.0
    1953   -0.001063       30.0
    1954    0.000000        0.0
    1955   -0.224868     6200.0
    1956   -4.117090   116370.0
    1957    0.000000        0.0
    1958    0.000000        0.0
    1959   -1.051590    30130.0
    1960   -0.054160     1540.0
    1961   -0.129854     3560.0
    1962   -0.016135      460.0
    1963   -3.089326    86570.0
    1964    0.000000        0.0
    1965   -2.318580    65550.0
    1966   -5.184000   146430.0
    1967   -1.415028    40510.0
    1968    0.000000        0.0
    1969   -2.782729    78710.0
    1970    0.000000        0.0
    1971   -2.941840    83180.0
    1972    0.000000        0.0
    1973    0.000000        0.0
    1974    0.000000        0.0
    1975   -8.563628   234590.0
    1976  -18.305760   459240.0
    1977  -15.871819   402200.0
    1978  -22.845986   558630.0
    1979  -20.281246   516840.0
    1980   -0.098885     2790.0
    1981   -0.091163     2560.0
    1982   -0.000090        0.0
    1983   -0.108111     3040.0
    1984    0.000000        0.0
    1985    0.000000        0.0
    1986   -0.189396     5250.0
    1987   -0.212594     5870.0
    1988    0.000000        0.0
    1989    0.000000        0.0
    1990   -0.020250      580.0
    1991   -4.705323   126800.0
    1992    0.000000        0.0
    1993  -13.069691   345450.0
    1994  -14.975535   389740.0
    1995   -0.065944     1820.0
    1996   -0.101118     2830.0
    1997   -6.255955   170440.0
    1998  -13.383194   357300.0
    1999   -0.018017      510.0
    2000   -0.004906      140.0
    2001   -4.981837   137480.0
    2002   -0.061007     1740.0
    2003    0.000000        0.0
    2004   -3.168375    87850.0
    2005    0.000000        0.0
    2006    0.000000        0.0
    2007    0.000000        0.0
    2008   -0.000021        0.0
    2009   -0.082163     2230.0
    2010   -0.108049     2960.0
    2011    0.000000        0.0
    2012   -6.790851   184540.0
    2013    0.000000        0.0
    2014    0.000000        0.0
    2015    0.000000        0.0
    2016    0.000000        0.0
    2017    0.000000        0.0
    2018   -0.001042       30.0
    2019   -4.671552   131260.0
    2020    0.000000        0.0
    2021    0.000000        0.0
    2022   -2.291625    63660.0
    2023    0.000000        0.0
    2024   -2.295514    64990.0
    2025   -1.481382    42120.0
    2026    0.000000        0.0
    2027  -20.893659   584870.0
    2028   -0.072615     2030.0
    2029    0.000000        0.0
    2030   -0.007365      210.0
    2031   -0.041628     1180.0
    2032   -0.115934     3260.0
    2033  -27.355416   750320.0
    2034  -39.800795  1077660.0
    2035 -105.484812  2876720.0
    2036  -25.459264   638300.0
    2037   -0.001726        0.0
    2038  -15.296590   392060.0
    2039  -16.864233   434160.0
    2040   -0.018167      520.0
    2041   -0.085562     2420.0
    2042  -18.614166   514410.0
    2043   -0.084809     2330.0
    2044   -0.024493      700.0
    2045    0.000000        0.0
    2046   -7.465944   202850.0
    2047   -9.649160   257830.0
    2048   -5.936212   166750.0
    2049  -20.924517   575140.0
    2050    0.000000        0.0
    2051   -9.727562   271500.0
    2052 -101.996658  2709220.0
    2053  -51.738367  1410320.0
    2054  -24.875618   697610.0
    2055    0.000000        0.0
    2056   -0.090264     2550.0
    2057   -0.317319     1430.0
    2058   -0.028326      810.0
    2059   -0.111132     3150.0
    2060   -2.131476    59520.0
    2061    0.000000        0.0
    2062   -1.876781    53610.0
    2063    0.000000        0.0
    2064   -5.959132   165890.0
    2065   -5.752448   156040.0
    2066    0.000000        0.0
    2067   -0.296337     8450.0
    2068   -4.372851   121300.0
    2069   -0.040882     1170.0
    2070    0.000000        0.0
    2071    0.000000        0.0
    2072   -0.084882     2400.0
    2073    0.000000        0.0
    2074    0.000000        0.0
    2075   -9.644732   264560.0
    2076   -0.120899     3410.0
    2077    0.000000        0.0
    2078   -0.524955    11350.0
    2079  -23.506393   579590.0
    2080    0.000000        0.0
    2081  -45.594079  1265450.0
    2082   -9.119024   251730.0
    2083    0.000000        0.0
    2084   -0.460812    13120.0
    2085   -1.153066    32450.0
    2086    0.000000        0.0
    2087    0.000000        0.0
    2088   -0.044403     1270.0
    2089   -0.039222     1070.0
    2090   -0.109493     3080.0
    2091  -15.486733   402890.0
    2092   -4.581715   122600.0
    2093   -0.045830     1300.0
    2094   -0.156538     4390.0
    2095    0.000000        0.0
    2096    0.000000        0.0
    2097   -0.023444      660.0
    2098   -0.016062      450.0
    2099    0.000000        0.0
    2100    0.000000        0.0
    2101   -6.148660   166650.0
    2102   -1.949969    47610.0
    2103   -0.167059     4670.0
    2104   -0.164642     4560.0
    2105   -0.123819     3430.0
    2106   -0.218750     6070.0
    2107  -11.337156   273490.0
    2108   -7.999636   215920.0
    2109   -0.507441    13300.0
    2110   -6.772802   183810.0
    2111   -6.344240   171740.0
    2112  -13.783229   366180.0
    2113   -9.668705   255250.0
    2114   -0.014087      250.0
    2115  -12.305086   324140.0
    2116   -9.298976   256800.0
    2117    0.000000        0.0
    2118    0.000000        0.0
    2119   -7.841111   217650.0
    2120    0.000000        0.0
    2121   -0.491413    13430.0
    2122   -0.096035     2650.0
    2123    0.000000        0.0
    2124    0.000000        0.0
    2125    0.000000        0.0
    2126    0.000000        0.0
    2127   -0.000997        0.0
    2128    0.000000        0.0
    2129   -0.191792     4200.0
    2130   -0.306163     8520.0
    2131  -17.327136   448840.0
    2132    0.000000        0.0
    2133    0.000000        0.0
    2134   -9.665347   262170.0
    2135    0.000000        0.0
    2136    0.000000        0.0
    2137   -1.489201    42490.0
    2138   -0.675406    19420.0
    2139    0.000000        0.0
    2140   -0.002778       80.0
    2141   -4.471118   125220.0
    2142   -0.050101     1420.0
    2143   -0.004167      120.0
    2144   -0.046934     1330.0
    2145   -2.727250    76420.0
    2146   -0.000028        0.0
    2147   -0.000042        0.0
    2148   -0.025347      730.0
    2149   -0.026198      750.0
    2150    0.000000        0.0
    2151   -0.008736      250.0
    2152   -0.011840      340.0
    2153    0.000000        0.0
    2154   -0.172076     4830.0
    2155   -4.050795   113960.0
    2156   -0.084167     2360.0
    2157    0.000000        0.0
    2158   -8.169128   218650.0
    2159    0.000000        0.0
    2160  -30.118017   738900.0
    2161    0.000000        0.0
    2162  -14.082969   368680.0
    2163   -0.468622    12160.0
    2164    0.000000        0.0
    2165   -0.020205      580.0
    2166    0.000000        0.0
    2167   -2.503205    71390.0
    2168    0.000000        0.0
    2169    0.000000        0.0
    2170   -3.710274   103500.0
    2171    0.000000        0.0
    2172   -0.217743     6050.0
    2173   -0.067931     1930.0
    2174   -0.930983    23370.0
    2175   -0.148101     4170.0
    2176   -0.063024     1790.0
    2177    0.000000        0.0
    2178   -0.037392     1070.0
    2179   -0.000021        0.0
    2180   -0.000146        0.0
    2181   -0.059337     1650.0
    2182   -0.081438     2290.0
    2183   -0.043340     1080.0
    2184    0.000000        0.0
    2185    0.000000        0.0
    2186   -0.023455      670.0
    2187    0.000000        0.0
    2188   -4.221340   118800.0
    2189    0.000000        0.0
    2190   -0.038312     1090.0
    2191   -5.607351   155830.0
    2192   -0.000042        0.0
    2193   -0.000042        0.0
    2194  -13.694504   393080.0
    2195   -5.845382   163050.0
    2196    0.000000        0.0
    2197    0.000000        0.0
    2198    0.000000        0.0
    2199   -3.364038    92370.0
    2200  -17.054400   477180.0
    2201   -5.186038   144400.0
    2202    0.000000        0.0
    2203   -5.158389   142090.0
    2204   -0.108851     3070.0
    2205   -0.093087     2610.0
    2206   -6.147330   171140.0
    2207   -2.337899    66590.0
    2208   -1.630194    46640.0
    2209    0.000000        0.0
    2210   -4.673198   131020.0
    2211    0.000000        0.0
    2212  -36.612538   995410.0
    2213   -0.083146     2350.0
    2214   -8.455736   229980.0
    2215   -5.060771   140970.0
    2216    0.000000        0.0
    2217   -0.012524      360.0
    2218   -0.022524      640.0
    2219   -7.997007   213490.0
    2220  -26.298455   663390.0
    2221  -13.847899   363170.0
    2222  -31.541746   780100.0
    2223   -0.277358     7620.0
    2224   -3.845156   106670.0
    2225   -5.425198   150250.0
    2226   -4.984924   137590.0
    2227    0.000000        0.0
    2228   -3.984122   112270.0
    2229   -2.743681    77060.0
    2230   -0.021969      630.0
    2231   -0.039990     1140.0
    2232    0.000000        0.0
    2233   -0.042028     1200.0
    2234    0.000000        0.0
    2235    0.000000        0.0
    2236  -10.499785   282780.0
    2237   -7.288309   199170.0
    2238    0.000000        0.0
    2239   -8.198510   224610.0
    2240   -0.000194        0.0
    2241    0.000000        0.0
    2242   -3.043365    86100.0
    2243   -0.010115      290.0
    2244    0.000000        0.0
    2245    0.000000        0.0
    2246   -0.000347       10.0
    2247   -1.924410    53970.0
    2248   -1.498469    41950.0
    2249   -3.570469    96610.0
    2250   -0.003125       90.0
    2251    0.000000        0.0
    2252  -24.719135   622760.0
    2253   -0.000347        0.0
    2254  -22.570816   580850.0
    2255   -0.105319     2830.0
    2256   -8.965035   237570.0
    2257   -0.000083        0.0
    2258    0.000000        0.0
    2259    0.000000        0.0
    2260    0.000000        0.0
    2261    0.000000        0.0
    2262   -0.064396     1840.0
    2263    0.000000        0.0
    2264   -8.787535   235530.0
    2265   -6.957108   187640.0
    2266   -0.000010        0.0
    2267   -0.001677        0.0
    2268   -0.002806       80.0
    2269   -4.456924   123420.0
    2270    0.000000        0.0
    2271   -7.794066   212030.0
    2272   -3.365281    94200.0
    2273    0.000000        0.0
    2274   -3.096444    87160.0
    2275    0.000000        0.0
    2276   -6.081663   174990.0
    2277   -0.033851      970.0
    2278    0.000000        0.0
    2279   -3.485219    98140.0
    2280   -0.000052        0.0
    2281    0.000000        0.0
    2282    0.000000        0.0
    2283  -19.369517   495710.0
    2284   -5.037969   134610.0
    2285   -0.013260      380.0
    2286    0.000000        0.0
    2287    0.000000        0.0
    2288  -17.837094   456200.0
    2289  -14.696798   380970.0
    2290    0.000000        0.0
    2291    0.000000        0.0
    2292  -13.354003   341950.0
    2293  -19.880122   500250.0
    2294  -20.039128   512050.0
    2295  -37.048857   994890.0
    2296   -2.717743    76890.0
    2297   -2.830354    79840.0
    2298    0.000000        0.0
    2299    0.000000        0.0
    2300   -4.667778   128390.0
    2301    0.000000        0.0
    2302    0.000000        0.0
    2303    0.000000        0.0
    2304    0.000000        0.0
    2305   -0.010417      300.0
    2306   -0.074618     2100.0
    2307   -0.029642      850.0
    2308    0.000000        0.0
    2309   -0.073056      200.0
    2310    0.000000        0.0
    2311   -0.008333      240.0
    2312   -0.013236      380.0
    2313   -4.666174   130160.0
    2314    0.000000        0.0
    2315    0.000000        0.0
    2316    0.000000        0.0
    2317    0.000000        0.0
    2318    0.000000        0.0
    2319    0.000000        0.0
    2320    0.000000        0.0
    2321   -0.008333      240.0
    2322    0.000000        0.0
    2323    0.000000        0.0
    2324    0.000000        0.0
    2325   -4.151563   115980.0
    2326    0.000000        0.0
    2327    0.000000        0.0
    2328  -12.370757   323400.0
    2329   -0.074365     2070.0
    2330    0.000000        0.0
    2331   -0.035361      970.0
    2332    0.000000        0.0
    2333   -0.058750     1680.0
    2334    0.000000        0.0
    2335    0.000000        0.0
    2336   -0.048899     1370.0
    2337   -0.000260        0.0
    2338   -0.000073        0.0
    2339   -0.105944     2960.0
    2340    0.000000        0.0
    2341   -0.087135     2440.0
    2342   -0.016344      440.0
    2343    0.000000        0.0
    2344    0.000000        0.0
    2345    0.000000        0.0
    2346    0.000000        0.0
    2347    0.000000        0.0
    2348  -21.900677   561570.0
    2349   -0.001500        0.0
    2350    0.000000        0.0
    2351   -0.009288      250.0
    2352   -0.032434      900.0
    2353   -0.092097     1790.0
    2354    0.000000        0.0
    2355   -0.004861      140.0
    2356   -4.156243   116340.0
    2357   -0.083997      890.0
    2358   -3.200965    90280.0
    2359   -5.426233   149340.0
    2360    0.000000        0.0
    2361   -0.027750      790.0
    2362   -0.000062        0.0
    2363    0.000000        0.0
    2364    0.000000        0.0
    2365   -8.737563   238390.0
    2366    0.000000        0.0
    2367   -5.947073   165800.0
    2368    0.000000        0.0
    2369   -6.798285   183730.0
    2370    0.000000        0.0
    2371    0.000000        0.0
    2372   -0.002944       80.0
    2373    0.000000        0.0
    2374   -7.668542   212920.0
    2375    0.000000        0.0
    2376   -4.818785   130980.0
    2377   -3.721115   102210.0
    2378   -9.265871   252040.0
    2379    0.000000        0.0
    2380    0.000000        0.0
    2381   -0.139253     3940.0
    2382    0.000000        0.0
    2383   -4.981646   138570.0
    2384   -1.002219    27380.0
    2385   -0.151691     4280.0
    2386   -0.150865     4060.0
    2387   -8.518021   231070.0
    2388    0.000000        0.0
    2389   -2.621924    74300.0
    2390    0.000000        0.0
    2391    0.000000        0.0
    2392    0.000000        0.0
    2393   -6.661976   179260.0
    2394    0.000000        0.0
    2395   -3.302754    90850.0
    2396  -21.514424   529690.0
    2397   -0.060899     1710.0
    2398   -0.078458     2180.0