540
30
2 2 2 2 2 2 2 2 2 2 2 2 2 2 2 2 2 2 2 2 2 2 2 2 2 2 2 2 2 2 2 2 2 2 2 2 2 2 2 2 2 2 2 2 2 2 2 2 2 2 2 2 2 2 2 2 2 2 2 2 2 2 2 2 2 2 2 2 2 2 2 2 2 2 2 2 2 2 2 2 2 2 2 2 2 2 2 2 2 2 2 2 2 2 2 2 2 2 2 2 2 2 2 2 2 2 2 2 2 2 2 2 2 2 2 2 2 2 2 2 2 2 2 2 2 2 2 2 2 2 2 2 2 2 2 2 2 2 2 2 2 2 2 2 2 2 2 2 2 2 2 2 2 2 2 2 2 2 2 2 2 2 2 2 2 2 2 2 2 2 2 2 2 2 2 3 3 3 3 3 3 3 3 3 3 3 3 3 3 3 3 3 3 3 3 3 3 3 3 3 3 3 3 3 3 3 3 3 3 3 3 3 3 3 3 3 3 3 3 3 3 3 3 3 3 3 3 3 3 3 3 3 3 3 3 3 3 3 3 3 3 3 3 3 3 3 3 3 3 3 3 3 3 3 3 3 3 3 3 3 3 3 3 3 3 3 3 3 3 3 3 3 3 3 3 3 3 3 3 3 3 3 3 3 3 3 3 3 3 3 3 3 3 3 3 3 3 3 3 3 3 3 3 3 3 3 3 3 3 3 3 3 3 3 3 3 3 3 3 3 3 3 3 3 3 3 3 3 3 3 3 3 3 3 3 3 3 3 3 3 3 3 3 3 3 3 3 3 3 3 3 3 3 3 3 3 3 3 3 3 3 3 3 3 3 3 3 3 3 3 3 3 3 3 3 3 3 3 3 3 3 3 3 3 3 3 3 3 3 3 3 3 3 3 3 3 3 3 3 3 3 3 3 3 3 6 6 6 6 6 6 6 6 6 6 6 6 6 6 6 6 6 6 6 6 6 6 6 6 6 6 6 6 6 6 6 6 6 6 6 6 6 6 6 6 6 6 6 6 6 6 6 6 6 6 6 6 6 6 6 6 6 6 6 6 6 6 6 6 6 6 6 6 6 6 6 6 6 6 6 6 6 6 6 6 6 6 6 6 6 6 6 6 6 6 6 6 6 6 6 6 6 6 6 6 6 6 6 6 6 6 6 6 6 6 6 6 6 6 6 6 6 6 6 6 6 6 6 6 6 6 6 6 6 6 6 6 6 6 6
28800 28800 28800 28800 28800 28800 28800 28800 28800 28800 28800 28800 28800 28800 28800 28800 28800 28800 28800 28800 28800 28800 28800 28800 28800 28800 28800 28800 28800 28800 28800 28800 28800 28800 28800 28800 28800 28800 28800 28800 28800 28800 28800 28800 28800 28800 28800 28800 28800 28800 28800 28800 28800 28800 28800 28800 28800 28800 28800 28800 28800 28800 28800 28800 28800 28800 28800 28800 28800 28800 28800 28800 28800 28800 28800 28800 28800 28800 28800 28800 28800 28800 28800 28800 28800 28800 28800 28800 28800 28800 28800 28800 28800 28800 28800 28800 28800 28800 28800 28800 28800 28800 28800 28800 28800 28800 28800 28800 28800 28800 28800 28800 28800 28800 28800 28800 28800 28800 28800 28800 28800 28800 28800 28800 28800 28800 28800 28800 28800 28800 28800 28800 28800 28800 28800 28800 28800 28800 28800 28800 28800 28800 28800 28800 28800 28800 28800 28800 28800 28800 28800 28800 28800 28800 28800 28800 28800 28800 28800 28800 28800 28800 28800 28800 28800 28800 28800 28800 28800 28800 28800 28800 28800 28800 28800 28800 28800 28800 28800 28800 28800 28800 28800 28800 28800 28800 28800 28800 28800 28800 28800 28800 28800 28800 28800 28800 28800 28800 28800 28800 28800 28800 28800 28800 28800 28800 28800 28800 28800 28800 28800 28800 28800 28800 28800 28800 28800 28800 28800 28800 28800 28800 28800 28800 28800 28800 28800 28800 28800 28800 28800 28800 28800 28800 28800 28800 28800 28800 28800 28800 28800 28800 28800 28800 28800 28800 28800 28800 28800 28800 28800 28800 28800 28800 28800 28800 28800 28800 28800 28800 28800 28800 28800 28800 28800 28800 28800 28800 28800 28800 28800 28800 28800 28800 28800 28800 28800 28800 28800 28800 28800 28800 28800 28800 28800 28800 28800 28800 28800 28800 28800 28800 28800 28800 28800 28800 28800 28800 28800 28800 28800 28800 28800 28800 28800 28800 28800 28800 28800 28800 28800 28800 28800 28800 28800 28800 28800 28800 28800 28800 28800 28800 28800 28800 28800 28800 28800 28800 28800 28800 28800 28800 28800 28800 28800 28800 28800 28800 28800 28800 28800 28800 28800 28800 28800 28800 28800 28800 28800 28800 28800 28800 28800 28800 28800 28800 28800 28800 28800 28800 28800 28800 28800 28800 28800 28800 28800 28800 28800 28800 28800 28800 28800 28800 28800 28800 28800 28800 28800 28800 28800 28800 28800 28800 28800 28800 28800 28800 28800 28800 28800 28800 28800 28800 28800 28800 28800 28800 28800 28800 28800 28800 28800 28800 28800 28800 28800 28800 28800 28800 28800 28800 28800 28800 28800 28800 28800 28800 28800 28800 28800 28800 28800 28800 28800 28800 28800 28800 28800 28800 28800 28800 28800 28800 28800 28800 28800 28800 28800 28800 28800 28800 28800 28800 28800 28800 28800 28800 28800 28800 28800 28800 28800 28800 28800 28800 28800 28800 28800 28800 28800 28800 28800 28800 28800 28800 28800 28800 28800 28800 28800 28800 28800 28800 28800 28800 28800 28800 28800 28800 28800 28800 28800 28800 28800 28800 28800 28800 28800 28800 28800 28800 28800 28800 28800 28800 28800 28800 28800 28800 28800 28800 28800 28800 28800 28800 28800 28800 28800 28800 28800 28800 28800 28800 28800 28800 28800 28800 28800 28800 28800 28800 28800 28800 28800 28800 28800 28800 28800 28800 28800 28800 28800 28800 28800 28800 28800 28800 28800 28800
1 1 4 50
1 2 19 110
1 2 20 110
2 1 4 50
2 2 19 110
2 2 20 110
3 1 4 50
3 2 19 110
3 2 20 110
4 1 4 50
4 2 19 110
4 2 20 110
5 1 4 50
5 2 19 110
5 2 20 110
6 1 4 50
6 2 19 110
6 2 20 110
7 1 4 50
7 2 19 110
7 2 20 110
8 1 4 50
8 2 19 110
8 2 20 110
9 1 4 50
9 2 19 110
9 2 20 110
10 1 4 50
10 2 19 110
10 2 20 110
11 1 4 50
11 2 19 110
11 2 20 110
12 1 4 50
12 2 19 110
12 2 20 110
13 1 4 50
13 2 19 110
13 2 20 110
14 1 4 50
14 2 19 110
14 2 20 110
15 1 4 50
15 2 19 110
15 2 20 110
16 1 4 50
16 2 19 110
16 2 20 110
17 1 4 50
17 2 19 110
17 2 20 110
18 1 4 50
18 2 19 110
18 2 20 110
19 1 4 50
19 2 19 110
19 2 20 110
20 1 4 50
20 2 19 110
20 2 20 110
21 1 4 50
21 2 19 110
21 2 20 110
22 1 4 50
22 2 19 110
22 2 20 110
23 1 4 50
23 2 19 110
23 2 20 110
24 1 4 50
24 2 19 110
24 2 20 110
25 1 4 50
25 2 19 110
25 2 20 110
26 1 4 50
26 2 19 110
26 2 20 110
27 1 4 50
27 2 19 110
27 2 20 110
28 1 4 50
28 2 19 110
28 2 20 110
29 1 4 50
29 2 19 110
29 2 20 110
30 1 4 50
30 2 19 110
30 2 20 110
31 1 4 50
31 2 19 110
31 2 20 110
32 1 4 50
32 2 19 110
32 2 20 110
33 1 4 50
33 2 19 110
33 2 20 110
34 1 4 50
34 2 19 110
34 2 20 110
35 1 4 50
35 2 19 110
35 2 20 110
36 1 4 50
36 2 19 110
36 2 20 110
37 1 4 50
37 2 19 110
37 2 20 110
38 1 4 50
38 2 19 110
38 2 20 110
39 1 4 50
39 2 19 110
39 2 20 110
40 1 4 50
40 2 19 110
40 2 20 110
41 1 4 50
41 2 19 110
41 2 20 110
42 1 4 50
42 2 19 110
42 2 20 110
43 1 4 50
43 2 19 110
43 2 20 110
44 1 4 50
44 2 19 110
44 2 20 110
45 1 4 50
45 2 19 110
45 2 20 110
46 1 4 50
46 2 19 110
46 2 20 110
47 1 4 50
47 2 19 110
47 2 20 110
48 1 4 50
48 2 19 110
48 2 20 110
49 1 4 50
49 2 19 110
49 2 20 110
50 1 4 50
50 2 19 110
50 2 20 110
51 1 4 50
51 2 19 110
51 2 20 110
52 1 4 50
52 2 19 110
52 2 20 110
53 1 4 50
53 2 19 110
53 2 20 110
54 1 4 50
54 2 19 110
54 2 20 110
55 1 4 50
55 2 19 110
55 2 20 110
56 1 4 50
56 2 19 110
56 2 20 110
57 1 4 50
57 2 19 110
57 2 20 110
58 1 4 50
58 2 19 110
58 2 20 110
59 1 4 50
59 2 19 110
59 2 20 110
60 1 4 50
60 2 19 110
60 2 20 110
61 1 4 50
61 2 19 110
61 2 20 110
62 1 4 50
62 2 19 110
62 2 20 110
63 1 4 50
63 2 19 110
63 2 20 110
64 1 4 50
64 2 19 110
64 2 20 110
65 1 4 50
65 2 19 110
65 2 20 110
66 1 4 50
66 2 19 110
66 2 20 110
67 1 4 50
67 2 19 110
67 2 20 110
68 1 4 50
68 2 19 110
68 2 20 110
69 1 4 50
69 2 19 110
69 2 20 110
70 1 4 50
70 2 19 110
70 2 20 110
71 1 4 50
71 2 19 110
71 2 20 110
72 1 4 50
72 2 19 110
72 2 20 110
73 1 4 50
73 2 19 110
73 2 20 110
74 1 4 50
74 2 19 110
74 2 20 110
75 1 4 50
75 2 19 110
75 2 20 110
76 1 4 50
76 2 19 110
76 2 20 110
77 1 4 50
77 2 19 110
77 2 20 110
78 1 4 50
78 2 19 110
78 2 20 110
79 1 4 50
79 2 19 110
79 2 20 110
80 1 4 50
80 2 19 110
80 2 20 110
81 1 4 50
81 2 19 110
81 2 20 110
82 1 4 50
82 2 19 110
82 2 20 110
83 1 4 50
83 2 19 110
83 2 20 110
84 1 4 50
84 2 19 110
84 2 20 110
85 1 4 50
85 2 19 110
85 2 20 110
86 1 4 50
86 2 19 110
86 2 20 110
87 1 4 50
87 2 19 110
87 2 20 110
88 1 4 50
88 2 19 110
88 2 20 110
89 1 4 50
89 2 19 110
89 2 20 110
90 1 4 50
90 2 19 110
90 2 20 110
91 1 4 50
91 2 19 110
91 2 20 110
92 1 4 50
92 2 19 110
92 2 20 110
93 1 4 50
93 2 19 110
93 2 20 110
94 1 4 50
94 2 19 110
94 2 20 110
95 1 4 50
95 2 19 110
95 2 20 110
96 1 4 50
96 2 19 110
96 2 20 110
97 1 4 50
97 2 19 110
97 2 20 110
98 1 4 50
98 2 19 110
98 2 20 110
99 1 4 50
99 2 19 110
99 2 20 110
100 1 4 50
100 2 19 110
100 2 20 110
101 1 4 50
101 2 19 110
101 2 20 110
102 1 4 50
102 2 19 110
102 2 20 110
103 1 4 50
103 2 19 110
103 2 20 110
104 1 4 50
104 2 19 110
104 2 20 110
105 1 4 50
105 2 19 110
105 2 20 110
106 1 4 50
106 2 19 110
106 2 20 110
107 1 4 50
107 2 19 110
107 2 20 110
108 1 4 50
108 2 19 110
108 2 20 110
109 1 4 50
109 2 19 110
109 2 20 110
110 1 4 50
110 2 19 110
110 2 20 110
111 1 4 50
111 2 19 110
111 2 20 110
112 1 4 50
112 2 19 110
112 2 20 110
113 1 4 50
113 2 19 110
113 2 20 110
114 1 4 50
114 2 19 110
114 2 20 110
115 1 4 50
115 2 19 110
115 2 20 110
116 1 4 50
116 2 19 110
116 2 20 110
117 1 4 50
117 2 19 110
117 2 20 110
118 1 4 50
118 2 19 110
118 2 20 110
119 1 4 50
119 2 19 110
119 2 20 110
120 1 4 50
120 2 19 110
120 2 20 110
121 1 4 50
121 2 19 110
121 2 20 110
122 1 4 50
122 2 19 110
122 2 20 110
123 1 4 50
123 2 19 110
123 2 20 110
124 1 4 50
124 2 19 110
124 2 20 110
125 1 4 50
125 2 19 110
125 2 20 110
126 1 4 50
126 2 19 110
126 2 20 110
127 1 4 50
127 2 19 110
127 2 20 110
128 1 4 50
128 2 19 110
128 2 20 110
129 1 4 50
129 2 19 110
129 2 20 110
130 1 4 50
130 2 19 110
130 2 20 110
131 1 4 50
131 2 19 110
131 2 20 110
132 1 4 50
132 2 19 110
132 2 20 110
133 1 4 50
133 2 19 110
133 2 20 110
134 1 4 50
134 2 19 110
134 2 20 110
135 1 4 50
135 2 19 110
135 2 20 110
136 1 4 50
136 2 19 110
136 2 20 110
137 1 4 50
137 2 19 110
137 2 20 110
138 1 4 50
138 2 19 110
138 2 20 110
139 1 4 50
139 2 19 110
139 2 20 110
140 1 4 50
140 2 19 110
140 2 20 110
141 1 4 50
141 2 19 110
141 2 20 110
142 1 4 50
142 2 19 110
142 2 20 110
143 1 4 50
143 2 19 110
143 2 20 110
144 1 4 50
144 2 19 110
144 2 20 110
145 1 4 50
145 2 19 110
145 2 20 110
146 1 4 50
146 2 19 110
146 2 20 110
147 1 4 50
147 2 19 110
147 2 20 110
148 1 4 50
148 2 19 110
148 2 20 110
149 1 4 50
149 2 19 110
149 2 20 110
150 1 4 50
150 2 19 110
150 2 20 110
151 1 4 50
151 2 19 110
151 2 20 110
152 1 4 50
152 2 19 110
152 2 20 110
153 1 4 50
153 2 19 110
153 2 20 110
154 1 4 50
154 2 19 110
154 2 20 110
155 1 4 50
155 2 19 110
155 2 20 110
156 1 4 50
156 2 19 110
156 2 20 110
157 1 4 50
157 2 19 110
157 2 20 110
158 1 4 50
158 2 19 110
158 2 20 110
159 1 4 50
159 2 19 110
159 2 20 110
160 1 4 50
160 2 19 110
160 2 20 110
161 1 4 50
161 2 19 110
161 2 20 110
162 1 4 50
162 2 19 110
162 2 20 110
163 1 4 50
163 2 19 110
163 2 20 110
164 1 4 50
164 2 19 110
164 2 20 110
165 1 4 50
165 2 19 110
165 2 20 110
166 1 4 50
166 2 19 110
166 2 20 110
167 1 4 50
167 2 19 110
167 2 20 110
168 1 4 50
168 2 19 110
168 2 20 110
169 1 4 50
169 2 19 110
169 2 20 110
170 1 4 50
170 2 19 110
170 2 20 110
171 1 4 50
171 2 19 110
171 2 20 110
172 1 4 50
172 2 19 110
172 2 20 110
173 1 4 50
173 2 19 110
173 2 20 110
174 1 4 50
174 2 19 110
174 2 20 110
175 1 4 50
175 2 19 110
175 2 20 110
176 1 2 20
176 1 3 20
176 2 14 50
176 2 15 50
176 2 16 50
176 3 5 240
176 3 6 240
176 3 7 240
176 3 8 240
176 3 9 240
176 3 10 240
176 3 11 240
176 3 12 240
176 3 13 240
177 1 2 20
177 1 3 20
177 2 14 50
177 2 15 50
177 2 16 50
177 3 5 240
177 3 6 240
177 3 7 240
177 3 8 240
177 3 9 240
177 3 10 240
177 3 11 240
177 3 12 240
177 3 13 240
178 1 2 20
178 1 3 20
178 2 14 50
178 2 15 50
178 2 16 50
178 3 5 240
178 3 6 240
178 3 7 240
178 3 8 240
178 3 9 240
178 3 10 240
178 3 11 240
178 3 12 240
178 3 13 240
179 1 2 20
179 1 3 20
179 2 14 50
179 2 15 50
179 2 16 50
179 3 5 240
179 3 6 240
179 3 7 240
179 3 8 240
179 3 9 240
179 3 10 240
179 3 11 240
179 3 12 240
179 3 13 240
180 1 2 20
180 1 3 20
180 2 14 50
180 2 15 50
180 2 16 50
180 3 5 240
180 3 6 240
180 3 7 240
180 3 8 240
180 3 9 240
180 3 10 240
180 3 11 240
180 3 12 240
180 3 13 240
181 1 2 20
181 1 3 20
181 2 14 50
181 2 15 50
181 2 16 50
181 3 5 240
181 3 6 240
181 3 7 240
181 3 8 240
181 3 9 240
181 3 10 240
181 3 11 240
181 3 12 240
181 3 13 240
182 1 2 20
182 1 3 20
182 2 14 50
182 2 15 50
182 2 16 50
182 3 5 240
182 3 6 240
182 3 7 240
182 3 8 240
182 3 9 240
182 3 10 240
182 3 11 240
182 3 12 240
182 3 13 240
183 1 2 20
183 1 3 20
183 2 14 50
183 2 15 50
183 2 16 50
183 3 5 240
183 3 6 240
183 3 7 240
183 3 8 240
183 3 9 240
183 3 10 240
183 3 11 240
183 3 12 240
183 3 13 240
184 1 2 20
184 1 3 20
184 2 14 50
184 2 15 50
184 2 16 50
184 3 5 240
184 3 6 240
184 3 7 240
184 3 8 240
184 3 9 240
184 3 10 240
184 3 11 240
184 3 12 240
184 3 13 240
185 1 2 20
185 1 3 20
185 2 14 50
185 2 15 50
185 2 16 50
185 3 5 240
185 3 6 240
185 3 7 240
185 3 8 240
185 3 9 240
185 3 10 240
185 3 11 240
185 3 12 240
185 3 13 240
186 1 2 20
186 1 3 20
186 2 14 50
186 2 15 50
186 2 16 50
186 3 5 240
186 3 6 240
186 3 7 240
186 3 8 240
186 3 9 240
186 3 10 240
186 3 11 240
186 3 12 240
186 3 13 240
187 1 2 20
187 1 3 20
187 2 14 50
187 2 15 50
187 2 16 50
187 3 5 240
187 3 6 240
187 3 7 240
187 3 8 240
187 3 9 240
187 3 10 240
187 3 11 240
187 3 12 240
187 3 13 240
188 1 2 20
188 1 3 20
188 2 14 50
188 2 15 50
188 2 16 50
188 3 5 240
188 3 6 240
188 3 7 240
188 3 8 240
188 3 9 240
188 3 10 240
188 3 11 240
188 3 12 240
188 3 13 240
189 1 2 20
189 1 3 20
189 2 14 50
189 2 15 50
189 2 16 50
189 3 5 240
189 3 6 240
189 3 7 240
189 3 8 240
189 3 9 240
189 3 10 240
189 3 11 240
189 3 12 240
189 3 13 240
190 1 2 20
190 1 3 20
190 2 14 50
190 2 15 50
190 2 16 50
190 3 5 240
190 3 6 240
190 3 7 240
190 3 8 240
190 3 9 240
190 3 10 240
190 3 11 240
190 3 12 240
190 3 13 240
191 1 2 20
191 1 3 20
191 2 14 50
191 2 15 50
191 2 16 50
191 3 5 240
191 3 6 240
191 3 7 240
191 3 8 240
191 3 9 240
191 3 10 240
191 3 11 240
191 3 12 240
191 3 13 240
192 1 2 20
192 1 3 20
192 2 14 50
192 2 15 50
192 2 16 50
192 3 5 240
192 3 6 240
192 3 7 240
192 3 8 240
192 3 9 240
192 3 10 240
192 3 11 240
192 3 12 240
192 3 13 240
193 1 2 20
193 1 3 20
193 2 14 50
193 2 15 50
193 2 16 50
193 3 5 240
193 3 6 240
193 3 7 240
193 3 8 240
193 3 9 240
193 3 10 240
193 3 11 240
193 3 12 240
193 3 13 240
194 1 2 20
194 1 3 20
194 2 14 50
194 2 15 50
194 2 16 50
194 3 5 240
194 3 6 240
194 3 7 240
194 3 8 240
194 3 9 240
194 3 10 240
194 3 11 240
194 3 12 240
194 3 13 240
195 1 2 20
195 1 3 20
195 2 14 50
195 2 15 50
195 2 16 50
195 3 5 240
195 3 6 240
195 3 7 240
195 3 8 240
195 3 9 240
195 3 10 240
195 3 11 240
195 3 12 240
195 3 13 240
196 1 2 20
196 1 3 20
196 2 14 50
196 2 15 50
196 2 16 50
196 3 5 240
196 3 6 240
196 3 7 240
196 3 8 240
196 3 9 240
196 3 10 240
196 3 11 240
196 3 12 240
196 3 13 240
197 1 2 20
197 1 3 20
197 2 14 50
197 2 15 50
197 2 16 50
197 3 5 240
197 3 6 240
197 3 7 240
197 3 8 240
197 3 9 240
197 3 10 240
197 3 11 240
197 3 12 240
197 3 13 240
198 1 2 20
198 1 3 20
198 2 14 50
198 2 15 50
198 2 16 50
198 3 5 240
198 3 6 240
198 3 7 240
198 3 8 240
198 3 9 240
198 3 10 240
198 3 11 240
198 3 12 240
198 3 13 240
199 1 2 20
199 1 3 20
199 2 14 50
199 2 15 50
199 2 16 50
199 3 5 240
199 3 6 240
199 3 7 240
199 3 8 240
199 3 9 240
199 3 10 240
199 3 11 240
199 3 12 240
199 3 13 240
200 1 2 20
200 1 3 20
200 2 14 50
200 2 15 50
200 2 16 50
200 3 5 240
200 3 6 240
200 3 7 240
200 3 8 240
200 3 9 240
200 3 10 240
200 3 11 240
200 3 12 240
200 3 13 240
201 1 2 20
201 1 3 20
201 2 14 50
201 2 15 50
201 2 16 50
201 3 5 240
201 3 6 240
201 3 7 240
201 3 8 240
201 3 9 240
201 3 10 240
201 3 11 240
201 3 12 240
201 3 13 240
202 1 2 20
202 1 3 20
202 2 14 50
202 2 15 50
202 2 16 50
202 3 5 240
202 3 6 240
202 3 7 240
202 3 8 240
202 3 9 240
202 3 10 240
202 3 11 240
202 3 12 240
202 3 13 240
203 1 2 20
203 1 3 20
203 2 14 50
203 2 15 50
203 2 16 50
203 3 5 240
203 3 6 240
203 3 7 240
203 3 8 240
203 3 9 240
203 3 10 240
203 3 11 240
203 3 12 240
203 3 13 240
204 1 2 20
204 1 3 20
204 2 14 50
204 2 15 50
204 2 16 50
204 3 5 240
204 3 6 240
204 3 7 240
204 3 8 240
204 3 9 240
204 3 10 240
204 3 11 240
204 3 12 240
204 3 13 240
205 1 2 20
205 1 3 20
205 2 14 50
205 2 15 50
205 2 16 50
205 3 5 240
205 3 6 240
205 3 7 240
205 3 8 240
205 3 9 240
205 3 10 240
205 3 11 240
205 3 12 240
205 3 13 240
206 1 2 20
206 1 3 20
206 2 14 50
206 2 15 50
206 2 16 50
206 3 5 240
206 3 6 240
206 3 7 240
206 3 8 240
206 3 9 240
206 3 10 240
206 3 11 240
206 3 12 240
206 3 13 240
207 1 2 20
207 1 3 20
207 2 14 50
207 2 15 50
207 2 16 50
207 3 5 240
207 3 6 240
207 3 7 240
207 3 8 240
207 3 9 240
207 3 10 240
207 3 11 240
207 3 12 240
207 3 13 240
208 1 2 20
208 1 3 20
208 2 14 50
208 2 15 50
208 2 16 50
208 3 5 240
208 3 6 240
208 3 7 240
208 3 8 240
208 3 9 240
208 3 10 240
208 3 11 240
208 3 12 240
208 3 13 240
209 1 2 20
209 1 3 20
209 2 14 50
209 2 15 50
209 2 16 50
209 3 5 240
209 3 6 240
209 3 7 240
209 3 8 240
209 3 9 240
209 3 10 240
209 3 11 240
209 3 12 240
209 3 13 240
210 1 2 20
210 1 3 20
210 2 14 50
210 2 15 50
210 2 16 50
210 3 5 240
210 3 6 240
210 3 7 240
210 3 8 240
210 3 9 240
210 3 10 240
210 3 11 240
210 3 12 240
210 3 13 240
211 1 2 20
211 1 3 20
211 2 14 50
211 2 15 50
211 2 16 50
211 3 5 240
211 3 6 240
211 3 7 240
211 3 8 240
211 3 9 240
211 3 10 240
211 3 11 240
211 3 12 240
211 3 13 240
212 1 2 20
212 1 3 20
212 2 14 50
212 2 15 50
212 2 16 50
212 3 5 240
212 3 6 240
212 3 7 240
212 3 8 240
212 3 9 240
212 3 10 240
212 3 11 240
212 3 12 240
212 3 13 240
213 1 2 20
213 1 3 20
213 2 14 50
213 2 15 50
213 2 16 50
213 3 5 240
213 3 6 240
213 3 7 240
213 3 8 240
213 3 9 240
213 3 10 240
213 3 11 240
213 3 12 240
213 3 13 240
214 1 2 20
214 1 3 20
214 2 14 50
214 2 15 50
214 2 16 50
214 3 5 240
214 3 6 240
214 3 7 240
214 3 8 240
214 3 9 240
214 3 10 240
214 3 11 240
214 3 12 240
214 3 13 240
215 1 2 20
215 1 3 20
215 2 14 50
215 2 15 50
215 2 16 50
215 3 5 240
215 3 6 240
215 3 7 240
215 3 8 240
215 3 9 240
215 3 10 240
215 3 11 240
215 3 12 240
215 3 13 240
216 1 2 20
216 1 3 20
216 2 14 50
216 2 15 50
216 2 16 50
216 3 5 240
216 3 6 240
216 3 7 240
216 3 8 240
216 3 9 240
216 3 10 240
216 3 11 240
216 3 12 240
216 3 13 240
217 1 2 20
217 1 3 20
217 2 14 50
217 2 15 50
217 2 16 50
217 3 5 240
217 3 6 240
217 3 7 240
217 3 8 240
217 3 9 240
217 3 10 240
217 3 11 240
217 3 12 240
217 3 13 240
218 1 2 20
218 1 3 20
218 2 14 50
218 2 15 50
218 2 16 50
218 3 5 240
218 3 6 240
218 3 7 240
218 3 8 240
218 3 9 240
218 3 10 240
218 3 11 240
218 3 12 240
218 3 13 240
219 1 2 20
219 1 3 20
219 2 14 50
219 2 15 50
219 2 16 50
219 3 5 240
219 3 6 240
219 3 7 240
219 3 8 240
219 3 9 240
219 3 10 240
219 3 11 240
219 3 12 240
219 3 13 240
220 1 2 20
220 1 3 20
220 2 14 50
220 2 15 50
220 2 16 50
220 3 5 240
220 3 6 240
220 3 7 240
220 3 8 240
220 3 9 240
220 3 10 240
220 3 11 240
220 3 12 240
220 3 13 240
221 1 2 20
221 1 3 20
221 2 14 50
221 2 15 50
221 2 16 50
221 3 5 240
221 3 6 240
221 3 7 240
221 3 8 240
221 3 9 240
221 3 10 240
221 3 11 240
221 3 12 240
221 3 13 240
222 1 2 20
222 1 3 20
222 2 14 50
222 2 15 50
222 2 16 50
222 3 5 240
222 3 6 240
222 3 7 240
222 3 8 240
222 3 9 240
222 3 10 240
222 3 11 240
222 3 12 240
222 3 13 240
223 1 2 20
223 1 3 20
223 2 14 50
223 2 15 50
223 2 16 50
223 3 5 240
223 3 6 240
223 3 7 240
223 3 8 240
223 3 9 240
223 3 10 240
223 3 11 240
223 3 12 240
223 3 13 240
224 1 2 20
224 1 3 20
224 2 14 50
224 2 15 50
224 2 16 50
224 3 5 240
224 3 6 240
224 3 7 240
224 3 8 240
224 3 9 240
224 3 10 240
224 3 11 240
224 3 12 240
224 3 13 240
225 1 2 20
225 1 3 20
225 2 14 50
225 2 15 50
225 2 16 50
225 3 5 240
225 3 6 240
225 3 7 240
225 3 8 240
225 3 9 240
225 3 10 240
225 3 11 240
225 3 12 240
225 3 13 240
226 1 2 20
226 1 3 20
226 2 14 50
226 2 15 50
226 2 16 50
226 3 5 240
226 3 6 240
226 3 7 240
226 3 8 240
226 3 9 240
226 3 10 240
226 3 11 240
226 3 12 240
226 3 13 240
227 1 2 20
227 1 3 20
227 2 14 50
227 2 15 50
227 2 16 50
227 3 5 240
227 3 6 240
227 3 7 240
227 3 8 240
227 3 9 240
227 3 10 240
227 3 11 240
227 3 12 240
227 3 13 240
228 1 2 20
228 1 3 20
228 2 14 50
228 2 15 50
228 2 16 50
228 3 5 240
228 3 6 240
228 3 7 240
228 3 8 240
228 3 9 240
228 3 10 240
228 3 11 240
228 3 12 240
228 3 13 240
229 1 2 20
229 1 3 20
229 2 14 50
229 2 15 50
229 2 16 50
229 3 5 240
229 3 6 240
229 3 7 240
229 3 8 240
229 3 9 240
229 3 10 240
229 3 11 240
229 3 12 240
229 3 13 240
230 1 2 20
230 1 3 20
230 2 14 50
230 2 15 50
230 2 16 50
230 3 5 240
230 3 6 240
230 3 7 240
230 3 8 240
230 3 9 240
230 3 10 240
230 3 11 240
230 3 12 240
230 3 13 240
231 1 2 20
231 1 3 20
231 2 14 50
231 2 15 50
231 2 16 50
231 3 5 240
231 3 6 240
231 3 7 240
231 3 8 240
231 3 9 240
231 3 10 240
231 3 11 240
231 3 12 240
231 3 13 240
232 1 2 20
232 1 3 20
232 2 14 50
232 2 15 50
232 2 16 50
232 3 5 240
232 3 6 240
232 3 7 240
232 3 8 240
232 3 9 240
232 3 10 240
232 3 11 240
232 3 12 240
232 3 13 240
233 1 2 20
233 1 3 20
233 2 14 50
233 2 15 50
233 2 16 50
233 3 5 240
233 3 6 240
233 3 7 240
233 3 8 240
233 3 9 240
233 3 10 240
233 3 11 240
233 3 12 240
233 3 13 240
234 1 2 20
234 1 3 20
234 2 14 50
234 2 15 50
234 2 16 50
234 3 5 240
234 3 6 240
234 3 7 240
234 3 8 240
234 3 9 240
234 3 10 240
234 3 11 240
234 3 12 240
234 3 13 240
235 1 2 20
235 1 3 20
235 2 14 50
235 2 15 50
235 2 16 50
235 3 5 240
235 3 6 240
235 3 7 240
235 3 8 240
235 3 9 240
235 3 10 240
235 3 11 240
235 3 12 240
235 3 13 240
236 1 2 20
236 1 3 20
236 2 14 50
236 2 15 50
236 2 16 50
236 3 5 240
236 3 6 240
236 3 7 240
236 3 8 240
236 3 9 240
236 3 10 240
236 3 11 240
236 3 12 240
236 3 13 240
237 1 2 20
237 1 3 20
237 2 14 50
237 2 15 50
237 2 16 50
237 3 5 240
237 3 6 240
237 3 7 240
237 3 8 240
237 3 9 240
237 3 10 240
237 3 11 240
237 3 12 240
237 3 13 240
238 1 2 20
238 1 3 20
238 2 14 50
238 2 15 50
238 2 16 50
238 3 5 240
238 3 6 240
238 3 7 240
238 3 8 240
238 3 9 240
238 3 10 240
238 3 11 240
238 3 12 240
238 3 13 240
239 1 2 20
239 1 3 20
239 2 14 50
239 2 15 50
239 2 16 50
239 3 5 240
239 3 6 240
239 3 7 240
239 3 8 240
239 3 9 240
239 3 10 240
239 3 11 240
239 3 12 240
239 3 13 240
240 1 2 20
240 1 3 20
240 2 14 50
240 2 15 50
240 2 16 50
240 3 5 240
240 3 6 240
240 3 7 240
240 3 8 240
240 3 9 240
240 3 10 240
240 3 11 240
240 3 12 240
240 3 13 240
241 1 2 20
241 1 3 20
241 2 14 50
241 2 15 50
241 2 16 50
241 3 5 240
241 3 6 240
241 3 7 240
241 3 8 240
241 3 9 240
241 3 10 240
241 3 11 240
241 3 12 240
241 3 13 240
242 1 2 20
242 1 3 20
242 2 14 50
242 2 15 50
242 2 16 50
242 3 5 240
242 3 6 240
242 3 7 240
242 3 8 240
242 3 9 240
242 3 10 240
242 3 11 240
242 3 12 240
242 3 13 240
243 1 2 20
243 1 3 20
243 2 14 50
243 2 15 50
243 2 16 50
243 3 5 240
243 3 6 240
243 3 7 240
243 3 8 240
243 3 9 240
243 3 10 240
243 3 11 240
243 3 12 240
243 3 13 240
244 1 2 20
244 1 3 20
244 2 14 50
244 2 15 50
244 2 16 50
244 3 5 240
244 3 6 240
244 3 7 240
244 3 8 240
244 3 9 240
244 3 10 240
244 3 11 240
244 3 12 240
244 3 13 240
245 1 2 20
245 1 3 20
245 2 14 50
245 2 15 50
245 2 16 50
245 3 5 240
245 3 6 240
245 3 7 240
245 3 8 240
245 3 9 240
245 3 10 240
245 3 11 240
245 3 12 240
245 3 13 240
246 1 2 20
246 1 3 20
246 2 14 50
246 2 15 50
246 2 16 50
246 3 5 240
246 3 6 240
246 3 7 240
246 3 8 240
246 3 9 240
246 3 10 240
246 3 11 240
246 3 12 240
246 3 13 240
247 1 2 20
247 1 3 20
247 2 14 50
247 2 15 50
247 2 16 50
247 3 5 240
247 3 6 240
247 3 7 240
247 3 8 240
247 3 9 240
247 3 10 240
247 3 11 240
247 3 12 240
247 3 13 240
248 1 2 20
248 1 3 20
248 2 14 50
248 2 15 50
248 2 16 50
248 3 5 240
248 3 6 240
248 3 7 240
248 3 8 240
248 3 9 240
248 3 10 240
248 3 11 240
248 3 12 240
248 3 13 240
249 1 2 20
249 1 3 20
249 2 14 50
249 2 15 50
249 2 16 50
249 3 5 240
249 3 6 240
249 3 7 240
249 3 8 240
249 3 9 240
249 3 10 240
249 3 11 240
249 3 12 240
249 3 13 240
250 1 2 20
250 1 3 20
250 2 14 50
250 2 15 50
250 2 16 50
250 3 5 240
250 3 6 240
250 3 7 240
250 3 8 240
250 3 9 240
250 3 10 240
250 3 11 240
250 3 12 240
250 3 13 240
251 1 2 20
251 1 3 20
251 2 14 50
251 2 15 50
251 2 16 50
251 3 5 240
251 3 6 240
251 3 7 240
251 3 8 240
251 3 9 240
251 3 10 240
251 3 11 240
251 3 12 240
251 3 13 240
252 1 2 20
252 1 3 20
252 2 14 50
252 2 15 50
252 2 16 50
252 3 5 240
252 3 6 240
252 3 7 240
252 3 8 240
252 3 9 240
252 3 10 240
252 3 11 240
252 3 12 240
252 3 13 240
253 1 2 20
253 1 3 20
253 2 14 50
253 2 15 50
253 2 16 50
253 3 5 240
253 3 6 240
253 3 7 240
253 3 8 240
253 3 9 240
253 3 10 240
253 3 11 240
253 3 12 240
253 3 13 240
254 1 2 20
254 1 3 20
254 2 14 50
254 2 15 50
254 2 16 50
254 3 5 240
254 3 6 240
254 3 7 240
254 3 8 240
254 3 9 240
254 3 10 240
254 3 11 240
254 3 12 240
254 3 13 240
255 1 2 20
255 1 3 20
255 2 14 50
255 2 15 50
255 2 16 50
255 3 5 240
255 3 6 240
255 3 7 240
255 3 8 240
255 3 9 240
255 3 10 240
255 3 11 240
255 3 12 240
255 3 13 240
256 1 2 20
256 1 3 20
256 2 14 50
256 2 15 50
256 2 16 50
256 3 5 240
256 3 6 240
256 3 7 240
256 3 8 240
256 3 9 240
256 3 10 240
256 3 11 240
256 3 12 240
256 3 13 240
257 1 2 20
257 1 3 20
257 2 14 50
257 2 15 50
257 2 16 50
257 3 5 240
257 3 6 240
257 3 7 240
257 3 8 240
257 3 9 240
257 3 10 240
257 3 11 240
257 3 12 240
257 3 13 240
258 1 2 20
258 1 3 20
258 2 14 50
258 2 15 50
258 2 16 50
258 3 5 240
258 3 6 240
258 3 7 240
258 3 8 240
258 3 9 240
258 3 10 240
258 3 11 240
258 3 12 240
258 3 13 240
259 1 2 20
259 1 3 20
259 2 14 50
259 2 15 50
259 2 16 50
259 3 5 240
259 3 6 240
259 3 7 240
259 3 8 240
259 3 9 240
259 3 10 240
259 3 11 240
259 3 12 240
259 3 13 240
260 1 2 20
260 1 3 20
260 2 14 50
260 2 15 50
260 2 16 50
260 3 5 240
260 3 6 240
260 3 7 240
260 3 8 240
260 3 9 240
260 3 10 240
260 3 11 240
260 3 12 240
260 3 13 240
261 1 2 20
261 1 3 20
261 2 14 50
261 2 15 50
261 2 16 50
261 3 5 240
261 3 6 240
261 3 7 240
261 3 8 240
261 3 9 240
261 3 10 240
261 3 11 240
261 3 12 240
261 3 13 240
262 1 2 20
262 1 3 20
262 2 14 50
262 2 15 50
262 2 16 50
262 3 5 240
262 3 6 240
262 3 7 240
262 3 8 240
262 3 9 240
262 3 10 240
262 3 11 240
262 3 12 240
262 3 13 240
263 1 2 20
263 1 3 20
263 2 14 50
263 2 15 50
263 2 16 50
263 3 5 240
263 3 6 240
263 3 7 240
263 3 8 240
263 3 9 240
263 3 10 240
263 3 11 240
263 3 12 240
263 3 13 240
264 1 2 20
264 1 3 20
264 2 14 50
264 2 15 50
264 2 16 50
264 3 5 240
264 3 6 240
264 3 7 240
264 3 8 240
264 3 9 240
264 3 10 240
264 3 11 240
264 3 12 240
264 3 13 240
265 1 2 20
265 1 3 20
265 2 14 50
265 2 15 50
265 2 16 50
265 3 5 240
265 3 6 240
265 3 7 240
265 3 8 240
265 3 9 240
265 3 10 240
265 3 11 240
265 3 12 240
265 3 13 240
266 1 2 20
266 1 3 20
266 2 14 50
266 2 15 50
266 2 16 50
266 3 5 240
266 3 6 240
266 3 7 240
266 3 8 240
266 3 9 240
266 3 10 240
266 3 11 240
266 3 12 240
266 3 13 240
267 1 2 20
267 1 3 20
267 2 14 50
267 2 15 50
267 2 16 50
267 3 5 240
267 3 6 240
267 3 7 240
267 3 8 240
267 3 9 240
267 3 10 240
267 3 11 240
267 3 12 240
267 3 13 240
268 1 2 20
268 1 3 20
268 2 14 50
268 2 15 50
268 2 16 50
268 3 5 240
268 3 6 240
268 3 7 240
268 3 8 240
268 3 9 240
268 3 10 240
268 3 11 240
268 3 12 240
268 3 13 240
269 1 2 20
269 1 3 20
269 2 14 50
269 2 15 50
269 2 16 50
269 3 5 240
269 3 6 240
269 3 7 240
269 3 8 240
269 3 9 240
269 3 10 240
269 3 11 240
269 3 12 240
269 3 13 240
270 1 2 20
270 1 3 20
270 2 14 50
270 2 15 50
270 2 16 50
270 3 5 240
270 3 6 240
270 3 7 240
270 3 8 240
270 3 9 240
270 3 10 240
270 3 11 240
270 3 12 240
270 3 13 240
271 1 2 20
271 1 3 20
271 2 14 50
271 2 15 50
271 2 16 50
271 3 5 240
271 3 6 240
271 3 7 240
271 3 8 240
271 3 9 240
271 3 10 240
271 3 11 240
271 3 12 240
271 3 13 240
272 1 2 20
272 1 3 20
272 2 14 50
272 2 15 50
272 2 16 50
272 3 5 240
272 3 6 240
272 3 7 240
272 3 8 240
272 3 9 240
272 3 10 240
272 3 11 240
272 3 12 240
272 3 13 240
273 1 2 20
273 1 3 20
273 2 14 50
273 2 15 50
273 2 16 50
273 3 5 240
273 3 6 240
273 3 7 240
273 3 8 240
273 3 9 240
273 3 10 240
273 3 11 240
273 3 12 240
273 3 13 240
274 1 2 20
274 1 3 20
274 2 14 50
274 2 15 50
274 2 16 50
274 3 5 240
274 3 6 240
274 3 7 240
274 3 8 240
274 3 9 240
274 3 10 240
274 3 11 240
274 3 12 240
274 3 13 240
275 1 2 20
275 1 3 20
275 2 14 50
275 2 15 50
275 2 16 50
275 3 5 240
275 3 6 240
275 3 7 240
275 3 8 240
275 3 9 240
275 3 10 240
275 3 11 240
275 3 12 240
275 3 13 240
276 1 2 20
276 1 3 20
276 2 14 50
276 2 15 50
276 2 16 50
276 3 5 240
276 3 6 240
276 3 7 240
276 3 8 240
276 3 9 240
276 3 10 240
276 3 11 240
276 3 12 240
276 3 13 240
277 1 2 20
277 1 3 20
277 2 14 50
277 2 15 50
277 2 16 50
277 3 5 240
277 3 6 240
277 3 7 240
277 3 8 240
277 3 9 240
277 3 10 240
277 3 11 240
277 3 12 240
277 3 13 240
278 1 2 20
278 1 3 20
278 2 14 50
278 2 15 50
278 2 16 50
278 3 5 240
278 3 6 240
278 3 7 240
278 3 8 240
278 3 9 240
278 3 10 240
278 3 11 240
278 3 12 240
278 3 13 240
279 1 2 20
279 1 3 20
279 2 14 50
279 2 15 50
279 2 16 50
279 3 5 240
279 3 6 240
279 3 7 240
279 3 8 240
279 3 9 240
279 3 10 240
279 3 11 240
279 3 12 240
279 3 13 240
280 1 2 20
280 1 3 20
280 2 14 50
280 2 15 50
280 2 16 50
280 3 5 240
280 3 6 240
280 3 7 240
280 3 8 240
280 3 9 240
280 3 10 240
280 3 11 240
280 3 12 240
280 3 13 240
281 1 2 20
281 1 3 20
281 2 14 50
281 2 15 50
281 2 16 50
281 3 5 240
281 3 6 240
281 3 7 240
281 3 8 240
281 3 9 240
281 3 10 240
281 3 11 240
281 3 12 240
281 3 13 240
282 1 2 20
282 1 3 20
282 2 14 50
282 2 15 50
282 2 16 50
282 3 5 240
282 3 6 240
282 3 7 240
282 3 8 240
282 3 9 240
282 3 10 240
282 3 11 240
282 3 12 240
282 3 13 240
283 1 2 20
283 1 3 20
283 2 14 50
283 2 15 50
283 2 16 50
283 3 5 240
283 3 6 240
283 3 7 240
283 3 8 240
283 3 9 240
283 3 10 240
283 3 11 240
283 3 12 240
283 3 13 240
284 1 2 20
284 1 3 20
284 2 14 50
284 2 15 50
284 2 16 50
284 3 5 240
284 3 6 240
284 3 7 240
284 3 8 240
284 3 9 240
284 3 10 240
284 3 11 240
284 3 12 240
284 3 13 240
285 1 2 20
285 1 3 20
285 2 14 50
285 2 15 50
285 2 16 50
285 3 5 240
285 3 6 240
285 3 7 240
285 3 8 240
285 3 9 240
285 3 10 240
285 3 11 240
285 3 12 240
285 3 13 240
286 1 2 20
286 1 3 20
286 2 14 50
286 2 15 50
286 2 16 50
286 3 5 240
286 3 6 240
286 3 7 240
286 3 8 240
286 3 9 240
286 3 10 240
286 3 11 240
286 3 12 240
286 3 13 240
287 1 2 20
287 1 3 20
287 2 14 50
287 2 15 50
287 2 16 50
287 3 5 240
287 3 6 240
287 3 7 240
287 3 8 240
287 3 9 240
287 3 10 240
287 3 11 240
287 3 12 240
287 3 13 240
288 1 2 20
288 1 3 20
288 2 14 50
288 2 15 50
288 2 16 50
288 3 5 240
288 3 6 240
288 3 7 240
288 3 8 240
288 3 9 240
288 3 10 240
288 3 11 240
288 3 12 240
288 3 13 240
289 1 2 20
289 1 3 20
289 2 14 50
289 2 15 50
289 2 16 50
289 3 5 240
289 3 6 240
289 3 7 240
289 3 8 240
289 3 9 240
289 3 10 240
289 3 11 240
289 3 12 240
289 3 13 240
290 1 2 20
290 1 3 20
290 2 14 50
290 2 15 50
290 2 16 50
290 3 5 240
290 3 6 240
290 3 7 240
290 3 8 240
290 3 9 240
290 3 10 240
290 3 11 240
290 3 12 240
290 3 13 240
291 1 2 20
291 1 3 20
291 2 14 50
291 2 15 50
291 2 16 50
291 3 5 240
291 3 6 240
291 3 7 240
291 3 8 240
291 3 9 240
291 3 10 240
291 3 11 240
291 3 12 240
291 3 13 240
292 1 2 20
292 1 3 20
292 2 14 50
292 2 15 50
292 2 16 50
292 3 5 240
292 3 6 240
292 3 7 240
292 3 8 240
292 3 9 240
292 3 10 240
292 3 11 240
292 3 12 240
292 3 13 240
293 1 2 20
293 1 3 20
293 2 14 50
293 2 15 50
293 2 16 50
293 3 5 240
293 3 6 240
293 3 7 240
293 3 8 240
293 3 9 240
293 3 10 240
293 3 11 240
293 3 12 240
293 3 13 240
294 1 2 20
294 1 3 20
294 2 14 50
294 2 15 50
294 2 16 50
294 3 5 240
294 3 6 240
294 3 7 240
294 3 8 240
294 3 9 240
294 3 10 240
294 3 11 240
294 3 12 240
294 3 13 240
295 1 2 20
295 1 3 20
295 2 14 50
295 2 15 50
295 2 16 50
295 3 5 240
295 3 6 240
295 3 7 240
295 3 8 240
295 3 9 240
295 3 10 240
295 3 11 240
295 3 12 240
295 3 13 240
296 1 2 20
296 1 3 20
296 2 14 50
296 2 15 50
296 2 16 50
296 3 5 240
296 3 6 240
296 3 7 240
296 3 8 240
296 3 9 240
296 3 10 240
296 3 11 240
296 3 12 240
296 3 13 240
297 1 2 20
297 1 3 20
297 2 14 50
297 2 15 50
297 2 16 50
297 3 5 240
297 3 6 240
297 3 7 240
297 3 8 240
297 3 9 240
297 3 10 240
297 3 11 240
297 3 12 240
297 3 13 240
298 1 2 20
298 1 3 20
298 2 14 50
298 2 15 50
298 2 16 50
298 3 5 240
298 3 6 240
298 3 7 240
298 3 8 240
298 3 9 240
298 3 10 240
298 3 11 240
298 3 12 240
298 3 13 240
299 1 2 20
299 1 3 20
299 2 14 50
299 2 15 50
299 2 16 50
299 3 5 240
299 3 6 240
299 3 7 240
299 3 8 240
299 3 9 240
299 3 10 240
299 3 11 240
299 3 12 240
299 3 13 240
300 1 2 20
300 1 3 20
300 2 14 50
300 2 15 50
300 2 16 50
300 3 5 240
300 3 6 240
300 3 7 240
300 3 8 240
300 3 9 240
300 3 10 240
300 3 11 240
300 3 12 240
300 3 13 240
301 1 2 20
301 1 3 20
301 2 14 50
301 2 15 50
301 2 16 50
301 3 5 240
301 3 6 240
301 3 7 240
301 3 8 240
301 3 9 240
301 3 10 240
301 3 11 240
301 3 12 240
301 3 13 240
302 1 2 20
302 1 3 20
302 2 14 50
302 2 15 50
302 2 16 50
302 3 5 240
302 3 6 240
302 3 7 240
302 3 8 240
302 3 9 240
302 3 10 240
302 3 11 240
302 3 12 240
302 3 13 240
303 1 2 20
303 1 3 20
303 2 14 50
303 2 15 50
303 2 16 50
303 3 5 240
303 3 6 240
303 3 7 240
303 3 8 240
303 3 9 240
303 3 10 240
303 3 11 240
303 3 12 240
303 3 13 240
304 1 2 20
304 1 3 20
304 2 14 50
304 2 15 50
304 2 16 50
304 3 5 240
304 3 6 240
304 3 7 240
304 3 8 240
304 3 9 240
304 3 10 240
304 3 11 240
304 3 12 240
304 3 13 240
305 1 2 20
305 1 3 20
305 2 14 50
305 2 15 50
305 2 16 50
305 3 5 240
305 3 6 240
305 3 7 240
305 3 8 240
305 3 9 240
305 3 10 240
305 3 11 240
305 3 12 240
305 3 13 240
306 1 2 20
306 1 3 20
306 2 14 50
306 2 15 50
306 2 16 50
306 3 5 240
306 3 6 240
306 3 7 240
306 3 8 240
306 3 9 240
306 3 10 240
306 3 11 240
306 3 12 240
306 3 13 240
307 1 2 20
307 1 3 20
307 2 14 50
307 2 15 50
307 2 16 50
307 3 5 240
307 3 6 240
307 3 7 240
307 3 8 240
307 3 9 240
307 3 10 240
307 3 11 240
307 3 12 240
307 3 13 240
308 1 2 20
308 1 3 20
308 2 14 50
308 2 15 50
308 2 16 50
308 3 5 240
308 3 6 240
308 3 7 240
308 3 8 240
308 3 9 240
308 3 10 240
308 3 11 240
308 3 12 240
308 3 13 240
309 1 2 20
309 1 3 20
309 2 14 50
309 2 15 50
309 2 16 50
309 3 5 240
309 3 6 240
309 3 7 240
309 3 8 240
309 3 9 240
309 3 10 240
309 3 11 240
309 3 12 240
309 3 13 240
310 1 2 20
310 1 3 20
310 2 14 50
310 2 15 50
310 2 16 50
310 3 5 240
310 3 6 240
310 3 7 240
310 3 8 240
310 3 9 240
310 3 10 240
310 3 11 240
310 3 12 240
310 3 13 240
311 1 2 20
311 1 3 20
311 2 14 50
311 2 15 50
311 2 16 50
311 3 5 240
311 3 6 240
311 3 7 240
311 3 8 240
311 3 9 240
311 3 10 240
311 3 11 240
311 3 12 240
311 3 13 240
312 1 2 20
312 1 3 20
312 2 14 50
312 2 15 50
312 2 16 50
312 3 5 240
312 3 6 240
312 3 7 240
312 3 8 240
312 3 9 240
312 3 10 240
312 3 11 240
312 3 12 240
312 3 13 240
313 1 2 20
313 1 3 20
313 2 14 50
313 2 15 50
313 2 16 50
313 3 5 240
313 3 6 240
313 3 7 240
313 3 8 240
313 3 9 240
313 3 10 240
313 3 11 240
313 3 12 240
313 3 13 240
314 1 2 20
314 1 3 20
314 2 14 50
314 2 15 50
314 2 16 50
314 3 5 240
314 3 6 240
314 3 7 240
314 3 8 240
314 3 9 240
314 3 10 240
314 3 11 240
314 3 12 240
314 3 13 240
315 1 2 20
315 1 3 20
315 2 14 50
315 2 15 50
315 2 16 50
315 3 5 240
315 3 6 240
315 3 7 240
315 3 8 240
315 3 9 240
315 3 10 240
315 3 11 240
315 3 12 240
315 3 13 240
316 1 2 20
316 1 3 20
316 2 14 50
316 2 15 50
316 2 16 50
316 3 5 240
316 3 6 240
316 3 7 240
316 3 8 240
316 3 9 240
316 3 10 240
316 3 11 240
316 3 12 240
316 3 13 240
317 1 2 20
317 1 3 20
317 2 14 50
317 2 15 50
317 2 16 50
317 3 5 240
317 3 6 240
317 3 7 240
317 3 8 240
317 3 9 240
317 3 10 240
317 3 11 240
317 3 12 240
317 3 13 240
318 1 2 20
318 1 3 20
318 2 14 50
318 2 15 50
318 2 16 50
318 3 5 240
318 3 6 240
318 3 7 240
318 3 8 240
318 3 9 240
318 3 10 240
318 3 11 240
318 3 12 240
318 3 13 240
319 1 2 20
319 1 3 20
319 2 14 50
319 2 15 50
319 2 16 50
319 3 5 240
319 3 6 240
319 3 7 240
319 3 8 240
319 3 9 240
319 3 10 240
319 3 11 240
319 3 12 240
319 3 13 240
320 1 2 20
320 1 3 20
320 2 14 50
320 2 15 50
320 2 16 50
320 3 5 240
320 3 6 240
320 3 7 240
320 3 8 240
320 3 9 240
320 3 10 240
320 3 11 240
320 3 12 240
320 3 13 240
321 1 2 20
321 1 3 20
321 2 14 50
321 2 15 50
321 2 16 50
321 3 5 240
321 3 6 240
321 3 7 240
321 3 8 240
321 3 9 240
321 3 10 240
321 3 11 240
321 3 12 240
321 3 13 240
322 1 2 20
322 1 3 20
322 2 14 50
322 2 15 50
322 2 16 50
322 3 5 240
322 3 6 240
322 3 7 240
322 3 8 240
322 3 9 240
322 3 10 240
322 3 11 240
322 3 12 240
322 3 13 240
323 1 2 20
323 1 3 20
323 2 14 50
323 2 15 50
323 2 16 50
323 3 5 240
323 3 6 240
323 3 7 240
323 3 8 240
323 3 9 240
323 3 10 240
323 3 11 240
323 3 12 240
323 3 13 240
324 1 2 20
324 1 3 20
324 2 14 50
324 2 15 50
324 2 16 50
324 3 5 240
324 3 6 240
324 3 7 240
324 3 8 240
324 3 9 240
324 3 10 240
324 3 11 240
324 3 12 240
324 3 13 240
325 1 2 20
325 1 3 20
325 2 14 50
325 2 15 50
325 2 16 50
325 3 5 240
325 3 6 240
325 3 7 240
325 3 8 240
325 3 9 240
325 3 10 240
325 3 11 240
325 3 12 240
325 3 13 240
326 1 2 20
326 1 3 20
326 2 14 50
326 2 15 50
326 2 16 50
326 3 5 240
326 3 6 240
326 3 7 240
326 3 8 240
326 3 9 240
326 3 10 240
326 3 11 240
326 3 12 240
326 3 13 240
327 1 2 20
327 1 3 20
327 2 14 50
327 2 15 50
327 2 16 50
327 3 5 240
327 3 6 240
327 3 7 240
327 3 8 240
327 3 9 240
327 3 10 240
327 3 11 240
327 3 12 240
327 3 13 240
328 1 2 20
328 1 3 20
328 2 14 50
328 2 15 50
328 2 16 50
328 3 5 240
328 3 6 240
328 3 7 240
328 3 8 240
328 3 9 240
328 3 10 240
328 3 11 240
328 3 12 240
328 3 13 240
329 1 2 20
329 1 3 20
329 2 14 50
329 2 15 50
329 2 16 50
329 3 5 240
329 3 6 240
329 3 7 240
329 3 8 240
329 3 9 240
329 3 10 240
329 3 11 240
329 3 12 240
329 3 13 240
330 1 2 20
330 1 3 20
330 2 14 50
330 2 15 50
330 2 16 50
330 3 5 240
330 3 6 240
330 3 7 240
330 3 8 240
330 3 9 240
330 3 10 240
330 3 11 240
330 3 12 240
330 3 13 240
331 1 2 20
331 1 3 20
331 2 14 50
331 2 15 50
331 2 16 50
331 3 5 240
331 3 6 240
331 3 7 240
331 3 8 240
331 3 9 240
331 3 10 240
331 3 11 240
331 3 12 240
331 3 13 240
332 1 2 20
332 1 3 20
332 2 14 50
332 2 15 50
332 2 16 50
332 3 5 240
332 3 6 240
332 3 7 240
332 3 8 240
332 3 9 240
332 3 10 240
332 3 11 240
332 3 12 240
332 3 13 240
333 1 2 20
333 1 3 20
333 2 14 50
333 2 15 50
333 2 16 50
333 3 5 240
333 3 6 240
333 3 7 240
333 3 8 240
333 3 9 240
333 3 10 240
333 3 11 240
333 3 12 240
333 3 13 240
334 1 2 20
334 1 3 20
334 2 14 50
334 2 15 50
334 2 16 50
334 3 5 240
334 3 6 240
334 3 7 240
334 3 8 240
334 3 9 240
334 3 10 240
334 3 11 240
334 3 12 240
334 3 13 240
335 1 2 20
335 1 3 20
335 2 14 50
335 2 15 50
335 2 16 50
335 3 5 240
335 3 6 240
335 3 7 240
335 3 8 240
335 3 9 240
335 3 10 240
335 3 11 240
335 3 12 240
335 3 13 240
336 1 2 20
336 1 3 20
336 2 14 50
336 2 15 50
336 2 16 50
336 3 5 240
336 3 6 240
336 3 7 240
336 3 8 240
336 3 9 240
336 3 10 240
336 3 11 240
336 3 12 240
336 3 13 240
337 1 2 20
337 1 3 20
337 2 14 50
337 2 15 50
337 2 16 50
337 3 5 240
337 3 6 240
337 3 7 240
337 3 8 240
337 3 9 240
337 3 10 240
337 3 11 240
337 3 12 240
337 3 13 240
338 1 2 20
338 1 3 20
338 2 14 50
338 2 15 50
338 2 16 50
338 3 5 240
338 3 6 240
338 3 7 240
338 3 8 240
338 3 9 240
338 3 10 240
338 3 11 240
338 3 12 240
338 3 13 240
339 1 2 20
339 1 3 20
339 2 14 50
339 2 15 50
339 2 16 50
339 3 5 240
339 3 6 240
339 3 7 240
339 3 8 240
339 3 9 240
339 3 10 240
339 3 11 240
339 3 12 240
339 3 13 240
340 1 2 20
340 1 3 20
340 2 14 50
340 2 15 50
340 2 16 50
340 3 5 240
340 3 6 240
340 3 7 240
340 3 8 240
340 3 9 240
340 3 10 240
340 3 11 240
340 3 12 240
340 3 13 240
341 1 2 20
341 1 3 20
341 2 14 50
341 2 15 50
341 2 16 50
341 3 5 240
341 3 6 240
341 3 7 240
341 3 8 240
341 3 9 240
341 3 10 240
341 3 11 240
341 3 12 240
341 3 13 240
342 1 2 20
342 1 3 20
342 2 14 50
342 2 15 50
342 2 16 50
342 3 5 240
342 3 6 240
342 3 7 240
342 3 8 240
342 3 9 240
342 3 10 240
342 3 11 240
342 3 12 240
342 3 13 240
343 1 2 20
343 1 3 20
343 2 14 50
343 2 15 50
343 2 16 50
343 3 5 240
343 3 6 240
343 3 7 240
343 3 8 240
343 3 9 240
343 3 10 240
343 3 11 240
343 3 12 240
343 3 13 240
344 1 2 20
344 1 3 20
344 2 14 50
344 2 15 50
344 2 16 50
344 3 5 240
344 3 6 240
344 3 7 240
344 3 8 240
344 3 9 240
344 3 10 240
344 3 11 240
344 3 12 240
344 3 13 240
345 1 2 20
345 1 3 20
345 2 14 50
345 2 15 50
345 2 16 50
345 3 5 240
345 3 6 240
345 3 7 240
345 3 8 240
345 3 9 240
345 3 10 240
345 3 11 240
345 3 12 240
345 3 13 240
346 1 2 20
346 1 3 20
346 2 14 50
346 2 15 50
346 2 16 50
346 3 5 240
346 3 6 240
346 3 7 240
346 3 8 240
346 3 9 240
346 3 10 240
346 3 11 240
346 3 12 240
346 3 13 240
347 1 2 20
347 1 3 20
347 2 14 50
347 2 15 50
347 2 16 50
347 3 5 240
347 3 6 240
347 3 7 240
347 3 8 240
347 3 9 240
347 3 10 240
347 3 11 240
347 3 12 240
347 3 13 240
348 1 2 20
348 1 3 20
348 2 14 50
348 2 15 50
348 2 16 50
348 3 5 240
348 3 6 240
348 3 7 240
348 3 8 240
348 3 9 240
348 3 10 240
348 3 11 240
348 3 12 240
348 3 13 240
349 1 2 20
349 1 3 20
349 2 14 50
349 2 15 50
349 2 16 50
349 3 5 240
349 3 6 240
349 3 7 240
349 3 8 240
349 3 9 240
349 3 10 240
349 3 11 240
349 3 12 240
349 3 13 240
350 1 2 20
350 1 3 20
350 2 14 50
350 2 15 50
350 2 16 50
350 3 5 240
350 3 6 240
350 3 7 240
350 3 8 240
350 3 9 240
350 3 10 240
350 3 11 240
350 3 12 240
350 3 13 240
351 1 2 20
351 1 3 20
351 2 14 50
351 2 15 50
351 2 16 50
351 3 5 240
351 3 6 240
351 3 7 240
351 3 8 240
351 3 9 240
351 3 10 240
351 3 11 240
351 3 12 240
351 3 13 240
352 1 2 20
352 1 3 20
352 2 14 50
352 2 15 50
352 2 16 50
352 3 5 240
352 3 6 240
352 3 7 240
352 3 8 240
352 3 9 240
352 3 10 240
352 3 11 240
352 3 12 240
352 3 13 240
353 1 2 20
353 1 3 20
353 2 14 50
353 2 15 50
353 2 16 50
353 3 5 240
353 3 6 240
353 3 7 240
353 3 8 240
353 3 9 240
353 3 10 240
353 3 11 240
353 3 12 240
353 3 13 240
354 1 2 20
354 1 3 20
354 2 14 50
354 2 15 50
354 2 16 50
354 3 5 240
354 3 6 240
354 3 7 240
354 3 8 240
354 3 9 240
354 3 10 240
354 3 11 240
354 3 12 240
354 3 13 240
355 1 2 20
355 1 3 20
355 2 14 50
355 2 15 50
355 2 16 50
355 3 5 240
355 3 6 240
355 3 7 240
355 3 8 240
355 3 9 240
355 3 10 240
355 3 11 240
355 3 12 240
355 3 13 240
356 1 2 20
356 1 3 20
356 2 14 50
356 2 15 50
356 2 16 50
356 3 5 240
356 3 6 240
356 3 7 240
356 3 8 240
356 3 9 240
356 3 10 240
356 3 11 240
356 3 12 240
356 3 13 240
357 1 2 20
357 1 3 20
357 2 14 50
357 2 15 50
357 2 16 50
357 3 5 240
357 3 6 240
357 3 7 240
357 3 8 240
357 3 9 240
357 3 10 240
357 3 11 240
357 3 12 240
357 3 13 240
358 1 2 20
358 1 3 20
358 2 14 50
358 2 15 50
358 2 16 50
358 3 5 240
358 3 6 240
358 3 7 240
358 3 8 240
358 3 9 240
358 3 10 240
358 3 11 240
358 3 12 240
358 3 13 240
359 1 2 20
359 1 3 20
359 2 14 50
359 2 15 50
359 2 16 50
359 3 5 240
359 3 6 240
359 3 7 240
359 3 8 240
359 3 9 240
359 3 10 240
359 3 11 240
359 3 12 240
359 3 13 240
360 1 2 20
360 1 3 20
360 2 14 50
360 2 15 50
360 2 16 50
360 3 5 240
360 3 6 240
360 3 7 240
360 3 8 240
360 3 9 240
360 3 10 240
360 3 11 240
360 3 12 240
360 3 13 240
361 1 2 20
361 1 3 20
361 2 14 50
361 2 15 50
361 2 16 50
361 3 5 240
361 3 6 240
361 3 7 240
361 3 8 240
361 3 9 240
361 3 10 240
361 3 11 240
361 3 12 240
361 3 13 240
362 1 2 20
362 1 3 20
362 2 14 50
362 2 15 50
362 2 16 50
362 3 5 240
362 3 6 240
362 3 7 240
362 3 8 240
362 3 9 240
362 3 10 240
362 3 11 240
362 3 12 240
362 3 13 240
363 1 2 20
363 1 3 20
363 2 14 50
363 2 15 50
363 2 16 50
363 3 5 240
363 3 6 240
363 3 7 240
363 3 8 240
363 3 9 240
363 3 10 240
363 3 11 240
363 3 12 240
363 3 13 240
364 1 2 20
364 1 3 20
364 2 14 50
364 2 15 50
364 2 16 50
364 3 5 240
364 3 6 240
364 3 7 240
364 3 8 240
364 3 9 240
364 3 10 240
364 3 11 240
364 3 12 240
364 3 13 240
365 1 2 20
365 1 3 20
365 2 14 50
365 2 15 50
365 2 16 50
365 3 5 240
365 3 6 240
365 3 7 240
365 3 8 240
365 3 9 240
365 3 10 240
365 3 11 240
365 3 12 240
365 3 13 240
366 1 2 20
366 1 3 20
366 2 14 50
366 2 15 50
366 2 16 50
366 3 5 240
366 3 6 240
366 3 7 240
366 3 8 240
366 3 9 240
366 3 10 240
366 3 11 240
366 3 12 240
366 3 13 240
367 1 2 20
367 1 3 20
367 2 14 50
367 2 15 50
367 2 16 50
367 3 5 240
367 3 6 240
367 3 7 240
367 3 8 240
367 3 9 240
367 3 10 240
367 3 11 240
367 3 12 240
367 3 13 240
368 1 2 20
368 1 3 20
368 2 14 50
368 2 15 50
368 2 16 50
368 3 5 240
368 3 6 240
368 3 7 240
368 3 8 240
368 3 9 240
368 3 10 240
368 3 11 240
368 3 12 240
368 3 13 240
369 1 2 20
369 1 3 20
369 2 14 50
369 2 15 50
369 2 16 50
369 3 5 240
369 3 6 240
369 3 7 240
369 3 8 240
369 3 9 240
369 3 10 240
369 3 11 240
369 3 12 240
369 3 13 240
370 1 2 20
370 1 3 20
370 2 14 50
370 2 15 50
370 2 16 50
370 3 5 240
370 3 6 240
370 3 7 240
370 3 8 240
370 3 9 240
370 3 10 240
370 3 11 240
370 3 12 240
370 3 13 240
371 1 2 20
371 1 3 20
371 2 14 50
371 2 15 50
371 2 16 50
371 3 5 240
371 3 6 240
371 3 7 240
371 3 8 240
371 3 9 240
371 3 10 240
371 3 11 240
371 3 12 240
371 3 13 240
372 1 2 20
372 1 3 20
372 2 14 50
372 2 15 50
372 2 16 50
372 3 5 240
372 3 6 240
372 3 7 240
372 3 8 240
372 3 9 240
372 3 10 240
372 3 11 240
372 3 12 240
372 3 13 240
373 1 2 20
373 1 3 20
373 2 14 50
373 2 15 50
373 2 16 50
373 3 5 240
373 3 6 240
373 3 7 240
373 3 8 240
373 3 9 240
373 3 10 240
373 3 11 240
373 3 12 240
373 3 13 240
374 1 2 20
374 1 3 20
374 2 14 50
374 2 15 50
374 2 16 50
374 3 5 240
374 3 6 240
374 3 7 240
374 3 8 240
374 3 9 240
374 3 10 240
374 3 11 240
374 3 12 240
374 3 13 240
375 1 2 20
375 1 3 20
375 2 14 50
375 2 15 50
375 2 16 50
375 3 5 240
375 3 6 240
375 3 7 240
375 3 8 240
375 3 9 240
375 3 10 240
375 3 11 240
375 3 12 240
375 3 13 240
376 1 2 20
376 1 3 20
376 2 14 50
376 2 15 50
376 2 16 50
376 3 5 240
376 3 6 240
376 3 7 240
376 3 8 240
376 3 9 240
376 3 10 240
376 3 11 240
376 3 12 240
376 3 13 240
377 1 2 20
377 1 3 20
377 2 14 50
377 2 15 50
377 2 16 50
377 3 5 240
377 3 6 240
377 3 7 240
377 3 8 240
377 3 9 240
377 3 10 240
377 3 11 240
377 3 12 240
377 3 13 240
378 1 2 20
378 1 3 20
378 2 14 50
378 2 15 50
378 2 16 50
378 3 5 240
378 3 6 240
378 3 7 240
378 3 8 240
378 3 9 240
378 3 10 240
378 3 11 240
378 3 12 240
378 3 13 240
379 1 2 20
379 1 3 20
379 2 14 50
379 2 15 50
379 2 16 50
379 3 5 240
379 3 6 240
379 3 7 240
379 3 8 240
379 3 9 240
379 3 10 240
379 3 11 240
379 3 12 240
379 3 13 240
380 1 2 20
380 1 3 20
380 2 14 50
380 2 15 50
380 2 16 50
380 3 5 240
380 3 6 240
380 3 7 240
380 3 8 240
380 3 9 240
380 3 10 240
380 3 11 240
380 3 12 240
380 3 13 240
381 1 2 20
381 1 3 20
381 2 14 50
381 2 15 50
381 2 16 50
381 3 5 240
381 3 6 240
381 3 7 240
381 3 8 240
381 3 9 240
381 3 10 240
381 3 11 240
381 3 12 240
381 3 13 240
382 1 2 20
382 1 3 20
382 2 14 50
382 2 15 50
382 2 16 50
382 3 5 240
382 3 6 240
382 3 7 240
382 3 8 240
382 3 9 240
382 3 10 240
382 3 11 240
382 3 12 240
382 3 13 240
383 1 2 20
383 1 3 20
383 2 14 50
383 2 15 50
383 2 16 50
383 3 5 240
383 3 6 240
383 3 7 240
383 3 8 240
383 3 9 240
383 3 10 240
383 3 11 240
383 3 12 240
383 3 13 240
384 1 2 20
384 1 3 20
384 2 14 50
384 2 15 50
384 2 16 50
384 3 5 240
384 3 6 240
384 3 7 240
384 3 8 240
384 3 9 240
384 3 10 240
384 3 11 240
384 3 12 240
384 3 13 240
385 1 2 20
385 1 3 20
385 2 14 50
385 2 15 50
385 2 16 50
385 3 5 240
385 3 6 240
385 3 7 240
385 3 8 240
385 3 9 240
385 3 10 240
385 3 11 240
385 3 12 240
385 3 13 240
386 1 2 20
386 1 3 20
386 2 14 50
386 2 15 50
386 2 16 50
386 3 5 240
386 3 6 240
386 3 7 240
386 3 8 240
386 3 9 240
386 3 10 240
386 3 11 240
386 3 12 240
386 3 13 240
387 1 2 20
387 1 3 20
387 2 14 50
387 2 15 50
387 2 16 50
387 3 5 240
387 3 6 240
387 3 7 240
387 3 8 240
387 3 9 240
387 3 10 240
387 3 11 240
387 3 12 240
387 3 13 240
388 1 2 20
388 1 3 20
388 2 14 50
388 2 15 50
388 2 16 50
388 3 5 240
388 3 6 240
388 3 7 240
388 3 8 240
388 3 9 240
388 3 10 240
388 3 11 240
388 3 12 240
388 3 13 240
389 1 2 20
389 1 3 20
389 2 14 50
389 2 15 50
389 2 16 50
389 3 5 240
389 3 6 240
389 3 7 240
389 3 8 240
389 3 9 240
389 3 10 240
389 3 11 240
389 3 12 240
389 3 13 240
390 1 2 20
390 1 3 20
390 2 14 50
390 2 15 50
390 2 16 50
390 3 5 240
390 3 6 240
390 3 7 240
390 3 8 240
390 3 9 240
390 3 10 240
390 3 11 240
390 3 12 240
390 3 13 240
391 1 2 20
391 1 3 20
391 2 14 50
391 2 15 50
391 2 16 50
391 3 5 240
391 3 6 240
391 3 7 240
391 3 8 240
391 3 9 240
391 3 10 240
391 3 11 240
391 3 12 240
391 3 13 240
392 1 2 20
392 1 3 20
392 2 14 50
392 2 15 50
392 2 16 50
392 3 5 240
392 3 6 240
392 3 7 240
392 3 8 240
392 3 9 240
392 3 10 240
392 3 11 240
392 3 12 240
392 3 13 240
393 1 2 20
393 1 3 20
393 2 14 50
393 2 15 50
393 2 16 50
393 3 5 240
393 3 6 240
393 3 7 240
393 3 8 240
393 3 9 240
393 3 10 240
393 3 11 240
393 3 12 240
393 3 13 240
394 1 2 20
394 1 3 20
394 2 14 50
394 2 15 50
394 2 16 50
394 3 5 240
394 3 6 240
394 3 7 240
394 3 8 240
394 3 9 240
394 3 10 240
394 3 11 240
394 3 12 240
394 3 13 240
395 1 2 20
395 1 3 20
395 2 14 50
395 2 15 50
395 2 16 50
395 3 5 240
395 3 6 240
395 3 7 240
395 3 8 240
395 3 9 240
395 3 10 240
395 3 11 240
395 3 12 240
395 3 13 240
396 1 2 20
396 1 3 20
396 2 14 50
396 2 15 50
396 2 16 50
396 3 5 240
396 3 6 240
396 3 7 240
396 3 8 240
396 3 9 240
396 3 10 240
396 3 11 240
396 3 12 240
396 3 13 240
397 1 2 20
397 1 3 20
397 2 14 50
397 2 15 50
397 2 16 50
397 3 5 240
397 3 6 240
397 3 7 240
397 3 8 240
397 3 9 240
397 3 10 240
397 3 11 240
397 3 12 240
397 3 13 240
398 1 2 20
398 1 3 20
398 2 14 50
398 2 15 50
398 2 16 50
398 3 5 240
398 3 6 240
398 3 7 240
398 3 8 240
398 3 9 240
398 3 10 240
398 3 11 240
398 3 12 240
398 3 13 240
399 1 2 20
399 1 3 20
399 2 14 50
399 2 15 50
399 2 16 50
399 3 5 240
399 3 6 240
399 3 7 240
399 3 8 240
399 3 9 240
399 3 10 240
399 3 11 240
399 3 12 240
399 3 13 240
400 1 2 20
400 1 3 20
400 2 14 50
400 2 15 50
400 2 16 50
400 3 5 240
400 3 6 240
400 3 7 240
400 3 8 240
400 3 9 240
400 3 10 240
400 3 11 240
400 3 12 240
400 3 13 240
401 1 2 20
401 1 3 20
401 2 14 50
401 2 15 50
401 2 16 50
401 3 5 240
401 3 6 240
401 3 7 240
401 3 8 240
401 3 9 240
401 3 10 240
401 3 11 240
401 3 12 240
401 3 13 240
402 1 2 20
402 1 3 20
402 2 14 50
402 2 15 50
402 2 16 50
402 3 5 240
402 3 6 240
402 3 7 240
402 3 8 240
402 3 9 240
402 3 10 240
402 3 11 240
402 3 12 240
402 3 13 240
403 1 2 20
403 1 3 20
403 2 14 50
403 2 15 50
403 2 16 50
403 3 5 240
403 3 6 240
403 3 7 240
403 3 8 240
403 3 9 240
403 3 10 240
403 3 11 240
403 3 12 240
403 3 13 240
404 1 2 20
404 1 3 20
404 2 14 50
404 2 15 50
404 2 16 50
404 3 5 240
404 3 6 240
404 3 7 240
404 3 8 240
404 3 9 240
404 3 10 240
404 3 11 240
404 3 12 240
404 3 13 240
405 1 2 20
405 1 3 20
405 2 14 50
405 2 15 50
405 2 16 50
405 3 5 240
405 3 6 240
405 3 7 240
405 3 8 240
405 3 9 240
405 3 10 240
405 3 11 240
405 3 12 240
405 3 13 240
406 1 4 20
406 2 14 140
406 2 15 140
406 2 16 140
406 3 21 410
406 3 22 410
406 4 23 110
406 4 24 110
406 4 25 110
406 5 26 270
406 5 27 270
406 6 28 180
406 6 29 180
406 6 30 180
407 1 4 20
407 2 14 140
407 2 15 140
407 2 16 140
407 3 21 410
407 3 22 410
407 4 23 110
407 4 24 110
407 4 25 110
407 5 26 270
407 5 27 270
407 6 28 180
407 6 29 180
407 6 30 180
408 1 4 20
408 2 14 140
408 2 15 140
408 2 16 140
408 3 21 410
408 3 22 410
408 4 23 110
408 4 24 110
408 4 25 110
408 5 26 270
408 5 27 270
408 6 28 180
408 6 29 180
408 6 30 180
409 1 4 20
409 2 14 140
409 2 15 140
409 2 16 140
409 3 21 410
409 3 22 410
409 4 23 110
409 4 24 110
409 4 25 110
409 5 26 270
409 5 27 270
409 6 28 180
409 6 29 180
409 6 30 180
410 1 4 20
410 2 14 140
410 2 15 140
410 2 16 140
410 3 21 410
410 3 22 410
410 4 23 110
410 4 24 110
410 4 25 110
410 5 26 270
410 5 27 270
410 6 28 180
410 6 29 180
410 6 30 180
411 1 4 20
411 2 14 140
411 2 15 140
411 2 16 140
411 3 21 410
411 3 22 410
411 4 23 110
411 4 24 110
411 4 25 110
411 5 26 270
411 5 27 270
411 6 28 180
411 6 29 180
411 6 30 180
412 1 4 20
412 2 14 140
412 2 15 140
412 2 16 140
412 3 21 410
412 3 22 410
412 4 23 110
412 4 24 110
412 4 25 110
412 5 26 270
412 5 27 270
412 6 28 180
412 6 29 180
412 6 30 180
413 1 4 20
413 2 14 140
413 2 15 140
413 2 16 140
413 3 21 410
413 3 22 410
413 4 23 110
413 4 24 110
413 4 25 110
413 5 26 270
413 5 27 270
413 6 28 180
413 6 29 180
413 6 30 180
414 1 4 20
414 2 14 140
414 2 15 140
414 2 16 140
414 3 21 410
414 3 22 410
414 4 23 110
414 4 24 110
414 4 25 110
414 5 26 270
414 5 27 270
414 6 28 180
414 6 29 180
414 6 30 180
415 1 4 20
415 2 14 140
415 2 15 140
415 2 16 140
415 3 21 410
415 3 22 410
415 4 23 110
415 4 24 110
415 4 25 110
415 5 26 270
415 5 27 270
415 6 28 180
415 6 29 180
415 6 30 180
416 1 4 20
416 2 14 140
416 2 15 140
416 2 16 140
416 3 21 410
416 3 22 410
416 4 23 110
416 4 24 110
416 4 25 110
416 5 26 270
416 5 27 270
416 6 28 180
416 6 29 180
416 6 30 180
417 1 4 20
417 2 14 140
417 2 15 140
417 2 16 140
417 3 21 410
417 3 22 410
417 4 23 110
417 4 24 110
417 4 25 110
417 5 26 270
417 5 27 270
417 6 28 180
417 6 29 180
417 6 30 180
418 1 4 20
418 2 14 140
418 2 15 140
418 2 16 140
418 3 21 410
418 3 22 410
418 4 23 110
418 4 24 110
418 4 25 110
418 5 26 270
418 5 27 270
418 6 28 180
418 6 29 180
418 6 30 180
419 1 4 20
419 2 14 140
419 2 15 140
419 2 16 140
419 3 21 410
419 3 22 410
419 4 23 110
419 4 24 110
419 4 25 110
419 5 26 270
419 5 27 270
419 6 28 180
419 6 29 180
419 6 30 180
420 1 4 20
420 2 14 140
420 2 15 140
420 2 16 140
420 3 21 410
420 3 22 410
420 4 23 110
420 4 24 110
420 4 25 110
420 5 26 270
420 5 27 270
420 6 28 180
420 6 29 180
420 6 30 180
421 1 4 20
421 2 14 140
421 2 15 140
421 2 16 140
421 3 21 410
421 3 22 410
421 4 23 110
421 4 24 110
421 4 25 110
421 5 26 270
421 5 27 270
421 6 28 180
421 6 29 180
421 6 30 180
422 1 4 20
422 2 14 140
422 2 15 140
422 2 16 140
422 3 21 410
422 3 22 410
422 4 23 110
422 4 24 110
422 4 25 110
422 5 26 270
422 5 27 270
422 6 28 180
422 6 29 180
422 6 30 180
423 1 4 20
423 2 14 140
423 2 15 140
423 2 16 140
423 3 21 410
423 3 22 410
423 4 23 110
423 4 24 110
423 4 25 110
423 5 26 270
423 5 27 270
423 6 28 180
423 6 29 180
423 6 30 180
424 1 4 20
424 2 14 140
424 2 15 140
424 2 16 140
424 3 21 410
424 3 22 410
424 4 23 110
424 4 24 110
424 4 25 110
424 5 26 270
424 5 27 270
424 6 28 180
424 6 29 180
424 6 30 180
425 1 4 20
425 2 14 140
425 2 15 140
425 2 16 140
425 3 21 410
425 3 22 410
425 4 23 110
425 4 24 110
425 4 25 110
425 5 26 270
425 5 27 270
425 6 28 180
425 6 29 180
425 6 30 180
426 1 4 20
426 2 14 140
426 2 15 140
426 2 16 140
426 3 21 410
426 3 22 410
426 4 23 110
426 4 24 110
426 4 25 110
426 5 26 270
426 5 27 270
426 6 28 180
426 6 29 180
426 6 30 180
427 1 4 20
427 2 14 140
427 2 15 140
427 2 16 140
427 3 21 410
427 3 22 410
427 4 23 110
427 4 24 110
427 4 25 110
427 5 26 270
427 5 27 270
427 6 28 180
427 6 29 180
427 6 30 180
428 1 4 20
428 2 14 140
428 2 15 140
428 2 16 140
428 3 21 410
428 3 22 410
428 4 23 110
428 4 24 110
428 4 25 110
428 5 26 270
428 5 27 270
428 6 28 180
428 6 29 180
428 6 30 180
429 1 4 20
429 2 14 140
429 2 15 140
429 2 16 140
429 3 21 410
429 3 22 410
429 4 23 110
429 4 24 110
429 4 25 110
429 5 26 270
429 5 27 270
429 6 28 180
429 6 29 180
429 6 30 180
430 1 4 20
430 2 14 140
430 2 15 140
430 2 16 140
430 3 21 410
430 3 22 410
430 4 23 110
430 4 24 110
430 4 25 110
430 5 26 270
430 5 27 270
430 6 28 180
430 6 29 180
430 6 30 180
431 1 4 20
431 2 14 140
431 2 15 140
431 2 16 140
431 3 21 410
431 3 22 410
431 4 23 110
431 4 24 110
431 4 25 110
431 5 26 270
431 5 27 270
431 6 28 180
431 6 29 180
431 6 30 180
432 1 4 20
432 2 14 140
432 2 15 140
432 2 16 140
432 3 21 410
432 3 22 410
432 4 23 110
432 4 24 110
432 4 25 110
432 5 26 270
432 5 27 270
432 6 28 180
432 6 29 180
432 6 30 180
433 1 4 20
433 2 14 140
433 2 15 140
433 2 16 140
433 3 21 410
433 3 22 410
433 4 23 110
433 4 24 110
433 4 25 110
433 5 26 270
433 5 27 270
433 6 28 180
433 6 29 180
433 6 30 180
434 1 4 20
434 2 14 140
434 2 15 140
434 2 16 140
434 3 21 410
434 3 22 410
434 4 23 110
434 4 24 110
434 4 25 110
434 5 26 270
434 5 27 270
434 6 28 180
434 6 29 180
434 6 30 180
435 1 4 20
435 2 14 140
435 2 15 140
435 2 16 140
435 3 21 410
435 3 22 410
435 4 23 110
435 4 24 110
435 4 25 110
435 5 26 270
435 5 27 270
435 6 28 180
435 6 29 180
435 6 30 180
436 1 4 20
436 2 14 140
436 2 15 140
436 2 16 140
436 3 21 410
436 3 22 410
436 4 23 110
436 4 24 110
436 4 25 110
436 5 26 270
436 5 27 270
436 6 28 180
436 6 29 180
436 6 30 180
437 1 4 20
437 2 14 140
437 2 15 140
437 2 16 140
437 3 21 410
437 3 22 410
437 4 23 110
437 4 24 110
437 4 25 110
437 5 26 270
437 5 27 270
437 6 28 180
437 6 29 180
437 6 30 180
438 1 4 20
438 2 14 140
438 2 15 140
438 2 16 140
438 3 21 410
438 3 22 410
438 4 23 110
438 4 24 110
438 4 25 110
438 5 26 270
438 5 27 270
438 6 28 180
438 6 29 180
438 6 30 180
439 1 4 20
439 2 14 140
439 2 15 140
439 2 16 140
439 3 21 410
439 3 22 410
439 4 23 110
439 4 24 110
439 4 25 110
439 5 26 270
439 5 27 270
439 6 28 180
439 6 29 180
439 6 30 180
440 1 4 20
440 2 14 140
440 2 15 140
440 2 16 140
440 3 21 410
440 3 22 410
440 4 23 110
440 4 24 110
440 4 25 110
440 5 26 270
440 5 27 270
440 6 28 180
440 6 29 180
440 6 30 180
441 1 4 20
441 2 14 140
441 2 15 140
441 2 16 140
441 3 21 410
441 3 22 410
441 4 23 110
441 4 24 110
441 4 25 110
441 5 26 270
441 5 27 270
441 6 28 180
441 6 29 180
441 6 30 180
442 1 4 20
442 2 14 140
442 2 15 140
442 2 16 140
442 3 21 410
442 3 22 410
442 4 23 110
442 4 24 110
442 4 25 110
442 5 26 270
442 5 27 270
442 6 28 180
442 6 29 180
442 6 30 180
443 1 4 20
443 2 14 140
443 2 15 140
443 2 16 140
443 3 21 410
443 3 22 410
443 4 23 110
443 4 24 110
443 4 25 110
443 5 26 270
443 5 27 270
443 6 28 180
443 6 29 180
443 6 30 180
444 1 4 20
444 2 14 140
444 2 15 140
444 2 16 140
444 3 21 410
444 3 22 410
444 4 23 110
444 4 24 110
444 4 25 110
444 5 26 270
444 5 27 270
444 6 28 180
444 6 29 180
444 6 30 180
445 1 4 20
445 2 14 140
445 2 15 140
445 2 16 140
445 3 21 410
445 3 22 410
445 4 23 110
445 4 24 110
445 4 25 110
445 5 26 270
445 5 27 270
445 6 28 180
445 6 29 180
445 6 30 180
446 1 4 20
446 2 14 140
446 2 15 140
446 2 16 140
446 3 21 410
446 3 22 410
446 4 23 110
446 4 24 110
446 4 25 110
446 5 26 270
446 5 27 270
446 6 28 180
446 6 29 180
446 6 30 180
447 1 4 20
447 2 14 140
447 2 15 140
447 2 16 140
447 3 21 410
447 3 22 410
447 4 23 110
447 4 24 110
447 4 25 110
447 5 26 270
447 5 27 270
447 6 28 180
447 6 29 180
447 6 30 180
448 1 4 20
448 2 14 140
448 2 15 140
448 2 16 140
448 3 21 410
448 3 22 410
448 4 23 110
448 4 24 110
448 4 25 110
448 5 26 270
448 5 27 270
448 6 28 180
448 6 29 180
448 6 30 180
449 1 4 20
449 2 14 140
449 2 15 140
449 2 16 140
449 3 21 410
449 3 22 410
449 4 23 110
449 4 24 110
449 4 25 110
449 5 26 270
449 5 27 270
449 6 28 180
449 6 29 180
449 6 30 180
450 1 4 20
450 2 14 140
450 2 15 140
450 2 16 140
450 3 21 410
450 3 22 410
450 4 23 110
450 4 24 110
450 4 25 110
450 5 26 270
450 5 27 270
450 6 28 180
450 6 29 180
450 6 30 180
451 1 4 20
451 2 14 140
451 2 15 140
451 2 16 140
451 3 21 410
451 3 22 410
451 4 23 110
451 4 24 110
451 4 25 110
451 5 26 270
451 5 27 270
451 6 28 180
451 6 29 180
451 6 30 180
452 1 4 20
452 2 14 140
452 2 15 140
452 2 16 140
452 3 21 410
452 3 22 410
452 4 23 110
452 4 24 110
452 4 25 110
452 5 26 270
452 5 27 270
452 6 28 180
452 6 29 180
452 6 30 180
453 1 4 20
453 2 14 140
453 2 15 140
453 2 16 140
453 3 21 410
453 3 22 410
453 4 23 110
453 4 24 110
453 4 25 110
453 5 26 270
453 5 27 270
453 6 28 180
453 6 29 180
453 6 30 180
454 1 4 20
454 2 14 140
454 2 15 140
454 2 16 140
454 3 21 410
454 3 22 410
454 4 23 110
454 4 24 110
454 4 25 110
454 5 26 270
454 5 27 270
454 6 28 180
454 6 29 180
454 6 30 180
455 1 4 20
455 2 14 140
455 2 15 140
455 2 16 140
455 3 21 410
455 3 22 410
455 4 23 110
455 4 24 110
455 4 25 110
455 5 26 270
455 5 27 270
455 6 28 180
455 6 29 180
455 6 30 180
456 1 4 20
456 2 14 140
456 2 15 140
456 2 16 140
456 3 21 410
456 3 22 410
456 4 23 110
456 4 24 110
456 4 25 110
456 5 26 270
456 5 27 270
456 6 28 180
456 6 29 180
456 6 30 180
457 1 4 20
457 2 14 140
457 2 15 140
457 2 16 140
457 3 21 410
457 3 22 410
457 4 23 110
457 4 24 110
457 4 25 110
457 5 26 270
457 5 27 270
457 6 28 180
457 6 29 180
457 6 30 180
458 1 4 20
458 2 14 140
458 2 15 140
458 2 16 140
458 3 21 410
458 3 22 410
458 4 23 110
458 4 24 110
458 4 25 110
458 5 26 270
458 5 27 270
458 6 28 180
458 6 29 180
458 6 30 180
459 1 4 20
459 2 14 140
459 2 15 140
459 2 16 140
459 3 21 410
459 3 22 410
459 4 23 110
459 4 24 110
459 4 25 110
459 5 26 270
459 5 27 270
459 6 28 180
459 6 29 180
459 6 30 180
460 1 4 20
460 2 14 140
460 2 15 140
460 2 16 140
460 3 21 410
460 3 22 410
460 4 23 110
460 4 24 110
460 4 25 110
460 5 26 270
460 5 27 270
460 6 28 180
460 6 29 180
460 6 30 180
461 1 4 20
461 2 14 140
461 2 15 140
461 2 16 140
461 3 21 410
461 3 22 410
461 4 23 110
461 4 24 110
461 4 25 110
461 5 26 270
461 5 27 270
461 6 28 180
461 6 29 180
461 6 30 180
462 1 4 20
462 2 14 140
462 2 15 140
462 2 16 140
462 3 21 410
462 3 22 410
462 4 23 110
462 4 24 110
462 4 25 110
462 5 26 270
462 5 27 270
462 6 28 180
462 6 29 180
462 6 30 180
463 1 4 20
463 2 14 140
463 2 15 140
463 2 16 140
463 3 21 410
463 3 22 410
463 4 23 110
463 4 24 110
463 4 25 110
463 5 26 270
463 5 27 270
463 6 28 180
463 6 29 180
463 6 30 180
464 1 4 20
464 2 14 140
464 2 15 140
464 2 16 140
464 3 21 410
464 3 22 410
464 4 23 110
464 4 24 110
464 4 25 110
464 5 26 270
464 5 27 270
464 6 28 180
464 6 29 180
464 6 30 180
465 1 4 20
465 2 14 140
465 2 15 140
465 2 16 140
465 3 21 410
465 3 22 410
465 4 23 110
465 4 24 110
465 4 25 110
465 5 26 270
465 5 27 270
465 6 28 180
465 6 29 180
465 6 30 180
466 1 4 20
466 2 14 140
466 2 15 140
466 2 16 140
466 3 21 410
466 3 22 410
466 4 23 110
466 4 24 110
466 4 25 110
466 5 26 270
466 5 27 270
466 6 28 180
466 6 29 180
466 6 30 180
467 1 4 20
467 2 14 140
467 2 15 140
467 2 16 140
467 3 21 410
467 3 22 410
467 4 23 110
467 4 24 110
467 4 25 110
467 5 26 270
467 5 27 270
467 6 28 180
467 6 29 180
467 6 30 180
468 1 4 20
468 2 14 140
468 2 15 140
468 2 16 140
468 3 21 410
468 3 22 410
468 4 23 110
468 4 24 110
468 4 25 110
468 5 26 270
468 5 27 270
468 6 28 180
468 6 29 180
468 6 30 180
469 1 4 20
469 2 14 140
469 2 15 140
469 2 16 140
469 3 21 410
469 3 22 410
469 4 23 110
469 4 24 110
469 4 25 110
469 5 26 270
469 5 27 270
469 6 28 180
469 6 29 180
469 6 30 180
470 1 4 20
470 2 14 140
470 2 15 140
470 2 16 140
470 3 21 410
470 3 22 410
470 4 23 110
470 4 24 110
470 4 25 110
470 5 26 270
470 5 27 270
470 6 28 180
470 6 29 180
470 6 30 180
471 1 4 20
471 2 14 140
471 2 15 140
471 2 16 140
471 3 21 410
471 3 22 410
471 4 23 110
471 4 24 110
471 4 25 110
471 5 26 270
471 5 27 270
471 6 28 180
471 6 29 180
471 6 30 180
472 1 4 20
472 2 14 140
472 2 15 140
472 2 16 140
472 3 21 410
472 3 22 410
472 4 23 110
472 4 24 110
472 4 25 110
472 5 26 270
472 5 27 270
472 6 28 180
472 6 29 180
472 6 30 180
473 1 4 20
473 2 14 140
473 2 15 140
473 2 16 140
473 3 21 410
473 3 22 410
473 4 23 110
473 4 24 110
473 4 25 110
473 5 26 270
473 5 27 270
473 6 28 180
473 6 29 180
473 6 30 180
474 1 4 20
474 2 14 140
474 2 15 140
474 2 16 140
474 3 21 410
474 3 22 410
474 4 23 110
474 4 24 110
474 4 25 110
474 5 26 270
474 5 27 270
474 6 28 180
474 6 29 180
474 6 30 180
475 1 4 20
475 2 14 140
475 2 15 140
475 2 16 140
475 3 21 410
475 3 22 410
475 4 23 110
475 4 24 110
475 4 25 110
475 5 26 270
475 5 27 270
475 6 28 180
475 6 29 180
475 6 30 180
476 1 4 20
476 2 14 140
476 2 15 140
476 2 16 140
476 3 21 410
476 3 22 410
476 4 23 110
476 4 24 110
476 4 25 110
476 5 26 270
476 5 27 270
476 6 28 180
476 6 29 180
476 6 30 180
477 1 4 20
477 2 14 140
477 2 15 140
477 2 16 140
477 3 21 410
477 3 22 410
477 4 23 110
477 4 24 110
477 4 25 110
477 5 26 270
477 5 27 270
477 6 28 180
477 6 29 180
477 6 30 180
478 1 4 20
478 2 14 140
478 2 15 140
478 2 16 140
478 3 21 410
478 3 22 410
478 4 23 110
478 4 24 110
478 4 25 110
478 5 26 270
478 5 27 270
478 6 28 180
478 6 29 180
478 6 30 180
479 1 4 20
479 2 14 140
479 2 15 140
479 2 16 140
479 3 21 410
479 3 22 410
479 4 23 110
479 4 24 110
479 4 25 110
479 5 26 270
479 5 27 270
479 6 28 180
479 6 29 180
479 6 30 180
480 1 4 20
480 2 14 140
480 2 15 140
480 2 16 140
480 3 21 410
480 3 22 410
480 4 23 110
480 4 24 110
480 4 25 110
480 5 26 270
480 5 27 270
480 6 28 180
480 6 29 180
480 6 30 180
481 1 4 20
481 2 14 140
481 2 15 140
481 2 16 140
481 3 21 410
481 3 22 410
481 4 23 110
481 4 24 110
481 4 25 110
481 5 26 270
481 5 27 270
481 6 28 180
481 6 29 180
481 6 30 180
482 1 4 20
482 2 14 140
482 2 15 140
482 2 16 140
482 3 21 410
482 3 22 410
482 4 23 110
482 4 24 110
482 4 25 110
482 5 26 270
482 5 27 270
482 6 28 180
482 6 29 180
482 6 30 180
483 1 4 20
483 2 14 140
483 2 15 140
483 2 16 140
483 3 21 410
483 3 22 410
483 4 23 110
483 4 24 110
483 4 25 110
483 5 26 270
483 5 27 270
483 6 28 180
483 6 29 180
483 6 30 180
484 1 4 20
484 2 14 140
484 2 15 140
484 2 16 140
484 3 21 410
484 3 22 410
484 4 23 110
484 4 24 110
484 4 25 110
484 5 26 270
484 5 27 270
484 6 28 180
484 6 29 180
484 6 30 180
485 1 4 20
485 2 14 140
485 2 15 140
485 2 16 140
485 3 21 410
485 3 22 410
485 4 23 110
485 4 24 110
485 4 25 110
485 5 26 270
485 5 27 270
485 6 28 180
485 6 29 180
485 6 30 180
486 1 4 20
486 2 14 140
486 2 15 140
486 2 16 140
486 3 21 410
486 3 22 410
486 4 23 110
486 4 24 110
486 4 25 110
486 5 26 270
486 5 27 270
486 6 28 180
486 6 29 180
486 6 30 180
487 1 4 20
487 2 14 140
487 2 15 140
487 2 16 140
487 3 21 410
487 3 22 410
487 4 23 110
487 4 24 110
487 4 25 110
487 5 26 270
487 5 27 270
487 6 28 180
487 6 29 180
487 6 30 180
488 1 4 20
488 2 14 140
488 2 15 140
488 2 16 140
488 3 21 410
488 3 22 410
488 4 23 110
488 4 24 110
488 4 25 110
488 5 26 270
488 5 27 270
488 6 28 180
488 6 29 180
488 6 30 180
489 1 4 20
489 2 14 140
489 2 15 140
489 2 16 140
489 3 21 410
489 3 22 410
489 4 23 110
489 4 24 110
489 4 25 110
489 5 26 270
489 5 27 270
489 6 28 180
489 6 29 180
489 6 30 180
490 1 4 20
490 2 14 140
490 2 15 140
490 2 16 140
490 3 21 410
490 3 22 410
490 4 23 110
490 4 24 110
490 4 25 110
490 5 26 270
490 5 27 270
490 6 28 180
490 6 29 180
490 6 30 180
491 1 4 20
491 2 14 140
491 2 15 140
491 2 16 140
491 3 21 410
491 3 22 410
491 4 23 110
491 4 24 110
491 4 25 110
491 5 26 270
491 5 27 270
491 6 28 180
491 6 29 180
491 6 30 180
492 1 4 20
492 2 14 140
492 2 15 140
492 2 16 140
492 3 21 410
492 3 22 410
492 4 23 110
492 4 24 110
492 4 25 110
492 5 26 270
492 5 27 270
492 6 28 180
492 6 29 180
492 6 30 180
493 1 4 20
493 2 14 140
493 2 15 140
493 2 16 140
493 3 21 410
493 3 22 410
493 4 23 110
493 4 24 110
493 4 25 110
493 5 26 270
493 5 27 270
493 6 28 180
493 6 29 180
493 6 30 180
494 1 4 20
494 2 14 140
494 2 15 140
494 2 16 140
494 3 21 410
494 3 22 410
494 4 23 110
494 4 24 110
494 4 25 110
494 5 26 270
494 5 27 270
494 6 28 180
494 6 29 180
494 6 30 180
495 1 4 20
495 2 14 140
495 2 15 140
495 2 16 140
495 3 21 410
495 3 22 410
495 4 23 110
495 4 24 110
495 4 25 110
495 5 26 270
495 5 27 270
495 6 28 180
495 6 29 180
495 6 30 180
496 1 4 20
496 2 14 140
496 2 15 140
496 2 16 140
496 3 21 410
496 3 22 410
496 4 23 110
496 4 24 110
496 4 25 110
496 5 26 270
496 5 27 270
496 6 28 180
496 6 29 180
496 6 30 180
497 1 4 20
497 2 14 140
497 2 15 140
497 2 16 140
497 3 21 410
497 3 22 410
497 4 23 110
497 4 24 110
497 4 25 110
497 5 26 270
497 5 27 270
497 6 28 180
497 6 29 180
497 6 30 180
498 1 4 20
498 2 14 140
498 2 15 140
498 2 16 140
498 3 21 410
498 3 22 410
498 4 23 110
498 4 24 110
498 4 25 110
498 5 26 270
498 5 27 270
498 6 28 180
498 6 29 180
498 6 30 180
499 1 4 20
499 2 14 140
499 2 15 140
499 2 16 140
499 3 21 410
499 3 22 410
499 4 23 110
499 4 24 110
499 4 25 110
499 5 26 270
499 5 27 270
499 6 28 180
499 6 29 180
499 6 30 180
500 1 4 20
500 2 14 140
500 2 15 140
500 2 16 140
500 3 21 410
500 3 22 410
500 4 23 110
500 4 24 110
500 4 25 110
500 5 26 270
500 5 27 270
500 6 28 180
500 6 29 180
500 6 30 180
501 1 4 20
501 2 14 140
501 2 15 140
501 2 16 140
501 3 21 410
501 3 22 410
501 4 23 110
501 4 24 110
501 4 25 110
501 5 26 270
501 5 27 270
501 6 28 180
501 6 29 180
501 6 30 180
502 1 4 20
502 2 14 140
502 2 15 140
502 2 16 140
502 3 21 410
502 3 22 410
502 4 23 110
502 4 24 110
502 4 25 110
502 5 26 270
502 5 27 270
502 6 28 180
502 6 29 180
502 6 30 180
503 1 4 20
503 2 14 140
503 2 15 140
503 2 16 140
503 3 21 410
503 3 22 410
503 4 23 110
503 4 24 110
503 4 25 110
503 5 26 270
503 5 27 270
503 6 28 180
503 6 29 180
503 6 30 180
504 1 4 20
504 2 14 140
504 2 15 140
504 2 16 140
504 3 21 410
504 3 22 410
504 4 23 110
504 4 24 110
504 4 25 110
504 5 26 270
504 5 27 270
504 6 28 180
504 6 29 180
504 6 30 180
505 1 4 20
505 2 14 140
505 2 15 140
505 2 16 140
505 3 21 410
505 3 22 410
505 4 23 110
505 4 24 110
505 4 25 110
505 5 26 270
505 5 27 270
505 6 28 180
505 6 29 180
505 6 30 180
506 1 4 20
506 2 14 140
506 2 15 140
506 2 16 140
506 3 21 410
506 3 22 410
506 4 23 110
506 4 24 110
506 4 25 110
506 5 26 270
506 5 27 270
506 6 28 180
506 6 29 180
506 6 30 180
507 1 4 20
507 2 14 140
507 2 15 140
507 2 16 140
507 3 21 410
507 3 22 410
507 4 23 110
507 4 24 110
507 4 25 110
507 5 26 270
507 5 27 270
507 6 28 180
507 6 29 180
507 6 30 180
508 1 4 20
508 2 14 140
508 2 15 140
508 2 16 140
508 3 21 410
508 3 22 410
508 4 23 110
508 4 24 110
508 4 25 110
508 5 26 270
508 5 27 270
508 6 28 180
508 6 29 180
508 6 30 180
509 1 4 20
509 2 14 140
509 2 15 140
509 2 16 140
509 3 21 410
509 3 22 410
509 4 23 110
509 4 24 110
509 4 25 110
509 5 26 270
509 5 27 270
509 6 28 180
509 6 29 180
509 6 30 180
510 1 4 20
510 2 14 140
510 2 15 140
510 2 16 140
510 3 21 410
510 3 22 410
510 4 23 110
510 4 24 110
510 4 25 110
510 5 26 270
510 5 27 270
510 6 28 180
510 6 29 180
510 6 30 180
511 1 4 20
511 2 14 140
511 2 15 140
511 2 16 140
511 3 21 410
511 3 22 410
511 4 23 110
511 4 24 110
511 4 25 110
511 5 26 270
511 5 27 270
511 6 28 180
511 6 29 180
511 6 30 180
512 1 4 20
512 2 14 140
512 2 15 140
512 2 16 140
512 3 21 410
512 3 22 410
512 4 23 110
512 4 24 110
512 4 25 110
512 5 26 270
512 5 27 270
512 6 28 180
512 6 29 180
512 6 30 180
513 1 4 20
513 2 14 140
513 2 15 140
513 2 16 140
513 3 21 410
513 3 22 410
513 4 23 110
513 4 24 110
513 4 25 110
513 5 26 270
513 5 27 270
513 6 28 180
513 6 29 180
513 6 30 180
514 1 4 20
514 2 14 140
514 2 15 140
514 2 16 140
514 3 21 410
514 3 22 410
514 4 23 110
514 4 24 110
514 4 25 110
514 5 26 270
514 5 27 270
514 6 28 180
514 6 29 180
514 6 30 180
515 1 4 20
515 2 14 140
515 2 15 140
515 2 16 140
515 3 21 410
515 3 22 410
515 4 23 110
515 4 24 110
515 4 25 110
515 5 26 270
515 5 27 270
515 6 28 180
515 6 29 180
515 6 30 180
516 1 4 20
516 2 14 140
516 2 15 140
516 2 16 140
516 3 21 410
516 3 22 410
516 4 23 110
516 4 24 110
516 4 25 110
516 5 26 270
516 5 27 270
516 6 28 180
516 6 29 180
516 6 30 180
517 1 4 20
517 2 14 140
517 2 15 140
517 2 16 140
517 3 21 410
517 3 22 410
517 4 23 110
517 4 24 110
517 4 25 110
517 5 26 270
517 5 27 270
517 6 28 180
517 6 29 180
517 6 30 180
518 1 4 20
518 2 14 140
518 2 15 140
518 2 16 140
518 3 21 410
518 3 22 410
518 4 23 110
518 4 24 110
518 4 25 110
518 5 26 270
518 5 27 270
518 6 28 180
518 6 29 180
518 6 30 180
519 1 4 20
519 2 14 140
519 2 15 140
519 2 16 140
519 3 21 410
519 3 22 410
519 4 23 110
519 4 24 110
519 4 25 110
519 5 26 270
519 5 27 270
519 6 28 180
519 6 29 180
519 6 30 180
520 1 4 20
520 2 14 140
520 2 15 140
520 2 16 140
520 3 21 410
520 3 22 410
520 4 23 110
520 4 24 110
520 4 25 110
520 5 26 270
520 5 27 270
520 6 28 180
520 6 29 180
520 6 30 180
521 1 4 20
521 2 14 140
521 2 15 140
521 2 16 140
521 3 21 410
521 3 22 410
521 4 23 110
521 4 24 110
521 4 25 110
521 5 26 270
521 5 27 270
521 6 28 180
521 6 29 180
521 6 30 180
522 1 4 20
522 2 14 140
522 2 15 140
522 2 16 140
522 3 21 410
522 3 22 410
522 4 23 110
522 4 24 110
522 4 25 110
522 5 26 270
522 5 27 270
522 6 28 180
522 6 29 180
522 6 30 180
523 1 4 20
523 2 14 140
523 2 15 140
523 2 16 140
523 3 21 410
523 3 22 410
523 4 23 110
523 4 24 110
523 4 25 110
523 5 26 270
523 5 27 270
523 6 28 180
523 6 29 180
523 6 30 180
524 1 4 20
524 2 14 140
524 2 15 140
524 2 16 140
524 3 21 410
524 3 22 410
524 4 23 110
524 4 24 110
524 4 25 110
524 5 26 270
524 5 27 270
524 6 28 180
524 6 29 180
524 6 30 180
525 1 4 20
525 2 14 140
525 2 15 140
525 2 16 140
525 3 21 410
525 3 22 410
525 4 23 110
525 4 24 110
525 4 25 110
525 5 26 270
525 5 27 270
525 6 28 180
525 6 29 180
525 6 30 180
526 1 4 20
526 2 14 140
526 2 15 140
526 2 16 140
526 3 21 410
526 3 22 410
526 4 23 110
526 4 24 110
526 4 25 110
526 5 26 270
526 5 27 270
526 6 28 180
526 6 29 180
526 6 30 180
527 1 4 20
527 2 14 140
527 2 15 140
527 2 16 140
527 3 21 410
527 3 22 410
527 4 23 110
527 4 24 110
527 4 25 110
527 5 26 270
527 5 27 270
527 6 28 180
527 6 29 180
527 6 30 180
528 1 4 20
528 2 14 140
528 2 15 140
528 2 16 140
528 3 21 410
528 3 22 410
528 4 23 110
528 4 24 110
528 4 25 110
528 5 26 270
528 5 27 270
528 6 28 180
528 6 29 180
528 6 30 180
529 1 4 20
529 2 14 140
529 2 15 140
529 2 16 140
529 3 21 410
529 3 22 410
529 4 23 110
529 4 24 110
529 4 25 110
529 5 26 270
529 5 27 270
529 6 28 180
529 6 29 180
529 6 30 180
530 1 4 20
530 2 14 140
530 2 15 140
530 2 16 140
530 3 21 410
530 3 22 410
530 4 23 110
530 4 24 110
530 4 25 110
530 5 26 270
530 5 27 270
530 6 28 180
530 6 29 180
530 6 30 180
531 1 4 20
531 2 14 140
531 2 15 140
531 2 16 140
531 3 21 410
531 3 22 410
531 4 23 110
531 4 24 110
531 4 25 110
531 5 26 270
531 5 27 270
531 6 28 180
531 6 29 180
531 6 30 180
532 1 4 20
532 2 14 140
532 2 15 140
532 2 16 140
532 3 21 410
532 3 22 410
532 4 23 110
532 4 24 110
532 4 25 110
532 5 26 270
532 5 27 270
532 6 28 180
532 6 29 180
532 6 30 180
533 1 4 20
533 2 14 140
533 2 15 140
533 2 16 140
533 3 21 410
533 3 22 410
533 4 23 110
533 4 24 110
533 4 25 110
533 5 26 270
533 5 27 270
533 6 28 180
533 6 29 180
533 6 30 180
534 1 4 20
534 2 14 140
534 2 15 140
534 2 16 140
534 3 21 410
534 3 22 410
534 4 23 110
534 4 24 110
534 4 25 110
534 5 26 270
534 5 27 270
534 6 28 180
534 6 29 180
534 6 30 180
535 1 4 20
535 2 14 140
535 2 15 140
535 2 16 140
535 3 21 410
535 3 22 410
535 4 23 110
535 4 24 110
535 4 25 110
535 5 26 270
535 5 27 270
535 6 28 180
535 6 29 180
535 6 30 180
536 1 4 20
536 2 14 140
536 2 15 140
536 2 16 140
536 3 21 410
536 3 22 410
536 4 23 110
536 4 24 110
536 4 25 110
536 5 26 270
536 5 27 270
536 6 28 180
536 6 29 180
536 6 30 180
537 1 4 20
537 2 14 140
537 2 15 140
537 2 16 140
537 3 21 410
537 3 22 410
537 4 23 110
537 4 24 110
537 4 25 110
537 5 26 270
537 5 27 270
537 6 28 180
537 6 29 180
537 6 30 180
538 1 4 20
538 2 14 140
538 2 15 140
538 2 16 140
538 3 21 410
538 3 22 410
538 4 23 110
538 4 24 110
538 4 25 110
538 5 26 270
538 5 27 270
538 6 28 180
538 6 29 180
538 6 30 180
539 1 4 20
539 2 14 140
539 2 15 140
539 2 16 140
539 3 21 410
539 3 22 410
539 4 23 110
539 4 24 110
539 4 25 110
539 5 26 270
539 5 27 270
539 6 28 180
539 6 29 180
539 6 30 180
540 1 4 20
540 2 14 140
540 2 15 140
540 2 16 140
540 3 21 410
540 3 22 410
540 4 23 110
540 4 24 110
540 4 25 110
540 5 26 270
540 5 27 270
540 6 28 180
540 6 29 180
540 6 30 180
