225
30
7 7 7 7 7 7 7 7 7 7 7 7 7 7 7 7 7 7 7 7 7 7 7 7 7 7 7 7 7 7 7 7 7 7 7 7 7 7 7 7 7 7 7 7 7 7 7 7 7 7 7 7 7 7 7 7 7 7 7 7 7 7 7 7 7 7 7 7 7 7 7 7 7 7 7 7 7 7 7 7 7 7 7 7 7 7 7 7 7 7 7 7 7 7 7 7 7 7 7 7 7 7 7 7 7 7 7 7 7 7 7 7 7 7 7 7 7 7 7 7 7 7 7 7 7 7 7 7 7 7 7 7 7 7 7 7 7 7 7 7 7 7 7 7 7 7 7 7 7 7 6 6 6 6 6 6 6 6 6 6 6 6 6 6 6 6 6 6 6 6 6 6 6 6 6 6 6 6 6 6 6 6 6 6 6 6 6 6 6 6 6 6 6 6 6 6 6 6 6 6 6 6 6 6 6 6 6 6 6 6 6 6 6 6 6 6 6 6 6 6 6 6 6 6 6
28800 28800 28800 28800 28800 28800 28800 28800 28800 28800 28800 28800 28800 28800 28800 28800 28800 28800 28800 28800 28800 28800 28800 28800 28800 28800 28800 28800 28800 28800 28800 28800 28800 28800 28800 28800 28800 28800 28800 28800 28800 28800 28800 28800 28800 28800 28800 28800 28800 28800 28800 28800 28800 28800 28800 28800 28800 28800 28800 28800 28800 28800 28800 28800 28800 28800 28800 28800 28800 28800 28800 28800 28800 28800 28800 28800 28800 28800 28800 28800 28800 28800 28800 28800 28800 28800 28800 28800 28800 28800 28800 28800 28800 28800 28800 28800 28800 28800 28800 28800 28800 28800 28800 28800 28800 28800 28800 28800 28800 28800 28800 28800 28800 28800 28800 28800 28800 28800 28800 28800 28800 28800 28800 28800 28800 28800 28800 28800 28800 28800 28800 28800 28800 28800 28800 28800 28800 28800 28800 28800 28800 28800 28800 28800 28800 28800 28800 28800 28800 28800 28800 28800 28800 28800 28800 28800 28800 28800 28800 28800 28800 28800 28800 28800 28800 28800 28800 28800 28800 28800 28800 28800 28800 28800 28800 28800 28800 28800 28800 28800 28800 28800 28800 28800 28800 28800 28800 28800 28800 28800 28800 28800 28800 28800 28800 28800 28800 28800 28800 28800 28800 28800 28800 28800 28800 28800 28800 28800 28800 28800 28800 28800 28800 28800 28800 28800 28800 28800 28800 28800 28800 28800 28800 28800 28800
1 1 2 20
1 1 3 20
1 2 14 50
1 2 15 50
1 2 16 50
1 3 5 240
1 3 6 240
1 3 7 240
1 3 8 240
1 3 9 240
1 3 10 240
1 3 11 240
1 3 12 240
1 3 13 240
1 4 21 160
1 4 22 160
1 5 23 60
1 5 24 60
1 5 25 60
1 6 26 70
1 6 27 70
1 7 28 70
1 7 29 70
1 7 30 70
2 1 2 20
2 1 3 20
2 2 14 50
2 2 15 50
2 2 16 50
2 3 5 240
2 3 6 240
2 3 7 240
2 3 8 240
2 3 9 240
2 3 10 240
2 3 11 240
2 3 12 240
2 3 13 240
2 4 21 160
2 4 22 160
2 5 23 60
2 5 24 60
2 5 25 60
2 6 26 70
2 6 27 70
2 7 28 70
2 7 29 70
2 7 30 70
3 1 2 20
3 1 3 20
3 2 14 50
3 2 15 50
3 2 16 50
3 3 5 240
3 3 6 240
3 3 7 240
3 3 8 240
3 3 9 240
3 3 10 240
3 3 11 240
3 3 12 240
3 3 13 240
3 4 21 160
3 4 22 160
3 5 23 60
3 5 24 60
3 5 25 60
3 6 26 70
3 6 27 70
3 7 28 70
3 7 29 70
3 7 30 70
4 1 2 20
4 1 3 20
4 2 14 50
4 2 15 50
4 2 16 50
4 3 5 240
4 3 6 240
4 3 7 240
4 3 8 240
4 3 9 240
4 3 10 240
4 3 11 240
4 3 12 240
4 3 13 240
4 4 21 160
4 4 22 160
4 5 23 60
4 5 24 60
4 5 25 60
4 6 26 70
4 6 27 70
4 7 28 70
4 7 29 70
4 7 30 70
5 1 2 20
5 1 3 20
5 2 14 50
5 2 15 50
5 2 16 50
5 3 5 240
5 3 6 240
5 3 7 240
5 3 8 240
5 3 9 240
5 3 10 240
5 3 11 240
5 3 12 240
5 3 13 240
5 4 21 160
5 4 22 160
5 5 23 60
5 5 24 60
5 5 25 60
5 6 26 70
5 6 27 70
5 7 28 70
5 7 29 70
5 7 30 70
6 1 2 20
6 1 3 20
6 2 14 50
6 2 15 50
6 2 16 50
6 3 5 240
6 3 6 240
6 3 7 240
6 3 8 240
6 3 9 240
6 3 10 240
6 3 11 240
6 3 12 240
6 3 13 240
6 4 21 160
6 4 22 160
6 5 23 60
6 5 24 60
6 5 25 60
6 6 26 70
6 6 27 70
6 7 28 70
6 7 29 70
6 7 30 70
7 1 2 20
7 1 3 20
7 2 14 50
7 2 15 50
7 2 16 50
7 3 5 240
7 3 6 240
7 3 7 240
7 3 8 240
7 3 9 240
7 3 10 240
7 3 11 240
7 3 12 240
7 3 13 240
7 4 21 160
7 4 22 160
7 5 23 60
7 5 24 60
7 5 25 60
7 6 26 70
7 6 27 70
7 7 28 70
7 7 29 70
7 7 30 70
8 1 2 20
8 1 3 20
8 2 14 50
8 2 15 50
8 2 16 50
8 3 5 240
8 3 6 240
8 3 7 240
8 3 8 240
8 3 9 240
8 3 10 240
8 3 11 240
8 3 12 240
8 3 13 240
8 4 21 160
8 4 22 160
8 5 23 60
8 5 24 60
8 5 25 60
8 6 26 70
8 6 27 70
8 7 28 70
8 7 29 70
8 7 30 70
9 1 2 20
9 1 3 20
9 2 14 50
9 2 15 50
9 2 16 50
9 3 5 240
9 3 6 240
9 3 7 240
9 3 8 240
9 3 9 240
9 3 10 240
9 3 11 240
9 3 12 240
9 3 13 240
9 4 21 160
9 4 22 160
9 5 23 60
9 5 24 60
9 5 25 60
9 6 26 70
9 6 27 70
9 7 28 70
9 7 29 70
9 7 30 70
10 1 2 20
10 1 3 20
10 2 14 50
10 2 15 50
10 2 16 50
10 3 5 240
10 3 6 240
10 3 7 240
10 3 8 240
10 3 9 240
10 3 10 240
10 3 11 240
10 3 12 240
10 3 13 240
10 4 21 160
10 4 22 160
10 5 23 60
10 5 24 60
10 5 25 60
10 6 26 70
10 6 27 70
10 7 28 70
10 7 29 70
10 7 30 70
11 1 2 20
11 1 3 20
11 2 14 50
11 2 15 50
11 2 16 50
11 3 5 240
11 3 6 240
11 3 7 240
11 3 8 240
11 3 9 240
11 3 10 240
11 3 11 240
11 3 12 240
11 3 13 240
11 4 21 160
11 4 22 160
11 5 23 60
11 5 24 60
11 5 25 60
11 6 26 70
11 6 27 70
11 7 28 70
11 7 29 70
11 7 30 70
12 1 2 20
12 1 3 20
12 2 14 50
12 2 15 50
12 2 16 50
12 3 5 240
12 3 6 240
12 3 7 240
12 3 8 240
12 3 9 240
12 3 10 240
12 3 11 240
12 3 12 240
12 3 13 240
12 4 21 160
12 4 22 160
12 5 23 60
12 5 24 60
12 5 25 60
12 6 26 70
12 6 27 70
12 7 28 70
12 7 29 70
12 7 30 70
13 1 2 20
13 1 3 20
13 2 14 50
13 2 15 50
13 2 16 50
13 3 5 240
13 3 6 240
13 3 7 240
13 3 8 240
13 3 9 240
13 3 10 240
13 3 11 240
13 3 12 240
13 3 13 240
13 4 21 160
13 4 22 160
13 5 23 60
13 5 24 60
13 5 25 60
13 6 26 70
13 6 27 70
13 7 28 70
13 7 29 70
13 7 30 70
14 1 2 20
14 1 3 20
14 2 14 50
14 2 15 50
14 2 16 50
14 3 5 240
14 3 6 240
14 3 7 240
14 3 8 240
14 3 9 240
14 3 10 240
14 3 11 240
14 3 12 240
14 3 13 240
14 4 21 160
14 4 22 160
14 5 23 60
14 5 24 60
14 5 25 60
14 6 26 70
14 6 27 70
14 7 28 70
14 7 29 70
14 7 30 70
15 1 2 20
15 1 3 20
15 2 14 50
15 2 15 50
15 2 16 50
15 3 5 240
15 3 6 240
15 3 7 240
15 3 8 240
15 3 9 240
15 3 10 240
15 3 11 240
15 3 12 240
15 3 13 240
15 4 21 160
15 4 22 160
15 5 23 60
15 5 24 60
15 5 25 60
15 6 26 70
15 6 27 70
15 7 28 70
15 7 29 70
15 7 30 70
16 1 2 20
16 1 3 20
16 2 14 50
16 2 15 50
16 2 16 50
16 3 5 240
16 3 6 240
16 3 7 240
16 3 8 240
16 3 9 240
16 3 10 240
16 3 11 240
16 3 12 240
16 3 13 240
16 4 21 160
16 4 22 160
16 5 23 60
16 5 24 60
16 5 25 60
16 6 26 70
16 6 27 70
16 7 28 70
16 7 29 70
16 7 30 70
17 1 2 20
17 1 3 20
17 2 14 50
17 2 15 50
17 2 16 50
17 3 5 240
17 3 6 240
17 3 7 240
17 3 8 240
17 3 9 240
17 3 10 240
17 3 11 240
17 3 12 240
17 3 13 240
17 4 21 160
17 4 22 160
17 5 23 60
17 5 24 60
17 5 25 60
17 6 26 70
17 6 27 70
17 7 28 70
17 7 29 70
17 7 30 70
18 1 2 20
18 1 3 20
18 2 14 50
18 2 15 50
18 2 16 50
18 3 5 240
18 3 6 240
18 3 7 240
18 3 8 240
18 3 9 240
18 3 10 240
18 3 11 240
18 3 12 240
18 3 13 240
18 4 21 160
18 4 22 160
18 5 23 60
18 5 24 60
18 5 25 60
18 6 26 70
18 6 27 70
18 7 28 70
18 7 29 70
18 7 30 70
19 1 2 20
19 1 3 20
19 2 14 50
19 2 15 50
19 2 16 50
19 3 5 240
19 3 6 240
19 3 7 240
19 3 8 240
19 3 9 240
19 3 10 240
19 3 11 240
19 3 12 240
19 3 13 240
19 4 21 160
19 4 22 160
19 5 23 60
19 5 24 60
19 5 25 60
19 6 26 70
19 6 27 70
19 7 28 70
19 7 29 70
19 7 30 70
20 1 2 20
20 1 3 20
20 2 14 50
20 2 15 50
20 2 16 50
20 3 5 240
20 3 6 240
20 3 7 240
20 3 8 240
20 3 9 240
20 3 10 240
20 3 11 240
20 3 12 240
20 3 13 240
20 4 21 160
20 4 22 160
20 5 23 60
20 5 24 60
20 5 25 60
20 6 26 70
20 6 27 70
20 7 28 70
20 7 29 70
20 7 30 70
21 1 2 20
21 1 3 20
21 2 14 50
21 2 15 50
21 2 16 50
21 3 5 240
21 3 6 240
21 3 7 240
21 3 8 240
21 3 9 240
21 3 10 240
21 3 11 240
21 3 12 240
21 3 13 240
21 4 21 160
21 4 22 160
21 5 23 60
21 5 24 60
21 5 25 60
21 6 26 70
21 6 27 70
21 7 28 70
21 7 29 70
21 7 30 70
22 1 2 20
22 1 3 20
22 2 14 50
22 2 15 50
22 2 16 50
22 3 5 240
22 3 6 240
22 3 7 240
22 3 8 240
22 3 9 240
22 3 10 240
22 3 11 240
22 3 12 240
22 3 13 240
22 4 21 160
22 4 22 160
22 5 23 60
22 5 24 60
22 5 25 60
22 6 26 70
22 6 27 70
22 7 28 70
22 7 29 70
22 7 30 70
23 1 2 20
23 1 3 20
23 2 14 50
23 2 15 50
23 2 16 50
23 3 5 240
23 3 6 240
23 3 7 240
23 3 8 240
23 3 9 240
23 3 10 240
23 3 11 240
23 3 12 240
23 3 13 240
23 4 21 160
23 4 22 160
23 5 23 60
23 5 24 60
23 5 25 60
23 6 26 70
23 6 27 70
23 7 28 70
23 7 29 70
23 7 30 70
24 1 2 20
24 1 3 20
24 2 14 50
24 2 15 50
24 2 16 50
24 3 5 240
24 3 6 240
24 3 7 240
24 3 8 240
24 3 9 240
24 3 10 240
24 3 11 240
24 3 12 240
24 3 13 240
24 4 21 160
24 4 22 160
24 5 23 60
24 5 24 60
24 5 25 60
24 6 26 70
24 6 27 70
24 7 28 70
24 7 29 70
24 7 30 70
25 1 2 20
25 1 3 20
25 2 14 50
25 2 15 50
25 2 16 50
25 3 5 240
25 3 6 240
25 3 7 240
25 3 8 240
25 3 9 240
25 3 10 240
25 3 11 240
25 3 12 240
25 3 13 240
25 4 21 160
25 4 22 160
25 5 23 60
25 5 24 60
25 5 25 60
25 6 26 70
25 6 27 70
25 7 28 70
25 7 29 70
25 7 30 70
26 1 2 20
26 1 3 20
26 2 14 50
26 2 15 50
26 2 16 50
26 3 5 240
26 3 6 240
26 3 7 240
26 3 8 240
26 3 9 240
26 3 10 240
26 3 11 240
26 3 12 240
26 3 13 240
26 4 21 160
26 4 22 160
26 5 23 60
26 5 24 60
26 5 25 60
26 6 26 70
26 6 27 70
26 7 28 70
26 7 29 70
26 7 30 70
27 1 2 20
27 1 3 20
27 2 14 50
27 2 15 50
27 2 16 50
27 3 5 240
27 3 6 240
27 3 7 240
27 3 8 240
27 3 9 240
27 3 10 240
27 3 11 240
27 3 12 240
27 3 13 240
27 4 21 160
27 4 22 160
27 5 23 60
27 5 24 60
27 5 25 60
27 6 26 70
27 6 27 70
27 7 28 70
27 7 29 70
27 7 30 70
28 1 2 20
28 1 3 20
28 2 14 50
28 2 15 50
28 2 16 50
28 3 5 240
28 3 6 240
28 3 7 240
28 3 8 240
28 3 9 240
28 3 10 240
28 3 11 240
28 3 12 240
28 3 13 240
28 4 21 160
28 4 22 160
28 5 23 60
28 5 24 60
28 5 25 60
28 6 26 70
28 6 27 70
28 7 28 70
28 7 29 70
28 7 30 70
29 1 2 20
29 1 3 20
29 2 14 50
29 2 15 50
29 2 16 50
29 3 5 240
29 3 6 240
29 3 7 240
29 3 8 240
29 3 9 240
29 3 10 240
29 3 11 240
29 3 12 240
29 3 13 240
29 4 21 160
29 4 22 160
29 5 23 60
29 5 24 60
29 5 25 60
29 6 26 70
29 6 27 70
29 7 28 70
29 7 29 70
29 7 30 70
30 1 2 20
30 1 3 20
30 2 14 50
30 2 15 50
30 2 16 50
30 3 5 240
30 3 6 240
30 3 7 240
30 3 8 240
30 3 9 240
30 3 10 240
30 3 11 240
30 3 12 240
30 3 13 240
30 4 21 160
30 4 22 160
30 5 23 60
30 5 24 60
30 5 25 60
30 6 26 70
30 6 27 70
30 7 28 70
30 7 29 70
30 7 30 70
31 1 2 20
31 1 3 20
31 2 14 50
31 2 15 50
31 2 16 50
31 3 5 240
31 3 6 240
31 3 7 240
31 3 8 240
31 3 9 240
31 3 10 240
31 3 11 240
31 3 12 240
31 3 13 240
31 4 21 160
31 4 22 160
31 5 23 60
31 5 24 60
31 5 25 60
31 6 26 70
31 6 27 70
31 7 28 70
31 7 29 70
31 7 30 70
32 1 2 20
32 1 3 20
32 2 14 50
32 2 15 50
32 2 16 50
32 3 5 240
32 3 6 240
32 3 7 240
32 3 8 240
32 3 9 240
32 3 10 240
32 3 11 240
32 3 12 240
32 3 13 240
32 4 21 160
32 4 22 160
32 5 23 60
32 5 24 60
32 5 25 60
32 6 26 70
32 6 27 70
32 7 28 70
32 7 29 70
32 7 30 70
33 1 2 20
33 1 3 20
33 2 14 50
33 2 15 50
33 2 16 50
33 3 5 240
33 3 6 240
33 3 7 240
33 3 8 240
33 3 9 240
33 3 10 240
33 3 11 240
33 3 12 240
33 3 13 240
33 4 21 160
33 4 22 160
33 5 23 60
33 5 24 60
33 5 25 60
33 6 26 70
33 6 27 70
33 7 28 70
33 7 29 70
33 7 30 70
34 1 2 20
34 1 3 20
34 2 14 50
34 2 15 50
34 2 16 50
34 3 5 240
34 3 6 240
34 3 7 240
34 3 8 240
34 3 9 240
34 3 10 240
34 3 11 240
34 3 12 240
34 3 13 240
34 4 21 160
34 4 22 160
34 5 23 60
34 5 24 60
34 5 25 60
34 6 26 70
34 6 27 70
34 7 28 70
34 7 29 70
34 7 30 70
35 1 2 20
35 1 3 20
35 2 14 50
35 2 15 50
35 2 16 50
35 3 5 240
35 3 6 240
35 3 7 240
35 3 8 240
35 3 9 240
35 3 10 240
35 3 11 240
35 3 12 240
35 3 13 240
35 4 21 160
35 4 22 160
35 5 23 60
35 5 24 60
35 5 25 60
35 6 26 70
35 6 27 70
35 7 28 70
35 7 29 70
35 7 30 70
36 1 2 20
36 1 3 20
36 2 14 50
36 2 15 50
36 2 16 50
36 3 5 240
36 3 6 240
36 3 7 240
36 3 8 240
36 3 9 240
36 3 10 240
36 3 11 240
36 3 12 240
36 3 13 240
36 4 21 160
36 4 22 160
36 5 23 60
36 5 24 60
36 5 25 60
36 6 26 70
36 6 27 70
36 7 28 70
36 7 29 70
36 7 30 70
37 1 2 20
37 1 3 20
37 2 14 50
37 2 15 50
37 2 16 50
37 3 5 240
37 3 6 240
37 3 7 240
37 3 8 240
37 3 9 240
37 3 10 240
37 3 11 240
37 3 12 240
37 3 13 240
37 4 21 160
37 4 22 160
37 5 23 60
37 5 24 60
37 5 25 60
37 6 26 70
37 6 27 70
37 7 28 70
37 7 29 70
37 7 30 70
38 1 2 20
38 1 3 20
38 2 14 50
38 2 15 50
38 2 16 50
38 3 5 240
38 3 6 240
38 3 7 240
38 3 8 240
38 3 9 240
38 3 10 240
38 3 11 240
38 3 12 240
38 3 13 240
38 4 21 160
38 4 22 160
38 5 23 60
38 5 24 60
38 5 25 60
38 6 26 70
38 6 27 70
38 7 28 70
38 7 29 70
38 7 30 70
39 1 2 20
39 1 3 20
39 2 14 50
39 2 15 50
39 2 16 50
39 3 5 240
39 3 6 240
39 3 7 240
39 3 8 240
39 3 9 240
39 3 10 240
39 3 11 240
39 3 12 240
39 3 13 240
39 4 21 160
39 4 22 160
39 5 23 60
39 5 24 60
39 5 25 60
39 6 26 70
39 6 27 70
39 7 28 70
39 7 29 70
39 7 30 70
40 1 2 20
40 1 3 20
40 2 14 50
40 2 15 50
40 2 16 50
40 3 5 240
40 3 6 240
40 3 7 240
40 3 8 240
40 3 9 240
40 3 10 240
40 3 11 240
40 3 12 240
40 3 13 240
40 4 21 160
40 4 22 160
40 5 23 60
40 5 24 60
40 5 25 60
40 6 26 70
40 6 27 70
40 7 28 70
40 7 29 70
40 7 30 70
41 1 2 20
41 1 3 20
41 2 14 50
41 2 15 50
41 2 16 50
41 3 5 240
41 3 6 240
41 3 7 240
41 3 8 240
41 3 9 240
41 3 10 240
41 3 11 240
41 3 12 240
41 3 13 240
41 4 21 160
41 4 22 160
41 5 23 60
41 5 24 60
41 5 25 60
41 6 26 70
41 6 27 70
41 7 28 70
41 7 29 70
41 7 30 70
42 1 2 20
42 1 3 20
42 2 14 50
42 2 15 50
42 2 16 50
42 3 5 240
42 3 6 240
42 3 7 240
42 3 8 240
42 3 9 240
42 3 10 240
42 3 11 240
42 3 12 240
42 3 13 240
42 4 21 160
42 4 22 160
42 5 23 60
42 5 24 60
42 5 25 60
42 6 26 70
42 6 27 70
42 7 28 70
42 7 29 70
42 7 30 70
43 1 2 20
43 1 3 20
43 2 14 50
43 2 15 50
43 2 16 50
43 3 5 240
43 3 6 240
43 3 7 240
43 3 8 240
43 3 9 240
43 3 10 240
43 3 11 240
43 3 12 240
43 3 13 240
43 4 21 160
43 4 22 160
43 5 23 60
43 5 24 60
43 5 25 60
43 6 26 70
43 6 27 70
43 7 28 70
43 7 29 70
43 7 30 70
44 1 2 20
44 1 3 20
44 2 14 50
44 2 15 50
44 2 16 50
44 3 5 240
44 3 6 240
44 3 7 240
44 3 8 240
44 3 9 240
44 3 10 240
44 3 11 240
44 3 12 240
44 3 13 240
44 4 21 160
44 4 22 160
44 5 23 60
44 5 24 60
44 5 25 60
44 6 26 70
44 6 27 70
44 7 28 70
44 7 29 70
44 7 30 70
45 1 2 20
45 1 3 20
45 2 14 50
45 2 15 50
45 2 16 50
45 3 5 240
45 3 6 240
45 3 7 240
45 3 8 240
45 3 9 240
45 3 10 240
45 3 11 240
45 3 12 240
45 3 13 240
45 4 21 160
45 4 22 160
45 5 23 60
45 5 24 60
45 5 25 60
45 6 26 70
45 6 27 70
45 7 28 70
45 7 29 70
45 7 30 70
46 1 2 20
46 1 3 20
46 2 14 50
46 2 15 50
46 2 16 50
46 3 5 240
46 3 6 240
46 3 7 240
46 3 8 240
46 3 9 240
46 3 10 240
46 3 11 240
46 3 12 240
46 3 13 240
46 4 21 160
46 4 22 160
46 5 23 60
46 5 24 60
46 5 25 60
46 6 26 70
46 6 27 70
46 7 28 70
46 7 29 70
46 7 30 70
47 1 2 20
47 1 3 20
47 2 14 50
47 2 15 50
47 2 16 50
47 3 5 240
47 3 6 240
47 3 7 240
47 3 8 240
47 3 9 240
47 3 10 240
47 3 11 240
47 3 12 240
47 3 13 240
47 4 21 160
47 4 22 160
47 5 23 60
47 5 24 60
47 5 25 60
47 6 26 70
47 6 27 70
47 7 28 70
47 7 29 70
47 7 30 70
48 1 2 20
48 1 3 20
48 2 14 50
48 2 15 50
48 2 16 50
48 3 5 240
48 3 6 240
48 3 7 240
48 3 8 240
48 3 9 240
48 3 10 240
48 3 11 240
48 3 12 240
48 3 13 240
48 4 21 160
48 4 22 160
48 5 23 60
48 5 24 60
48 5 25 60
48 6 26 70
48 6 27 70
48 7 28 70
48 7 29 70
48 7 30 70
49 1 2 20
49 1 3 20
49 2 14 50
49 2 15 50
49 2 16 50
49 3 5 240
49 3 6 240
49 3 7 240
49 3 8 240
49 3 9 240
49 3 10 240
49 3 11 240
49 3 12 240
49 3 13 240
49 4 21 160
49 4 22 160
49 5 23 60
49 5 24 60
49 5 25 60
49 6 26 70
49 6 27 70
49 7 28 70
49 7 29 70
49 7 30 70
50 1 2 20
50 1 3 20
50 2 14 50
50 2 15 50
50 2 16 50
50 3 5 240
50 3 6 240
50 3 7 240
50 3 8 240
50 3 9 240
50 3 10 240
50 3 11 240
50 3 12 240
50 3 13 240
50 4 21 160
50 4 22 160
50 5 23 60
50 5 24 60
50 5 25 60
50 6 26 70
50 6 27 70
50 7 28 70
50 7 29 70
50 7 30 70
51 1 2 20
51 1 3 20
51 2 14 50
51 2 15 50
51 2 16 50
51 3 5 240
51 3 6 240
51 3 7 240
51 3 8 240
51 3 9 240
51 3 10 240
51 3 11 240
51 3 12 240
51 3 13 240
51 4 21 160
51 4 22 160
51 5 23 60
51 5 24 60
51 5 25 60
51 6 26 70
51 6 27 70
51 7 28 70
51 7 29 70
51 7 30 70
52 1 2 20
52 1 3 20
52 2 14 50
52 2 15 50
52 2 16 50
52 3 5 240
52 3 6 240
52 3 7 240
52 3 8 240
52 3 9 240
52 3 10 240
52 3 11 240
52 3 12 240
52 3 13 240
52 4 21 160
52 4 22 160
52 5 23 60
52 5 24 60
52 5 25 60
52 6 26 70
52 6 27 70
52 7 28 70
52 7 29 70
52 7 30 70
53 1 2 20
53 1 3 20
53 2 14 50
53 2 15 50
53 2 16 50
53 3 5 240
53 3 6 240
53 3 7 240
53 3 8 240
53 3 9 240
53 3 10 240
53 3 11 240
53 3 12 240
53 3 13 240
53 4 21 160
53 4 22 160
53 5 23 60
53 5 24 60
53 5 25 60
53 6 26 70
53 6 27 70
53 7 28 70
53 7 29 70
53 7 30 70
54 1 2 20
54 1 3 20
54 2 14 50
54 2 15 50
54 2 16 50
54 3 5 240
54 3 6 240
54 3 7 240
54 3 8 240
54 3 9 240
54 3 10 240
54 3 11 240
54 3 12 240
54 3 13 240
54 4 21 160
54 4 22 160
54 5 23 60
54 5 24 60
54 5 25 60
54 6 26 70
54 6 27 70
54 7 28 70
54 7 29 70
54 7 30 70
55 1 2 20
55 1 3 20
55 2 14 50
55 2 15 50
55 2 16 50
55 3 5 240
55 3 6 240
55 3 7 240
55 3 8 240
55 3 9 240
55 3 10 240
55 3 11 240
55 3 12 240
55 3 13 240
55 4 21 160
55 4 22 160
55 5 23 60
55 5 24 60
55 5 25 60
55 6 26 70
55 6 27 70
55 7 28 70
55 7 29 70
55 7 30 70
56 1 2 20
56 1 3 20
56 2 14 50
56 2 15 50
56 2 16 50
56 3 5 240
56 3 6 240
56 3 7 240
56 3 8 240
56 3 9 240
56 3 10 240
56 3 11 240
56 3 12 240
56 3 13 240
56 4 21 160
56 4 22 160
56 5 23 60
56 5 24 60
56 5 25 60
56 6 26 70
56 6 27 70
56 7 28 70
56 7 29 70
56 7 30 70
57 1 2 20
57 1 3 20
57 2 14 50
57 2 15 50
57 2 16 50
57 3 5 240
57 3 6 240
57 3 7 240
57 3 8 240
57 3 9 240
57 3 10 240
57 3 11 240
57 3 12 240
57 3 13 240
57 4 21 160
57 4 22 160
57 5 23 60
57 5 24 60
57 5 25 60
57 6 26 70
57 6 27 70
57 7 28 70
57 7 29 70
57 7 30 70
58 1 2 20
58 1 3 20
58 2 14 50
58 2 15 50
58 2 16 50
58 3 5 240
58 3 6 240
58 3 7 240
58 3 8 240
58 3 9 240
58 3 10 240
58 3 11 240
58 3 12 240
58 3 13 240
58 4 21 160
58 4 22 160
58 5 23 60
58 5 24 60
58 5 25 60
58 6 26 70
58 6 27 70
58 7 28 70
58 7 29 70
58 7 30 70
59 1 2 20
59 1 3 20
59 2 14 50
59 2 15 50
59 2 16 50
59 3 5 240
59 3 6 240
59 3 7 240
59 3 8 240
59 3 9 240
59 3 10 240
59 3 11 240
59 3 12 240
59 3 13 240
59 4 21 160
59 4 22 160
59 5 23 60
59 5 24 60
59 5 25 60
59 6 26 70
59 6 27 70
59 7 28 70
59 7 29 70
59 7 30 70
60 1 2 20
60 1 3 20
60 2 14 50
60 2 15 50
60 2 16 50
60 3 5 240
60 3 6 240
60 3 7 240
60 3 8 240
60 3 9 240
60 3 10 240
60 3 11 240
60 3 12 240
60 3 13 240
60 4 21 160
60 4 22 160
60 5 23 60
60 5 24 60
60 5 25 60
60 6 26 70
60 6 27 70
60 7 28 70
60 7 29 70
60 7 30 70
61 1 2 20
61 1 3 20
61 2 14 50
61 2 15 50
61 2 16 50
61 3 5 240
61 3 6 240
61 3 7 240
61 3 8 240
61 3 9 240
61 3 10 240
61 3 11 240
61 3 12 240
61 3 13 240
61 4 21 160
61 4 22 160
61 5 23 60
61 5 24 60
61 5 25 60
61 6 26 70
61 6 27 70
61 7 28 70
61 7 29 70
61 7 30 70
62 1 2 20
62 1 3 20
62 2 14 50
62 2 15 50
62 2 16 50
62 3 5 240
62 3 6 240
62 3 7 240
62 3 8 240
62 3 9 240
62 3 10 240
62 3 11 240
62 3 12 240
62 3 13 240
62 4 21 160
62 4 22 160
62 5 23 60
62 5 24 60
62 5 25 60
62 6 26 70
62 6 27 70
62 7 28 70
62 7 29 70
62 7 30 70
63 1 2 20
63 1 3 20
63 2 14 50
63 2 15 50
63 2 16 50
63 3 5 240
63 3 6 240
63 3 7 240
63 3 8 240
63 3 9 240
63 3 10 240
63 3 11 240
63 3 12 240
63 3 13 240
63 4 21 160
63 4 22 160
63 5 23 60
63 5 24 60
63 5 25 60
63 6 26 70
63 6 27 70
63 7 28 70
63 7 29 70
63 7 30 70
64 1 2 20
64 1 3 20
64 2 14 50
64 2 15 50
64 2 16 50
64 3 5 240
64 3 6 240
64 3 7 240
64 3 8 240
64 3 9 240
64 3 10 240
64 3 11 240
64 3 12 240
64 3 13 240
64 4 21 160
64 4 22 160
64 5 23 60
64 5 24 60
64 5 25 60
64 6 26 70
64 6 27 70
64 7 28 70
64 7 29 70
64 7 30 70
65 1 2 20
65 1 3 20
65 2 14 50
65 2 15 50
65 2 16 50
65 3 5 240
65 3 6 240
65 3 7 240
65 3 8 240
65 3 9 240
65 3 10 240
65 3 11 240
65 3 12 240
65 3 13 240
65 4 21 160
65 4 22 160
65 5 23 60
65 5 24 60
65 5 25 60
65 6 26 70
65 6 27 70
65 7 28 70
65 7 29 70
65 7 30 70
66 1 2 20
66 1 3 20
66 2 14 50
66 2 15 50
66 2 16 50
66 3 5 240
66 3 6 240
66 3 7 240
66 3 8 240
66 3 9 240
66 3 10 240
66 3 11 240
66 3 12 240
66 3 13 240
66 4 21 160
66 4 22 160
66 5 23 60
66 5 24 60
66 5 25 60
66 6 26 70
66 6 27 70
66 7 28 70
66 7 29 70
66 7 30 70
67 1 2 20
67 1 3 20
67 2 14 50
67 2 15 50
67 2 16 50
67 3 5 240
67 3 6 240
67 3 7 240
67 3 8 240
67 3 9 240
67 3 10 240
67 3 11 240
67 3 12 240
67 3 13 240
67 4 21 160
67 4 22 160
67 5 23 60
67 5 24 60
67 5 25 60
67 6 26 70
67 6 27 70
67 7 28 70
67 7 29 70
67 7 30 70
68 1 2 20
68 1 3 20
68 2 14 50
68 2 15 50
68 2 16 50
68 3 5 240
68 3 6 240
68 3 7 240
68 3 8 240
68 3 9 240
68 3 10 240
68 3 11 240
68 3 12 240
68 3 13 240
68 4 21 160
68 4 22 160
68 5 23 60
68 5 24 60
68 5 25 60
68 6 26 70
68 6 27 70
68 7 28 70
68 7 29 70
68 7 30 70
69 1 2 20
69 1 3 20
69 2 14 50
69 2 15 50
69 2 16 50
69 3 5 240
69 3 6 240
69 3 7 240
69 3 8 240
69 3 9 240
69 3 10 240
69 3 11 240
69 3 12 240
69 3 13 240
69 4 21 160
69 4 22 160
69 5 23 60
69 5 24 60
69 5 25 60
69 6 26 70
69 6 27 70
69 7 28 70
69 7 29 70
69 7 30 70
70 1 2 20
70 1 3 20
70 2 14 50
70 2 15 50
70 2 16 50
70 3 5 240
70 3 6 240
70 3 7 240
70 3 8 240
70 3 9 240
70 3 10 240
70 3 11 240
70 3 12 240
70 3 13 240
70 4 21 160
70 4 22 160
70 5 23 60
70 5 24 60
70 5 25 60
70 6 26 70
70 6 27 70
70 7 28 70
70 7 29 70
70 7 30 70
71 1 2 20
71 1 3 20
71 2 14 50
71 2 15 50
71 2 16 50
71 3 5 240
71 3 6 240
71 3 7 240
71 3 8 240
71 3 9 240
71 3 10 240
71 3 11 240
71 3 12 240
71 3 13 240
71 4 21 160
71 4 22 160
71 5 23 60
71 5 24 60
71 5 25 60
71 6 26 70
71 6 27 70
71 7 28 70
71 7 29 70
71 7 30 70
72 1 2 20
72 1 3 20
72 2 14 50
72 2 15 50
72 2 16 50
72 3 5 240
72 3 6 240
72 3 7 240
72 3 8 240
72 3 9 240
72 3 10 240
72 3 11 240
72 3 12 240
72 3 13 240
72 4 21 160
72 4 22 160
72 5 23 60
72 5 24 60
72 5 25 60
72 6 26 70
72 6 27 70
72 7 28 70
72 7 29 70
72 7 30 70
73 1 2 20
73 1 3 20
73 2 14 50
73 2 15 50
73 2 16 50
73 3 5 240
73 3 6 240
73 3 7 240
73 3 8 240
73 3 9 240
73 3 10 240
73 3 11 240
73 3 12 240
73 3 13 240
73 4 21 160
73 4 22 160
73 5 23 60
73 5 24 60
73 5 25 60
73 6 26 70
73 6 27 70
73 7 28 70
73 7 29 70
73 7 30 70
74 1 2 20
74 1 3 20
74 2 14 50
74 2 15 50
74 2 16 50
74 3 5 240
74 3 6 240
74 3 7 240
74 3 8 240
74 3 9 240
74 3 10 240
74 3 11 240
74 3 12 240
74 3 13 240
74 4 21 160
74 4 22 160
74 5 23 60
74 5 24 60
74 5 25 60
74 6 26 70
74 6 27 70
74 7 28 70
74 7 29 70
74 7 30 70
75 1 2 20
75 1 3 20
75 2 14 50
75 2 15 50
75 2 16 50
75 3 5 240
75 3 6 240
75 3 7 240
75 3 8 240
75 3 9 240
75 3 10 240
75 3 11 240
75 3 12 240
75 3 13 240
75 4 21 160
75 4 22 160
75 5 23 60
75 5 24 60
75 5 25 60
75 6 26 70
75 6 27 70
75 7 28 70
75 7 29 70
75 7 30 70
76 1 2 20
76 1 3 20
76 2 14 50
76 2 15 50
76 2 16 50
76 3 5 240
76 3 6 240
76 3 7 240
76 3 8 240
76 3 9 240
76 3 10 240
76 3 11 240
76 3 12 240
76 3 13 240
76 4 21 160
76 4 22 160
76 5 23 60
76 5 24 60
76 5 25 60
76 6 26 70
76 6 27 70
76 7 28 70
76 7 29 70
76 7 30 70
77 1 2 20
77 1 3 20
77 2 14 50
77 2 15 50
77 2 16 50
77 3 5 240
77 3 6 240
77 3 7 240
77 3 8 240
77 3 9 240
77 3 10 240
77 3 11 240
77 3 12 240
77 3 13 240
77 4 21 160
77 4 22 160
77 5 23 60
77 5 24 60
77 5 25 60
77 6 26 70
77 6 27 70
77 7 28 70
77 7 29 70
77 7 30 70
78 1 2 20
78 1 3 20
78 2 14 50
78 2 15 50
78 2 16 50
78 3 5 240
78 3 6 240
78 3 7 240
78 3 8 240
78 3 9 240
78 3 10 240
78 3 11 240
78 3 12 240
78 3 13 240
78 4 21 160
78 4 22 160
78 5 23 60
78 5 24 60
78 5 25 60
78 6 26 70
78 6 27 70
78 7 28 70
78 7 29 70
78 7 30 70
79 1 2 20
79 1 3 20
79 2 14 50
79 2 15 50
79 2 16 50
79 3 5 240
79 3 6 240
79 3 7 240
79 3 8 240
79 3 9 240
79 3 10 240
79 3 11 240
79 3 12 240
79 3 13 240
79 4 21 160
79 4 22 160
79 5 23 60
79 5 24 60
79 5 25 60
79 6 26 70
79 6 27 70
79 7 28 70
79 7 29 70
79 7 30 70
80 1 2 20
80 1 3 20
80 2 14 50
80 2 15 50
80 2 16 50
80 3 5 240
80 3 6 240
80 3 7 240
80 3 8 240
80 3 9 240
80 3 10 240
80 3 11 240
80 3 12 240
80 3 13 240
80 4 21 160
80 4 22 160
80 5 23 60
80 5 24 60
80 5 25 60
80 6 26 70
80 6 27 70
80 7 28 70
80 7 29 70
80 7 30 70
81 1 2 20
81 1 3 20
81 2 14 50
81 2 15 50
81 2 16 50
81 3 5 240
81 3 6 240
81 3 7 240
81 3 8 240
81 3 9 240
81 3 10 240
81 3 11 240
81 3 12 240
81 3 13 240
81 4 21 160
81 4 22 160
81 5 23 60
81 5 24 60
81 5 25 60
81 6 26 70
81 6 27 70
81 7 28 70
81 7 29 70
81 7 30 70
82 1 2 20
82 1 3 20
82 2 14 50
82 2 15 50
82 2 16 50
82 3 5 240
82 3 6 240
82 3 7 240
82 3 8 240
82 3 9 240
82 3 10 240
82 3 11 240
82 3 12 240
82 3 13 240
82 4 21 160
82 4 22 160
82 5 23 60
82 5 24 60
82 5 25 60
82 6 26 70
82 6 27 70
82 7 28 70
82 7 29 70
82 7 30 70
83 1 2 20
83 1 3 20
83 2 14 50
83 2 15 50
83 2 16 50
83 3 5 240
83 3 6 240
83 3 7 240
83 3 8 240
83 3 9 240
83 3 10 240
83 3 11 240
83 3 12 240
83 3 13 240
83 4 21 160
83 4 22 160
83 5 23 60
83 5 24 60
83 5 25 60
83 6 26 70
83 6 27 70
83 7 28 70
83 7 29 70
83 7 30 70
84 1 2 20
84 1 3 20
84 2 14 50
84 2 15 50
84 2 16 50
84 3 5 240
84 3 6 240
84 3 7 240
84 3 8 240
84 3 9 240
84 3 10 240
84 3 11 240
84 3 12 240
84 3 13 240
84 4 21 160
84 4 22 160
84 5 23 60
84 5 24 60
84 5 25 60
84 6 26 70
84 6 27 70
84 7 28 70
84 7 29 70
84 7 30 70
85 1 2 20
85 1 3 20
85 2 14 50
85 2 15 50
85 2 16 50
85 3 5 240
85 3 6 240
85 3 7 240
85 3 8 240
85 3 9 240
85 3 10 240
85 3 11 240
85 3 12 240
85 3 13 240
85 4 21 160
85 4 22 160
85 5 23 60
85 5 24 60
85 5 25 60
85 6 26 70
85 6 27 70
85 7 28 70
85 7 29 70
85 7 30 70
86 1 2 20
86 1 3 20
86 2 14 50
86 2 15 50
86 2 16 50
86 3 5 240
86 3 6 240
86 3 7 240
86 3 8 240
86 3 9 240
86 3 10 240
86 3 11 240
86 3 12 240
86 3 13 240
86 4 21 160
86 4 22 160
86 5 23 60
86 5 24 60
86 5 25 60
86 6 26 70
86 6 27 70
86 7 28 70
86 7 29 70
86 7 30 70
87 1 2 20
87 1 3 20
87 2 14 50
87 2 15 50
87 2 16 50
87 3 5 240
87 3 6 240
87 3 7 240
87 3 8 240
87 3 9 240
87 3 10 240
87 3 11 240
87 3 12 240
87 3 13 240
87 4 21 160
87 4 22 160
87 5 23 60
87 5 24 60
87 5 25 60
87 6 26 70
87 6 27 70
87 7 28 70
87 7 29 70
87 7 30 70
88 1 2 20
88 1 3 20
88 2 14 50
88 2 15 50
88 2 16 50
88 3 5 240
88 3 6 240
88 3 7 240
88 3 8 240
88 3 9 240
88 3 10 240
88 3 11 240
88 3 12 240
88 3 13 240
88 4 21 160
88 4 22 160
88 5 23 60
88 5 24 60
88 5 25 60
88 6 26 70
88 6 27 70
88 7 28 70
88 7 29 70
88 7 30 70
89 1 2 20
89 1 3 20
89 2 14 50
89 2 15 50
89 2 16 50
89 3 5 240
89 3 6 240
89 3 7 240
89 3 8 240
89 3 9 240
89 3 10 240
89 3 11 240
89 3 12 240
89 3 13 240
89 4 21 160
89 4 22 160
89 5 23 60
89 5 24 60
89 5 25 60
89 6 26 70
89 6 27 70
89 7 28 70
89 7 29 70
89 7 30 70
90 1 2 20
90 1 3 20
90 2 14 50
90 2 15 50
90 2 16 50
90 3 5 240
90 3 6 240
90 3 7 240
90 3 8 240
90 3 9 240
90 3 10 240
90 3 11 240
90 3 12 240
90 3 13 240
90 4 21 160
90 4 22 160
90 5 23 60
90 5 24 60
90 5 25 60
90 6 26 70
90 6 27 70
90 7 28 70
90 7 29 70
90 7 30 70
91 1 2 20
91 1 3 20
91 2 14 50
91 2 15 50
91 2 16 50
91 3 5 240
91 3 6 240
91 3 7 240
91 3 8 240
91 3 9 240
91 3 10 240
91 3 11 240
91 3 12 240
91 3 13 240
91 4 21 160
91 4 22 160
91 5 23 60
91 5 24 60
91 5 25 60
91 6 26 70
91 6 27 70
91 7 28 70
91 7 29 70
91 7 30 70
92 1 2 20
92 1 3 20
92 2 14 50
92 2 15 50
92 2 16 50
92 3 5 240
92 3 6 240
92 3 7 240
92 3 8 240
92 3 9 240
92 3 10 240
92 3 11 240
92 3 12 240
92 3 13 240
92 4 21 160
92 4 22 160
92 5 23 60
92 5 24 60
92 5 25 60
92 6 26 70
92 6 27 70
92 7 28 70
92 7 29 70
92 7 30 70
93 1 2 20
93 1 3 20
93 2 14 50
93 2 15 50
93 2 16 50
93 3 5 240
93 3 6 240
93 3 7 240
93 3 8 240
93 3 9 240
93 3 10 240
93 3 11 240
93 3 12 240
93 3 13 240
93 4 21 160
93 4 22 160
93 5 23 60
93 5 24 60
93 5 25 60
93 6 26 70
93 6 27 70
93 7 28 70
93 7 29 70
93 7 30 70
94 1 2 20
94 1 3 20
94 2 14 50
94 2 15 50
94 2 16 50
94 3 5 240
94 3 6 240
94 3 7 240
94 3 8 240
94 3 9 240
94 3 10 240
94 3 11 240
94 3 12 240
94 3 13 240
94 4 21 160
94 4 22 160
94 5 23 60
94 5 24 60
94 5 25 60
94 6 26 70
94 6 27 70
94 7 28 70
94 7 29 70
94 7 30 70
95 1 2 20
95 1 3 20
95 2 14 50
95 2 15 50
95 2 16 50
95 3 5 240
95 3 6 240
95 3 7 240
95 3 8 240
95 3 9 240
95 3 10 240
95 3 11 240
95 3 12 240
95 3 13 240
95 4 21 160
95 4 22 160
95 5 23 60
95 5 24 60
95 5 25 60
95 6 26 70
95 6 27 70
95 7 28 70
95 7 29 70
95 7 30 70
96 1 2 20
96 1 3 20
96 2 14 50
96 2 15 50
96 2 16 50
96 3 5 240
96 3 6 240
96 3 7 240
96 3 8 240
96 3 9 240
96 3 10 240
96 3 11 240
96 3 12 240
96 3 13 240
96 4 21 160
96 4 22 160
96 5 23 60
96 5 24 60
96 5 25 60
96 6 26 70
96 6 27 70
96 7 28 70
96 7 29 70
96 7 30 70
97 1 2 20
97 1 3 20
97 2 14 50
97 2 15 50
97 2 16 50
97 3 5 240
97 3 6 240
97 3 7 240
97 3 8 240
97 3 9 240
97 3 10 240
97 3 11 240
97 3 12 240
97 3 13 240
97 4 21 160
97 4 22 160
97 5 23 60
97 5 24 60
97 5 25 60
97 6 26 70
97 6 27 70
97 7 28 70
97 7 29 70
97 7 30 70
98 1 2 20
98 1 3 20
98 2 14 50
98 2 15 50
98 2 16 50
98 3 5 240
98 3 6 240
98 3 7 240
98 3 8 240
98 3 9 240
98 3 10 240
98 3 11 240
98 3 12 240
98 3 13 240
98 4 21 160
98 4 22 160
98 5 23 60
98 5 24 60
98 5 25 60
98 6 26 70
98 6 27 70
98 7 28 70
98 7 29 70
98 7 30 70
99 1 2 20
99 1 3 20
99 2 14 50
99 2 15 50
99 2 16 50
99 3 5 240
99 3 6 240
99 3 7 240
99 3 8 240
99 3 9 240
99 3 10 240
99 3 11 240
99 3 12 240
99 3 13 240
99 4 21 160
99 4 22 160
99 5 23 60
99 5 24 60
99 5 25 60
99 6 26 70
99 6 27 70
99 7 28 70
99 7 29 70
99 7 30 70
100 1 2 20
100 1 3 20
100 2 14 50
100 2 15 50
100 2 16 50
100 3 5 240
100 3 6 240
100 3 7 240
100 3 8 240
100 3 9 240
100 3 10 240
100 3 11 240
100 3 12 240
100 3 13 240
100 4 21 160
100 4 22 160
100 5 23 60
100 5 24 60
100 5 25 60
100 6 26 70
100 6 27 70
100 7 28 70
100 7 29 70
100 7 30 70
101 1 2 20
101 1 3 20
101 2 14 50
101 2 15 50
101 2 16 50
101 3 5 240
101 3 6 240
101 3 7 240
101 3 8 240
101 3 9 240
101 3 10 240
101 3 11 240
101 3 12 240
101 3 13 240
101 4 21 160
101 4 22 160
101 5 23 60
101 5 24 60
101 5 25 60
101 6 26 70
101 6 27 70
101 7 28 70
101 7 29 70
101 7 30 70
102 1 2 20
102 1 3 20
102 2 14 50
102 2 15 50
102 2 16 50
102 3 5 240
102 3 6 240
102 3 7 240
102 3 8 240
102 3 9 240
102 3 10 240
102 3 11 240
102 3 12 240
102 3 13 240
102 4 21 160
102 4 22 160
102 5 23 60
102 5 24 60
102 5 25 60
102 6 26 70
102 6 27 70
102 7 28 70
102 7 29 70
102 7 30 70
103 1 2 20
103 1 3 20
103 2 14 50
103 2 15 50
103 2 16 50
103 3 5 240
103 3 6 240
103 3 7 240
103 3 8 240
103 3 9 240
103 3 10 240
103 3 11 240
103 3 12 240
103 3 13 240
103 4 21 160
103 4 22 160
103 5 23 60
103 5 24 60
103 5 25 60
103 6 26 70
103 6 27 70
103 7 28 70
103 7 29 70
103 7 30 70
104 1 2 20
104 1 3 20
104 2 14 50
104 2 15 50
104 2 16 50
104 3 5 240
104 3 6 240
104 3 7 240
104 3 8 240
104 3 9 240
104 3 10 240
104 3 11 240
104 3 12 240
104 3 13 240
104 4 21 160
104 4 22 160
104 5 23 60
104 5 24 60
104 5 25 60
104 6 26 70
104 6 27 70
104 7 28 70
104 7 29 70
104 7 30 70
105 1 2 20
105 1 3 20
105 2 14 50
105 2 15 50
105 2 16 50
105 3 5 240
105 3 6 240
105 3 7 240
105 3 8 240
105 3 9 240
105 3 10 240
105 3 11 240
105 3 12 240
105 3 13 240
105 4 21 160
105 4 22 160
105 5 23 60
105 5 24 60
105 5 25 60
105 6 26 70
105 6 27 70
105 7 28 70
105 7 29 70
105 7 30 70
106 1 2 20
106 1 3 20
106 2 14 50
106 2 15 50
106 2 16 50
106 3 5 240
106 3 6 240
106 3 7 240
106 3 8 240
106 3 9 240
106 3 10 240
106 3 11 240
106 3 12 240
106 3 13 240
106 4 21 160
106 4 22 160
106 5 23 60
106 5 24 60
106 5 25 60
106 6 26 70
106 6 27 70
106 7 28 70
106 7 29 70
106 7 30 70
107 1 2 20
107 1 3 20
107 2 14 50
107 2 15 50
107 2 16 50
107 3 5 240
107 3 6 240
107 3 7 240
107 3 8 240
107 3 9 240
107 3 10 240
107 3 11 240
107 3 12 240
107 3 13 240
107 4 21 160
107 4 22 160
107 5 23 60
107 5 24 60
107 5 25 60
107 6 26 70
107 6 27 70
107 7 28 70
107 7 29 70
107 7 30 70
108 1 2 20
108 1 3 20
108 2 14 50
108 2 15 50
108 2 16 50
108 3 5 240
108 3 6 240
108 3 7 240
108 3 8 240
108 3 9 240
108 3 10 240
108 3 11 240
108 3 12 240
108 3 13 240
108 4 21 160
108 4 22 160
108 5 23 60
108 5 24 60
108 5 25 60
108 6 26 70
108 6 27 70
108 7 28 70
108 7 29 70
108 7 30 70
109 1 2 20
109 1 3 20
109 2 14 50
109 2 15 50
109 2 16 50
109 3 5 240
109 3 6 240
109 3 7 240
109 3 8 240
109 3 9 240
109 3 10 240
109 3 11 240
109 3 12 240
109 3 13 240
109 4 21 160
109 4 22 160
109 5 23 60
109 5 24 60
109 5 25 60
109 6 26 70
109 6 27 70
109 7 28 70
109 7 29 70
109 7 30 70
110 1 2 20
110 1 3 20
110 2 14 50
110 2 15 50
110 2 16 50
110 3 5 240
110 3 6 240
110 3 7 240
110 3 8 240
110 3 9 240
110 3 10 240
110 3 11 240
110 3 12 240
110 3 13 240
110 4 21 160
110 4 22 160
110 5 23 60
110 5 24 60
110 5 25 60
110 6 26 70
110 6 27 70
110 7 28 70
110 7 29 70
110 7 30 70
111 1 2 20
111 1 3 20
111 2 14 50
111 2 15 50
111 2 16 50
111 3 5 240
111 3 6 240
111 3 7 240
111 3 8 240
111 3 9 240
111 3 10 240
111 3 11 240
111 3 12 240
111 3 13 240
111 4 21 160
111 4 22 160
111 5 23 60
111 5 24 60
111 5 25 60
111 6 26 70
111 6 27 70
111 7 28 70
111 7 29 70
111 7 30 70
112 1 2 20
112 1 3 20
112 2 14 50
112 2 15 50
112 2 16 50
112 3 5 240
112 3 6 240
112 3 7 240
112 3 8 240
112 3 9 240
112 3 10 240
112 3 11 240
112 3 12 240
112 3 13 240
112 4 21 160
112 4 22 160
112 5 23 60
112 5 24 60
112 5 25 60
112 6 26 70
112 6 27 70
112 7 28 70
112 7 29 70
112 7 30 70
113 1 2 20
113 1 3 20
113 2 14 50
113 2 15 50
113 2 16 50
113 3 5 240
113 3 6 240
113 3 7 240
113 3 8 240
113 3 9 240
113 3 10 240
113 3 11 240
113 3 12 240
113 3 13 240
113 4 21 160
113 4 22 160
113 5 23 60
113 5 24 60
113 5 25 60
113 6 26 70
113 6 27 70
113 7 28 70
113 7 29 70
113 7 30 70
114 1 2 20
114 1 3 20
114 2 14 50
114 2 15 50
114 2 16 50
114 3 5 240
114 3 6 240
114 3 7 240
114 3 8 240
114 3 9 240
114 3 10 240
114 3 11 240
114 3 12 240
114 3 13 240
114 4 21 160
114 4 22 160
114 5 23 60
114 5 24 60
114 5 25 60
114 6 26 70
114 6 27 70
114 7 28 70
114 7 29 70
114 7 30 70
115 1 2 20
115 1 3 20
115 2 14 50
115 2 15 50
115 2 16 50
115 3 5 240
115 3 6 240
115 3 7 240
115 3 8 240
115 3 9 240
115 3 10 240
115 3 11 240
115 3 12 240
115 3 13 240
115 4 21 160
115 4 22 160
115 5 23 60
115 5 24 60
115 5 25 60
115 6 26 70
115 6 27 70
115 7 28 70
115 7 29 70
115 7 30 70
116 1 2 20
116 1 3 20
116 2 14 50
116 2 15 50
116 2 16 50
116 3 5 240
116 3 6 240
116 3 7 240
116 3 8 240
116 3 9 240
116 3 10 240
116 3 11 240
116 3 12 240
116 3 13 240
116 4 21 160
116 4 22 160
116 5 23 60
116 5 24 60
116 5 25 60
116 6 26 70
116 6 27 70
116 7 28 70
116 7 29 70
116 7 30 70
117 1 2 20
117 1 3 20
117 2 14 50
117 2 15 50
117 2 16 50
117 3 5 240
117 3 6 240
117 3 7 240
117 3 8 240
117 3 9 240
117 3 10 240
117 3 11 240
117 3 12 240
117 3 13 240
117 4 21 160
117 4 22 160
117 5 23 60
117 5 24 60
117 5 25 60
117 6 26 70
117 6 27 70
117 7 28 70
117 7 29 70
117 7 30 70
118 1 2 20
118 1 3 20
118 2 14 50
118 2 15 50
118 2 16 50
118 3 5 240
118 3 6 240
118 3 7 240
118 3 8 240
118 3 9 240
118 3 10 240
118 3 11 240
118 3 12 240
118 3 13 240
118 4 21 160
118 4 22 160
118 5 23 60
118 5 24 60
118 5 25 60
118 6 26 70
118 6 27 70
118 7 28 70
118 7 29 70
118 7 30 70
119 1 2 20
119 1 3 20
119 2 14 50
119 2 15 50
119 2 16 50
119 3 5 240
119 3 6 240
119 3 7 240
119 3 8 240
119 3 9 240
119 3 10 240
119 3 11 240
119 3 12 240
119 3 13 240
119 4 21 160
119 4 22 160
119 5 23 60
119 5 24 60
119 5 25 60
119 6 26 70
119 6 27 70
119 7 28 70
119 7 29 70
119 7 30 70
120 1 2 20
120 1 3 20
120 2 14 50
120 2 15 50
120 2 16 50
120 3 5 240
120 3 6 240
120 3 7 240
120 3 8 240
120 3 9 240
120 3 10 240
120 3 11 240
120 3 12 240
120 3 13 240
120 4 21 160
120 4 22 160
120 5 23 60
120 5 24 60
120 5 25 60
120 6 26 70
120 6 27 70
120 7 28 70
120 7 29 70
120 7 30 70
121 1 2 20
121 1 3 20
121 2 14 50
121 2 15 50
121 2 16 50
121 3 5 240
121 3 6 240
121 3 7 240
121 3 8 240
121 3 9 240
121 3 10 240
121 3 11 240
121 3 12 240
121 3 13 240
121 4 21 160
121 4 22 160
121 5 23 60
121 5 24 60
121 5 25 60
121 6 26 70
121 6 27 70
121 7 28 70
121 7 29 70
121 7 30 70
122 1 2 20
122 1 3 20
122 2 14 50
122 2 15 50
122 2 16 50
122 3 5 240
122 3 6 240
122 3 7 240
122 3 8 240
122 3 9 240
122 3 10 240
122 3 11 240
122 3 12 240
122 3 13 240
122 4 21 160
122 4 22 160
122 5 23 60
122 5 24 60
122 5 25 60
122 6 26 70
122 6 27 70
122 7 28 70
122 7 29 70
122 7 30 70
123 1 2 20
123 1 3 20
123 2 14 50
123 2 15 50
123 2 16 50
123 3 5 240
123 3 6 240
123 3 7 240
123 3 8 240
123 3 9 240
123 3 10 240
123 3 11 240
123 3 12 240
123 3 13 240
123 4 21 160
123 4 22 160
123 5 23 60
123 5 24 60
123 5 25 60
123 6 26 70
123 6 27 70
123 7 28 70
123 7 29 70
123 7 30 70
124 1 2 20
124 1 3 20
124 2 14 50
124 2 15 50
124 2 16 50
124 3 5 240
124 3 6 240
124 3 7 240
124 3 8 240
124 3 9 240
124 3 10 240
124 3 11 240
124 3 12 240
124 3 13 240
124 4 21 160
124 4 22 160
124 5 23 60
124 5 24 60
124 5 25 60
124 6 26 70
124 6 27 70
124 7 28 70
124 7 29 70
124 7 30 70
125 1 2 20
125 1 3 20
125 2 14 50
125 2 15 50
125 2 16 50
125 3 5 240
125 3 6 240
125 3 7 240
125 3 8 240
125 3 9 240
125 3 10 240
125 3 11 240
125 3 12 240
125 3 13 240
125 4 21 160
125 4 22 160
125 5 23 60
125 5 24 60
125 5 25 60
125 6 26 70
125 6 27 70
125 7 28 70
125 7 29 70
125 7 30 70
126 1 2 20
126 1 3 20
126 2 14 50
126 2 15 50
126 2 16 50
126 3 5 240
126 3 6 240
126 3 7 240
126 3 8 240
126 3 9 240
126 3 10 240
126 3 11 240
126 3 12 240
126 3 13 240
126 4 21 160
126 4 22 160
126 5 23 60
126 5 24 60
126 5 25 60
126 6 26 70
126 6 27 70
126 7 28 70
126 7 29 70
126 7 30 70
127 1 2 20
127 1 3 20
127 2 14 50
127 2 15 50
127 2 16 50
127 3 5 240
127 3 6 240
127 3 7 240
127 3 8 240
127 3 9 240
127 3 10 240
127 3 11 240
127 3 12 240
127 3 13 240
127 4 21 160
127 4 22 160
127 5 23 60
127 5 24 60
127 5 25 60
127 6 26 70
127 6 27 70
127 7 28 70
127 7 29 70
127 7 30 70
128 1 2 20
128 1 3 20
128 2 14 50
128 2 15 50
128 2 16 50
128 3 5 240
128 3 6 240
128 3 7 240
128 3 8 240
128 3 9 240
128 3 10 240
128 3 11 240
128 3 12 240
128 3 13 240
128 4 21 160
128 4 22 160
128 5 23 60
128 5 24 60
128 5 25 60
128 6 26 70
128 6 27 70
128 7 28 70
128 7 29 70
128 7 30 70
129 1 2 20
129 1 3 20
129 2 14 50
129 2 15 50
129 2 16 50
129 3 5 240
129 3 6 240
129 3 7 240
129 3 8 240
129 3 9 240
129 3 10 240
129 3 11 240
129 3 12 240
129 3 13 240
129 4 21 160
129 4 22 160
129 5 23 60
129 5 24 60
129 5 25 60
129 6 26 70
129 6 27 70
129 7 28 70
129 7 29 70
129 7 30 70
130 1 2 20
130 1 3 20
130 2 14 50
130 2 15 50
130 2 16 50
130 3 5 240
130 3 6 240
130 3 7 240
130 3 8 240
130 3 9 240
130 3 10 240
130 3 11 240
130 3 12 240
130 3 13 240
130 4 21 160
130 4 22 160
130 5 23 60
130 5 24 60
130 5 25 60
130 6 26 70
130 6 27 70
130 7 28 70
130 7 29 70
130 7 30 70
131 1 2 20
131 1 3 20
131 2 14 50
131 2 15 50
131 2 16 50
131 3 5 240
131 3 6 240
131 3 7 240
131 3 8 240
131 3 9 240
131 3 10 240
131 3 11 240
131 3 12 240
131 3 13 240
131 4 21 160
131 4 22 160
131 5 23 60
131 5 24 60
131 5 25 60
131 6 26 70
131 6 27 70
131 7 28 70
131 7 29 70
131 7 30 70
132 1 2 20
132 1 3 20
132 2 14 50
132 2 15 50
132 2 16 50
132 3 5 240
132 3 6 240
132 3 7 240
132 3 8 240
132 3 9 240
132 3 10 240
132 3 11 240
132 3 12 240
132 3 13 240
132 4 21 160
132 4 22 160
132 5 23 60
132 5 24 60
132 5 25 60
132 6 26 70
132 6 27 70
132 7 28 70
132 7 29 70
132 7 30 70
133 1 2 20
133 1 3 20
133 2 14 50
133 2 15 50
133 2 16 50
133 3 5 240
133 3 6 240
133 3 7 240
133 3 8 240
133 3 9 240
133 3 10 240
133 3 11 240
133 3 12 240
133 3 13 240
133 4 21 160
133 4 22 160
133 5 23 60
133 5 24 60
133 5 25 60
133 6 26 70
133 6 27 70
133 7 28 70
133 7 29 70
133 7 30 70
134 1 2 20
134 1 3 20
134 2 14 50
134 2 15 50
134 2 16 50
134 3 5 240
134 3 6 240
134 3 7 240
134 3 8 240
134 3 9 240
134 3 10 240
134 3 11 240
134 3 12 240
134 3 13 240
134 4 21 160
134 4 22 160
134 5 23 60
134 5 24 60
134 5 25 60
134 6 26 70
134 6 27 70
134 7 28 70
134 7 29 70
134 7 30 70
135 1 2 20
135 1 3 20
135 2 14 50
135 2 15 50
135 2 16 50
135 3 5 240
135 3 6 240
135 3 7 240
135 3 8 240
135 3 9 240
135 3 10 240
135 3 11 240
135 3 12 240
135 3 13 240
135 4 21 160
135 4 22 160
135 5 23 60
135 5 24 60
135 5 25 60
135 6 26 70
135 6 27 70
135 7 28 70
135 7 29 70
135 7 30 70
136 1 2 20
136 1 3 20
136 2 14 50
136 2 15 50
136 2 16 50
136 3 5 240
136 3 6 240
136 3 7 240
136 3 8 240
136 3 9 240
136 3 10 240
136 3 11 240
136 3 12 240
136 3 13 240
136 4 21 160
136 4 22 160
136 5 23 60
136 5 24 60
136 5 25 60
136 6 26 70
136 6 27 70
136 7 28 70
136 7 29 70
136 7 30 70
137 1 2 20
137 1 3 20
137 2 14 50
137 2 15 50
137 2 16 50
137 3 5 240
137 3 6 240
137 3 7 240
137 3 8 240
137 3 9 240
137 3 10 240
137 3 11 240
137 3 12 240
137 3 13 240
137 4 21 160
137 4 22 160
137 5 23 60
137 5 24 60
137 5 25 60
137 6 26 70
137 6 27 70
137 7 28 70
137 7 29 70
137 7 30 70
138 1 2 20
138 1 3 20
138 2 14 50
138 2 15 50
138 2 16 50
138 3 5 240
138 3 6 240
138 3 7 240
138 3 8 240
138 3 9 240
138 3 10 240
138 3 11 240
138 3 12 240
138 3 13 240
138 4 21 160
138 4 22 160
138 5 23 60
138 5 24 60
138 5 25 60
138 6 26 70
138 6 27 70
138 7 28 70
138 7 29 70
138 7 30 70
139 1 2 20
139 1 3 20
139 2 14 50
139 2 15 50
139 2 16 50
139 3 5 240
139 3 6 240
139 3 7 240
139 3 8 240
139 3 9 240
139 3 10 240
139 3 11 240
139 3 12 240
139 3 13 240
139 4 21 160
139 4 22 160
139 5 23 60
139 5 24 60
139 5 25 60
139 6 26 70
139 6 27 70
139 7 28 70
139 7 29 70
139 7 30 70
140 1 2 20
140 1 3 20
140 2 14 50
140 2 15 50
140 2 16 50
140 3 5 240
140 3 6 240
140 3 7 240
140 3 8 240
140 3 9 240
140 3 10 240
140 3 11 240
140 3 12 240
140 3 13 240
140 4 21 160
140 4 22 160
140 5 23 60
140 5 24 60
140 5 25 60
140 6 26 70
140 6 27 70
140 7 28 70
140 7 29 70
140 7 30 70
141 1 2 20
141 1 3 20
141 2 14 50
141 2 15 50
141 2 16 50
141 3 5 240
141 3 6 240
141 3 7 240
141 3 8 240
141 3 9 240
141 3 10 240
141 3 11 240
141 3 12 240
141 3 13 240
141 4 21 160
141 4 22 160
141 5 23 60
141 5 24 60
141 5 25 60
141 6 26 70
141 6 27 70
141 7 28 70
141 7 29 70
141 7 30 70
142 1 2 20
142 1 3 20
142 2 14 50
142 2 15 50
142 2 16 50
142 3 5 240
142 3 6 240
142 3 7 240
142 3 8 240
142 3 9 240
142 3 10 240
142 3 11 240
142 3 12 240
142 3 13 240
142 4 21 160
142 4 22 160
142 5 23 60
142 5 24 60
142 5 25 60
142 6 26 70
142 6 27 70
142 7 28 70
142 7 29 70
142 7 30 70
143 1 2 20
143 1 3 20
143 2 14 50
143 2 15 50
143 2 16 50
143 3 5 240
143 3 6 240
143 3 7 240
143 3 8 240
143 3 9 240
143 3 10 240
143 3 11 240
143 3 12 240
143 3 13 240
143 4 21 160
143 4 22 160
143 5 23 60
143 5 24 60
143 5 25 60
143 6 26 70
143 6 27 70
143 7 28 70
143 7 29 70
143 7 30 70
144 1 2 20
144 1 3 20
144 2 14 50
144 2 15 50
144 2 16 50
144 3 5 240
144 3 6 240
144 3 7 240
144 3 8 240
144 3 9 240
144 3 10 240
144 3 11 240
144 3 12 240
144 3 13 240
144 4 21 160
144 4 22 160
144 5 23 60
144 5 24 60
144 5 25 60
144 6 26 70
144 6 27 70
144 7 28 70
144 7 29 70
144 7 30 70
145 1 2 20
145 1 3 20
145 2 14 50
145 2 15 50
145 2 16 50
145 3 5 240
145 3 6 240
145 3 7 240
145 3 8 240
145 3 9 240
145 3 10 240
145 3 11 240
145 3 12 240
145 3 13 240
145 4 21 160
145 4 22 160
145 5 23 60
145 5 24 60
145 5 25 60
145 6 26 70
145 6 27 70
145 7 28 70
145 7 29 70
145 7 30 70
146 1 2 20
146 1 3 20
146 2 14 50
146 2 15 50
146 2 16 50
146 3 5 240
146 3 6 240
146 3 7 240
146 3 8 240
146 3 9 240
146 3 10 240
146 3 11 240
146 3 12 240
146 3 13 240
146 4 21 160
146 4 22 160
146 5 23 60
146 5 24 60
146 5 25 60
146 6 26 70
146 6 27 70
146 7 28 70
146 7 29 70
146 7 30 70
147 1 2 20
147 1 3 20
147 2 14 50
147 2 15 50
147 2 16 50
147 3 5 240
147 3 6 240
147 3 7 240
147 3 8 240
147 3 9 240
147 3 10 240
147 3 11 240
147 3 12 240
147 3 13 240
147 4 21 160
147 4 22 160
147 5 23 60
147 5 24 60
147 5 25 60
147 6 26 70
147 6 27 70
147 7 28 70
147 7 29 70
147 7 30 70
148 1 2 20
148 1 3 20
148 2 14 50
148 2 15 50
148 2 16 50
148 3 5 240
148 3 6 240
148 3 7 240
148 3 8 240
148 3 9 240
148 3 10 240
148 3 11 240
148 3 12 240
148 3 13 240
148 4 21 160
148 4 22 160
148 5 23 60
148 5 24 60
148 5 25 60
148 6 26 70
148 6 27 70
148 7 28 70
148 7 29 70
148 7 30 70
149 1 2 20
149 1 3 20
149 2 14 50
149 2 15 50
149 2 16 50
149 3 5 240
149 3 6 240
149 3 7 240
149 3 8 240
149 3 9 240
149 3 10 240
149 3 11 240
149 3 12 240
149 3 13 240
149 4 21 160
149 4 22 160
149 5 23 60
149 5 24 60
149 5 25 60
149 6 26 70
149 6 27 70
149 7 28 70
149 7 29 70
149 7 30 70
150 1 2 20
150 1 3 20
150 2 14 50
150 2 15 50
150 2 16 50
150 3 5 240
150 3 6 240
150 3 7 240
150 3 8 240
150 3 9 240
150 3 10 240
150 3 11 240
150 3 12 240
150 3 13 240
150 4 21 160
150 4 22 160
150 5 23 60
150 5 24 60
150 5 25 60
150 6 26 70
150 6 27 70
150 7 28 70
150 7 29 70
150 7 30 70
151 1 4 20
151 2 14 140
151 2 15 140
151 2 16 140
151 3 21 410
151 3 22 410
151 4 23 110
151 4 24 110
151 4 25 110
151 5 26 270
151 5 27 270
151 6 28 180
151 6 29 180
151 6 30 180
152 1 4 20
152 2 14 140
152 2 15 140
152 2 16 140
152 3 21 410
152 3 22 410
152 4 23 110
152 4 24 110
152 4 25 110
152 5 26 270
152 5 27 270
152 6 28 180
152 6 29 180
152 6 30 180
153 1 4 20
153 2 14 140
153 2 15 140
153 2 16 140
153 3 21 410
153 3 22 410
153 4 23 110
153 4 24 110
153 4 25 110
153 5 26 270
153 5 27 270
153 6 28 180
153 6 29 180
153 6 30 180
154 1 4 20
154 2 14 140
154 2 15 140
154 2 16 140
154 3 21 410
154 3 22 410
154 4 23 110
154 4 24 110
154 4 25 110
154 5 26 270
154 5 27 270
154 6 28 180
154 6 29 180
154 6 30 180
155 1 4 20
155 2 14 140
155 2 15 140
155 2 16 140
155 3 21 410
155 3 22 410
155 4 23 110
155 4 24 110
155 4 25 110
155 5 26 270
155 5 27 270
155 6 28 180
155 6 29 180
155 6 30 180
156 1 4 20
156 2 14 140
156 2 15 140
156 2 16 140
156 3 21 410
156 3 22 410
156 4 23 110
156 4 24 110
156 4 25 110
156 5 26 270
156 5 27 270
156 6 28 180
156 6 29 180
156 6 30 180
157 1 4 20
157 2 14 140
157 2 15 140
157 2 16 140
157 3 21 410
157 3 22 410
157 4 23 110
157 4 24 110
157 4 25 110
157 5 26 270
157 5 27 270
157 6 28 180
157 6 29 180
157 6 30 180
158 1 4 20
158 2 14 140
158 2 15 140
158 2 16 140
158 3 21 410
158 3 22 410
158 4 23 110
158 4 24 110
158 4 25 110
158 5 26 270
158 5 27 270
158 6 28 180
158 6 29 180
158 6 30 180
159 1 4 20
159 2 14 140
159 2 15 140
159 2 16 140
159 3 21 410
159 3 22 410
159 4 23 110
159 4 24 110
159 4 25 110
159 5 26 270
159 5 27 270
159 6 28 180
159 6 29 180
159 6 30 180
160 1 4 20
160 2 14 140
160 2 15 140
160 2 16 140
160 3 21 410
160 3 22 410
160 4 23 110
160 4 24 110
160 4 25 110
160 5 26 270
160 5 27 270
160 6 28 180
160 6 29 180
160 6 30 180
161 1 4 20
161 2 14 140
161 2 15 140
161 2 16 140
161 3 21 410
161 3 22 410
161 4 23 110
161 4 24 110
161 4 25 110
161 5 26 270
161 5 27 270
161 6 28 180
161 6 29 180
161 6 30 180
162 1 4 20
162 2 14 140
162 2 15 140
162 2 16 140
162 3 21 410
162 3 22 410
162 4 23 110
162 4 24 110
162 4 25 110
162 5 26 270
162 5 27 270
162 6 28 180
162 6 29 180
162 6 30 180
163 1 4 20
163 2 14 140
163 2 15 140
163 2 16 140
163 3 21 410
163 3 22 410
163 4 23 110
163 4 24 110
163 4 25 110
163 5 26 270
163 5 27 270
163 6 28 180
163 6 29 180
163 6 30 180
164 1 4 20
164 2 14 140
164 2 15 140
164 2 16 140
164 3 21 410
164 3 22 410
164 4 23 110
164 4 24 110
164 4 25 110
164 5 26 270
164 5 27 270
164 6 28 180
164 6 29 180
164 6 30 180
165 1 4 20
165 2 14 140
165 2 15 140
165 2 16 140
165 3 21 410
165 3 22 410
165 4 23 110
165 4 24 110
165 4 25 110
165 5 26 270
165 5 27 270
165 6 28 180
165 6 29 180
165 6 30 180
166 1 4 20
166 2 14 140
166 2 15 140
166 2 16 140
166 3 21 410
166 3 22 410
166 4 23 110
166 4 24 110
166 4 25 110
166 5 26 270
166 5 27 270
166 6 28 180
166 6 29 180
166 6 30 180
167 1 4 20
167 2 14 140
167 2 15 140
167 2 16 140
167 3 21 410
167 3 22 410
167 4 23 110
167 4 24 110
167 4 25 110
167 5 26 270
167 5 27 270
167 6 28 180
167 6 29 180
167 6 30 180
168 1 4 20
168 2 14 140
168 2 15 140
168 2 16 140
168 3 21 410
168 3 22 410
168 4 23 110
168 4 24 110
168 4 25 110
168 5 26 270
168 5 27 270
168 6 28 180
168 6 29 180
168 6 30 180
169 1 4 20
169 2 14 140
169 2 15 140
169 2 16 140
169 3 21 410
169 3 22 410
169 4 23 110
169 4 24 110
169 4 25 110
169 5 26 270
169 5 27 270
169 6 28 180
169 6 29 180
169 6 30 180
170 1 4 20
170 2 14 140
170 2 15 140
170 2 16 140
170 3 21 410
170 3 22 410
170 4 23 110
170 4 24 110
170 4 25 110
170 5 26 270
170 5 27 270
170 6 28 180
170 6 29 180
170 6 30 180
171 1 4 20
171 2 14 140
171 2 15 140
171 2 16 140
171 3 21 410
171 3 22 410
171 4 23 110
171 4 24 110
171 4 25 110
171 5 26 270
171 5 27 270
171 6 28 180
171 6 29 180
171 6 30 180
172 1 4 20
172 2 14 140
172 2 15 140
172 2 16 140
172 3 21 410
172 3 22 410
172 4 23 110
172 4 24 110
172 4 25 110
172 5 26 270
172 5 27 270
172 6 28 180
172 6 29 180
172 6 30 180
173 1 4 20
173 2 14 140
173 2 15 140
173 2 16 140
173 3 21 410
173 3 22 410
173 4 23 110
173 4 24 110
173 4 25 110
173 5 26 270
173 5 27 270
173 6 28 180
173 6 29 180
173 6 30 180
174 1 4 20
174 2 14 140
174 2 15 140
174 2 16 140
174 3 21 410
174 3 22 410
174 4 23 110
174 4 24 110
174 4 25 110
174 5 26 270
174 5 27 270
174 6 28 180
174 6 29 180
174 6 30 180
175 1 4 20
175 2 14 140
175 2 15 140
175 2 16 140
175 3 21 410
175 3 22 410
175 4 23 110
175 4 24 110
175 4 25 110
175 5 26 270
175 5 27 270
175 6 28 180
175 6 29 180
175 6 30 180
176 1 4 20
176 2 14 140
176 2 15 140
176 2 16 140
176 3 21 410
176 3 22 410
176 4 23 110
176 4 24 110
176 4 25 110
176 5 26 270
176 5 27 270
176 6 28 180
176 6 29 180
176 6 30 180
177 1 4 20
177 2 14 140
177 2 15 140
177 2 16 140
177 3 21 410
177 3 22 410
177 4 23 110
177 4 24 110
177 4 25 110
177 5 26 270
177 5 27 270
177 6 28 180
177 6 29 180
177 6 30 180
178 1 4 20
178 2 14 140
178 2 15 140
178 2 16 140
178 3 21 410
178 3 22 410
178 4 23 110
178 4 24 110
178 4 25 110
178 5 26 270
178 5 27 270
178 6 28 180
178 6 29 180
178 6 30 180
179 1 4 20
179 2 14 140
179 2 15 140
179 2 16 140
179 3 21 410
179 3 22 410
179 4 23 110
179 4 24 110
179 4 25 110
179 5 26 270
179 5 27 270
179 6 28 180
179 6 29 180
179 6 30 180
180 1 4 20
180 2 14 140
180 2 15 140
180 2 16 140
180 3 21 410
180 3 22 410
180 4 23 110
180 4 24 110
180 4 25 110
180 5 26 270
180 5 27 270
180 6 28 180
180 6 29 180
180 6 30 180
181 1 4 20
181 2 14 140
181 2 15 140
181 2 16 140
181 3 21 410
181 3 22 410
181 4 23 110
181 4 24 110
181 4 25 110
181 5 26 270
181 5 27 270
181 6 28 180
181 6 29 180
181 6 30 180
182 1 4 20
182 2 14 140
182 2 15 140
182 2 16 140
182 3 21 410
182 3 22 410
182 4 23 110
182 4 24 110
182 4 25 110
182 5 26 270
182 5 27 270
182 6 28 180
182 6 29 180
182 6 30 180
183 1 4 20
183 2 14 140
183 2 15 140
183 2 16 140
183 3 21 410
183 3 22 410
183 4 23 110
183 4 24 110
183 4 25 110
183 5 26 270
183 5 27 270
183 6 28 180
183 6 29 180
183 6 30 180
184 1 4 20
184 2 14 140
184 2 15 140
184 2 16 140
184 3 21 410
184 3 22 410
184 4 23 110
184 4 24 110
184 4 25 110
184 5 26 270
184 5 27 270
184 6 28 180
184 6 29 180
184 6 30 180
185 1 4 20
185 2 14 140
185 2 15 140
185 2 16 140
185 3 21 410
185 3 22 410
185 4 23 110
185 4 24 110
185 4 25 110
185 5 26 270
185 5 27 270
185 6 28 180
185 6 29 180
185 6 30 180
186 1 4 20
186 2 14 140
186 2 15 140
186 2 16 140
186 3 21 410
186 3 22 410
186 4 23 110
186 4 24 110
186 4 25 110
186 5 26 270
186 5 27 270
186 6 28 180
186 6 29 180
186 6 30 180
187 1 4 20
187 2 14 140
187 2 15 140
187 2 16 140
187 3 21 410
187 3 22 410
187 4 23 110
187 4 24 110
187 4 25 110
187 5 26 270
187 5 27 270
187 6 28 180
187 6 29 180
187 6 30 180
188 1 4 20
188 2 14 140
188 2 15 140
188 2 16 140
188 3 21 410
188 3 22 410
188 4 23 110
188 4 24 110
188 4 25 110
188 5 26 270
188 5 27 270
188 6 28 180
188 6 29 180
188 6 30 180
189 1 4 20
189 2 14 140
189 2 15 140
189 2 16 140
189 3 21 410
189 3 22 410
189 4 23 110
189 4 24 110
189 4 25 110
189 5 26 270
189 5 27 270
189 6 28 180
189 6 29 180
189 6 30 180
190 1 4 20
190 2 14 140
190 2 15 140
190 2 16 140
190 3 21 410
190 3 22 410
190 4 23 110
190 4 24 110
190 4 25 110
190 5 26 270
190 5 27 270
190 6 28 180
190 6 29 180
190 6 30 180
191 1 4 20
191 2 14 140
191 2 15 140
191 2 16 140
191 3 21 410
191 3 22 410
191 4 23 110
191 4 24 110
191 4 25 110
191 5 26 270
191 5 27 270
191 6 28 180
191 6 29 180
191 6 30 180
192 1 4 20
192 2 14 140
192 2 15 140
192 2 16 140
192 3 21 410
192 3 22 410
192 4 23 110
192 4 24 110
192 4 25 110
192 5 26 270
192 5 27 270
192 6 28 180
192 6 29 180
192 6 30 180
193 1 4 20
193 2 14 140
193 2 15 140
193 2 16 140
193 3 21 410
193 3 22 410
193 4 23 110
193 4 24 110
193 4 25 110
193 5 26 270
193 5 27 270
193 6 28 180
193 6 29 180
193 6 30 180
194 1 4 20
194 2 14 140
194 2 15 140
194 2 16 140
194 3 21 410
194 3 22 410
194 4 23 110
194 4 24 110
194 4 25 110
194 5 26 270
194 5 27 270
194 6 28 180
194 6 29 180
194 6 30 180
195 1 4 20
195 2 14 140
195 2 15 140
195 2 16 140
195 3 21 410
195 3 22 410
195 4 23 110
195 4 24 110
195 4 25 110
195 5 26 270
195 5 27 270
195 6 28 180
195 6 29 180
195 6 30 180
196 1 4 20
196 2 14 140
196 2 15 140
196 2 16 140
196 3 21 410
196 3 22 410
196 4 23 110
196 4 24 110
196 4 25 110
196 5 26 270
196 5 27 270
196 6 28 180
196 6 29 180
196 6 30 180
197 1 4 20
197 2 14 140
197 2 15 140
197 2 16 140
197 3 21 410
197 3 22 410
197 4 23 110
197 4 24 110
197 4 25 110
197 5 26 270
197 5 27 270
197 6 28 180
197 6 29 180
197 6 30 180
198 1 4 20
198 2 14 140
198 2 15 140
198 2 16 140
198 3 21 410
198 3 22 410
198 4 23 110
198 4 24 110
198 4 25 110
198 5 26 270
198 5 27 270
198 6 28 180
198 6 29 180
198 6 30 180
199 1 4 20
199 2 14 140
199 2 15 140
199 2 16 140
199 3 21 410
199 3 22 410
199 4 23 110
199 4 24 110
199 4 25 110
199 5 26 270
199 5 27 270
199 6 28 180
199 6 29 180
199 6 30 180
200 1 4 20
200 2 14 140
200 2 15 140
200 2 16 140
200 3 21 410
200 3 22 410
200 4 23 110
200 4 24 110
200 4 25 110
200 5 26 270
200 5 27 270
200 6 28 180
200 6 29 180
200 6 30 180
201 1 4 20
201 2 14 140
201 2 15 140
201 2 16 140
201 3 21 410
201 3 22 410
201 4 23 110
201 4 24 110
201 4 25 110
201 5 26 270
201 5 27 270
201 6 28 180
201 6 29 180
201 6 30 180
202 1 4 20
202 2 14 140
202 2 15 140
202 2 16 140
202 3 21 410
202 3 22 410
202 4 23 110
202 4 24 110
202 4 25 110
202 5 26 270
202 5 27 270
202 6 28 180
202 6 29 180
202 6 30 180
203 1 4 20
203 2 14 140
203 2 15 140
203 2 16 140
203 3 21 410
203 3 22 410
203 4 23 110
203 4 24 110
203 4 25 110
203 5 26 270
203 5 27 270
203 6 28 180
203 6 29 180
203 6 30 180
204 1 4 20
204 2 14 140
204 2 15 140
204 2 16 140
204 3 21 410
204 3 22 410
204 4 23 110
204 4 24 110
204 4 25 110
204 5 26 270
204 5 27 270
204 6 28 180
204 6 29 180
204 6 30 180
205 1 4 20
205 2 14 140
205 2 15 140
205 2 16 140
205 3 21 410
205 3 22 410
205 4 23 110
205 4 24 110
205 4 25 110
205 5 26 270
205 5 27 270
205 6 28 180
205 6 29 180
205 6 30 180
206 1 4 20
206 2 14 140
206 2 15 140
206 2 16 140
206 3 21 410
206 3 22 410
206 4 23 110
206 4 24 110
206 4 25 110
206 5 26 270
206 5 27 270
206 6 28 180
206 6 29 180
206 6 30 180
207 1 4 20
207 2 14 140
207 2 15 140
207 2 16 140
207 3 21 410
207 3 22 410
207 4 23 110
207 4 24 110
207 4 25 110
207 5 26 270
207 5 27 270
207 6 28 180
207 6 29 180
207 6 30 180
208 1 4 20
208 2 14 140
208 2 15 140
208 2 16 140
208 3 21 410
208 3 22 410
208 4 23 110
208 4 24 110
208 4 25 110
208 5 26 270
208 5 27 270
208 6 28 180
208 6 29 180
208 6 30 180
209 1 4 20
209 2 14 140
209 2 15 140
209 2 16 140
209 3 21 410
209 3 22 410
209 4 23 110
209 4 24 110
209 4 25 110
209 5 26 270
209 5 27 270
209 6 28 180
209 6 29 180
209 6 30 180
210 1 4 20
210 2 14 140
210 2 15 140
210 2 16 140
210 3 21 410
210 3 22 410
210 4 23 110
210 4 24 110
210 4 25 110
210 5 26 270
210 5 27 270
210 6 28 180
210 6 29 180
210 6 30 180
211 1 4 20
211 2 14 140
211 2 15 140
211 2 16 140
211 3 21 410
211 3 22 410
211 4 23 110
211 4 24 110
211 4 25 110
211 5 26 270
211 5 27 270
211 6 28 180
211 6 29 180
211 6 30 180
212 1 4 20
212 2 14 140
212 2 15 140
212 2 16 140
212 3 21 410
212 3 22 410
212 4 23 110
212 4 24 110
212 4 25 110
212 5 26 270
212 5 27 270
212 6 28 180
212 6 29 180
212 6 30 180
213 1 4 20
213 2 14 140
213 2 15 140
213 2 16 140
213 3 21 410
213 3 22 410
213 4 23 110
213 4 24 110
213 4 25 110
213 5 26 270
213 5 27 270
213 6 28 180
213 6 29 180
213 6 30 180
214 1 4 20
214 2 14 140
214 2 15 140
214 2 16 140
214 3 21 410
214 3 22 410
214 4 23 110
214 4 24 110
214 4 25 110
214 5 26 270
214 5 27 270
214 6 28 180
214 6 29 180
214 6 30 180
215 1 4 20
215 2 14 140
215 2 15 140
215 2 16 140
215 3 21 410
215 3 22 410
215 4 23 110
215 4 24 110
215 4 25 110
215 5 26 270
215 5 27 270
215 6 28 180
215 6 29 180
215 6 30 180
216 1 4 20
216 2 14 140
216 2 15 140
216 2 16 140
216 3 21 410
216 3 22 410
216 4 23 110
216 4 24 110
216 4 25 110
216 5 26 270
216 5 27 270
216 6 28 180
216 6 29 180
216 6 30 180
217 1 4 20
217 2 14 140
217 2 15 140
217 2 16 140
217 3 21 410
217 3 22 410
217 4 23 110
217 4 24 110
217 4 25 110
217 5 26 270
217 5 27 270
217 6 28 180
217 6 29 180
217 6 30 180
218 1 4 20
218 2 14 140
218 2 15 140
218 2 16 140
218 3 21 410
218 3 22 410
218 4 23 110
218 4 24 110
218 4 25 110
218 5 26 270
218 5 27 270
218 6 28 180
218 6 29 180
218 6 30 180
219 1 4 20
219 2 14 140
219 2 15 140
219 2 16 140
219 3 21 410
219 3 22 410
219 4 23 110
219 4 24 110
219 4 25 110
219 5 26 270
219 5 27 270
219 6 28 180
219 6 29 180
219 6 30 180
220 1 4 20
220 2 14 140
220 2 15 140
220 2 16 140
220 3 21 410
220 3 22 410
220 4 23 110
220 4 24 110
220 4 25 110
220 5 26 270
220 5 27 270
220 6 28 180
220 6 29 180
220 6 30 180
221 1 4 20
221 2 14 140
221 2 15 140
221 2 16 140
221 3 21 410
221 3 22 410
221 4 23 110
221 4 24 110
221 4 25 110
221 5 26 270
221 5 27 270
221 6 28 180
221 6 29 180
221 6 30 180
222 1 4 20
222 2 14 140
222 2 15 140
222 2 16 140
222 3 21 410
222 3 22 410
222 4 23 110
222 4 24 110
222 4 25 110
222 5 26 270
222 5 27 270
222 6 28 180
222 6 29 180
222 6 30 180
223 1 4 20
223 2 14 140
223 2 15 140
223 2 16 140
223 3 21 410
223 3 22 410
223 4 23 110
223 4 24 110
223 4 25 110
223 5 26 270
223 5 27 270
223 6 28 180
223 6 29 180
223 6 30 180
224 1 4 20
224 2 14 140
224 2 15 140
224 2 16 140
224 3 21 410
224 3 22 410
224 4 23 110
224 4 24 110
224 4 25 110
224 5 26 270
224 5 27 270
224 6 28 180
224 6 29 180
224 6 30 180
225 1 4 20
225 2 14 140
225 2 15 140
225 2 16 140
225 3 21 410
225 3 22 410
225 4 23 110
225 4 24 110
225 4 25 110
225 5 26 270
225 5 27 270
225 6 28 180
225 6 29 180
225 6 30 180
