670
30
1 1 1 1 1 1 1 1 1 1 1 1 1 1 1 1 1 1 1 1 1 1 1 1 1 1 1 1 1 1 1 1 1 1 1 1 1 1 1 1 1 1 1 1 1 1 1 1 1 1 1 1 1 1 1 1 1 1 1 1 1 1 1 1 1 1 1 1 1 1 1 1 1 1 1 1 1 1 1 1 1 1 1 1 1 1 1 1 1 1 1 1 1 1 1 1 1 1 1 1 1 1 1 1 1 1 1 1 1 1 1 1 1 1 1 1 1 1 1 1 1 1 1 1 1 1 1 1 1 1 1 1 1 1 1 1 1 1 1 1 1 1 1 1 1 1 1 1 1 1 1 1 1 1 1 1 1 1 1 1 1 1 1 1 1 1 1 1 1 1 1 1 1 1 1 1 1 1 1 1 1 1 1 1 1 1 1 1 1 1 1 1 1 1 1 1 1 1 1 1 1 1 1 1 1 1 1 1 1 1 1 1 1 1 1 1 1 1 1 1 1 1 1 1 1 1 1 1 1 1 1 1 1 1 1 1 1 1 1 1 1 1 1 1 1 1 1 1 1 1 1 1 1 1 1 1 1 1 1 1 1 1 1 1 1 1 1 1 1 1 5 5 5 5 5 5 5 5 5 5 5 5 5 5 5 5 5 5 5 5 5 5 5 5 5 5 5 5 5 5 5 5 5 5 5 5 5 5 5 5 5 5 5 5 5 5 5 5 5 5 5 5 5 5 5 5 5 5 5 5 5 5 5 5 5 5 5 5 5 5 5 5 5 5 5 5 5 5 5 5 5 5 5 5 5 5 5 5 5 5 5 5 5 5 5 5 5 5 5 5 5 5 5 5 5 5 5 5 5 5 5 5 5 5 5 5 5 5 5 5 5 5 5 5 5 5 5 5 5 5 5 5 5 5 5 5 5 5 5 5 5 5 5 5 5 5 5 5 5 5 5 5 5 5 5 5 5 5 5 5 5 5 5 5 5 5 5 5 5 5 5 5 5 5 5 5 5 5 5 5 5 5 5 5 5 5 5 5 5 5 5 5 5 5 5 5 5 5 5 5 5 5 5 5 5 5 5 5 5 5 5 5 5 5 5 5 5 5 5 5 5 5 5 5 5 5 5 5 5 5 5 5 5 5 5 5 5 5 5 5 5 5 5 5 5 5 5 5 5 5 5 5 5 5 5 5 5 5 5 5 5 5 5 5 5 5 5 5 5 5 5 5 5 5 5 5 5 5 5 5 5 5 5 5 5 5 5 5 5 5 5 5 5 5 5 5 5 5 5 5 5 5 5 5 5 5 5 5 5 5 5 5 5 5 5 5 5 5 5 5 5 5 5 5 5 5 5 5 5 5 5 5 5 5 5 5 5 5 5 5 5 5 5 5 5 5 5 5 5 5 5 5 5 5 5 5 5 5 5 5 5 5 5 5 5 5 5 5 5 5 5 5 5 5 5 5 5 5 5 5 5 5 5 5 5 5 5 5 5 5 5 5 5 5 5 5 5 5 5 5
28800 28800 28800 28800 28800 28800 28800 28800 28800 28800 28800 28800 28800 28800 28800 28800 28800 28800 28800 28800 28800 28800 28800 28800 28800 28800 28800 28800 28800 28800 28800 28800 28800 28800 28800 28800 28800 28800 28800 28800 28800 28800 28800 28800 28800 28800 28800 28800 28800 28800 28800 28800 28800 28800 28800 28800 28800 28800 28800 28800 28800 28800 28800 28800 28800 28800 28800 28800 28800 28800 28800 28800 28800 28800 28800 28800 28800 28800 28800 28800 28800 28800 28800 28800 28800 28800 28800 28800 28800 28800 28800 28800 28800 28800 28800 28800 28800 28800 28800 28800 28800 28800 28800 28800 28800 28800 28800 28800 28800 28800 28800 28800 28800 28800 28800 28800 28800 28800 28800 28800 28800 28800 28800 28800 28800 28800 28800 28800 28800 28800 28800 28800 28800 28800 28800 28800 28800 28800 28800 28800 28800 28800 28800 28800 28800 28800 28800 28800 28800 28800 28800 28800 28800 28800 28800 28800 28800 28800 28800 28800 28800 28800 28800 28800 28800 28800 28800 28800 28800 28800 28800 28800 28800 28800 28800 28800 28800 28800 28800 28800 28800 28800 28800 28800 28800 28800 28800 28800 28800 28800 28800 28800 28800 28800 28800 28800 28800 28800 28800 28800 28800 28800 28800 28800 28800 28800 28800 28800 28800 28800 28800 28800 28800 28800 28800 28800 28800 28800 28800 28800 28800 28800 28800 28800 28800 28800 28800 28800 28800 28800 28800 28800 28800 28800 28800 28800 28800 28800 28800 28800 28800 28800 28800 28800 28800 28800 28800 28800 28800 28800 28800 28800 28800 28800 28800 28800 28800 28800 28800 28800 28800 28800 28800 28800 28800 28800 28800 28800 28800 28800 28800 28800 28800 28800 28800 28800 28800 28800 28800 28800 28800 28800 28800 28800 28800 28800 28800 28800 28800 28800 28800 28800 28800 28800 28800 28800 28800 28800 28800 28800 28800 28800 28800 28800 28800 28800 28800 28800 28800 28800 28800 28800 28800 28800 28800 28800 28800 28800 28800 28800 28800 28800 28800 28800 28800 28800 28800 28800 28800 28800 28800 28800 28800 28800 28800 28800 28800 28800 28800 28800 28800 28800 28800 28800 28800 28800 28800 28800 28800 28800 28800 28800 28800 28800 28800 28800 28800 28800 28800 28800 28800 28800 28800 28800 28800 28800 28800 28800 28800 28800 28800 28800 28800 28800 28800 28800 28800 28800 28800 28800 28800 28800 28800 28800 28800 28800 28800 28800 28800 28800 28800 28800 28800 28800 28800 28800 28800 28800 28800 28800 28800 28800 28800 28800 28800 28800 28800 28800 28800 28800 28800 28800 28800 28800 28800 28800 28800 28800 28800 28800 28800 28800 28800 28800 28800 28800 28800 28800 28800 28800 28800 28800 28800 28800 28800 28800 28800 28800 28800 28800 28800 28800 28800 28800 28800 28800 28800 28800 28800 28800 28800 28800 28800 28800 28800 28800 28800 28800 28800 28800 28800 28800 28800 28800 28800 28800 28800 28800 28800 28800 28800 28800 28800 28800 28800 28800 28800 28800 28800 28800 28800 28800 28800 28800 28800 28800 28800 28800 28800 28800 28800 28800 28800 28800 28800 28800 28800 28800 28800 28800 28800 28800 28800 28800 28800 28800 28800 28800 28800 28800 28800 28800 28800 28800 28800 28800 28800 28800 28800 28800 28800 28800 28800 28800 28800 28800 28800 28800 28800 28800 28800 28800 28800 28800 28800 28800 28800 28800 28800 28800 28800 28800 28800 28800 28800 28800 28800 28800 28800 28800 28800 28800 28800 28800 28800 28800 28800 28800 28800 28800 28800 28800 28800 28800 28800 28800 28800 28800 28800 28800 28800 28800 28800 28800 28800 28800 28800 28800 28800 28800 28800 28800 28800 28800 28800 28800 28800 28800 28800 28800 28800 28800 28800 28800 28800 28800 28800 28800 28800 28800 28800 28800 28800 28800 28800 28800 28800 28800 28800 28800 28800 28800 28800 28800 28800 28800 28800 28800 28800 28800 28800 28800 28800 28800 28800 28800 28800 28800 28800 28800 28800 28800 28800 28800 28800 28800 28800 28800 28800 28800 28800 28800 28800 28800 28800 28800 28800 28800 28800 28800 28800 28800 28800 28800 28800 28800 28800 28800 28800 28800 28800 28800 28800 28800 28800 28800 28800 28800 28800 28800
1 1 17 35
1 1 18 35
2 1 17 35
2 1 18 35
3 1 17 35
3 1 18 35
4 1 17 35
4 1 18 35
5 1 17 35
5 1 18 35
6 1 17 35
6 1 18 35
7 1 17 35
7 1 18 35
8 1 17 35
8 1 18 35
9 1 17 35
9 1 18 35
10 1 17 35
10 1 18 35
11 1 17 35
11 1 18 35
12 1 17 35
12 1 18 35
13 1 17 35
13 1 18 35
14 1 17 35
14 1 18 35
15 1 17 35
15 1 18 35
16 1 17 35
16 1 18 35
17 1 17 35
17 1 18 35
18 1 17 35
18 1 18 35
19 1 17 35
19 1 18 35
20 1 17 35
20 1 18 35
21 1 17 35
21 1 18 35
22 1 17 35
22 1 18 35
23 1 17 35
23 1 18 35
24 1 17 35
24 1 18 35
25 1 17 35
25 1 18 35
26 1 17 35
26 1 18 35
27 1 17 35
27 1 18 35
28 1 17 35
28 1 18 35
29 1 17 35
29 1 18 35
30 1 17 35
30 1 18 35
31 1 17 35
31 1 18 35
32 1 17 35
32 1 18 35
33 1 17 35
33 1 18 35
34 1 17 35
34 1 18 35
35 1 17 35
35 1 18 35
36 1 17 35
36 1 18 35
37 1 17 35
37 1 18 35
38 1 17 35
38 1 18 35
39 1 17 35
39 1 18 35
40 1 17 35
40 1 18 35
41 1 17 35
41 1 18 35
42 1 17 35
42 1 18 35
43 1 17 35
43 1 18 35
44 1 17 35
44 1 18 35
45 1 17 35
45 1 18 35
46 1 17 35
46 1 18 35
47 1 17 35
47 1 18 35
48 1 17 35
48 1 18 35
49 1 17 35
49 1 18 35
50 1 17 35
50 1 18 35
51 1 17 35
51 1 18 35
52 1 17 35
52 1 18 35
53 1 17 35
53 1 18 35
54 1 17 35
54 1 18 35
55 1 17 35
55 1 18 35
56 1 17 35
56 1 18 35
57 1 17 35
57 1 18 35
58 1 17 35
58 1 18 35
59 1 17 35
59 1 18 35
60 1 17 35
60 1 18 35
61 1 17 35
61 1 18 35
62 1 17 35
62 1 18 35
63 1 17 35
63 1 18 35
64 1 17 35
64 1 18 35
65 1 17 35
65 1 18 35
66 1 17 35
66 1 18 35
67 1 17 35
67 1 18 35
68 1 17 35
68 1 18 35
69 1 17 35
69 1 18 35
70 1 17 35
70 1 18 35
71 1 17 35
71 1 18 35
72 1 17 35
72 1 18 35
73 1 17 35
73 1 18 35
74 1 17 35
74 1 18 35
75 1 17 35
75 1 18 35
76 1 17 35
76 1 18 35
77 1 17 35
77 1 18 35
78 1 17 35
78 1 18 35
79 1 17 35
79 1 18 35
80 1 17 35
80 1 18 35
81 1 17 35
81 1 18 35
82 1 17 35
82 1 18 35
83 1 17 35
83 1 18 35
84 1 17 35
84 1 18 35
85 1 17 35
85 1 18 35
86 1 17 35
86 1 18 35
87 1 17 35
87 1 18 35
88 1 17 35
88 1 18 35
89 1 17 35
89 1 18 35
90 1 17 35
90 1 18 35
91 1 17 20
91 1 18 20
92 1 17 20
92 1 18 20
93 1 17 20
93 1 18 20
94 1 17 20
94 1 18 20
95 1 17 20
95 1 18 20
96 1 17 20
96 1 18 20
97 1 17 20
97 1 18 20
98 1 17 20
98 1 18 20
99 1 17 20
99 1 18 20
100 1 17 20
100 1 18 20
101 1 17 20
101 1 18 20
102 1 17 20
102 1 18 20
103 1 17 20
103 1 18 20
104 1 17 20
104 1 18 20
105 1 17 20
105 1 18 20
106 1 17 20
106 1 18 20
107 1 17 20
107 1 18 20
108 1 17 20
108 1 18 20
109 1 17 20
109 1 18 20
110 1 17 20
110 1 18 20
111 1 17 20
111 1 18 20
112 1 17 20
112 1 18 20
113 1 17 20
113 1 18 20
114 1 17 20
114 1 18 20
115 1 17 20
115 1 18 20
116 1 17 20
116 1 18 20
117 1 17 20
117 1 18 20
118 1 17 20
118 1 18 20
119 1 17 20
119 1 18 20
120 1 17 20
120 1 18 20
121 1 17 20
121 1 18 20
122 1 17 20
122 1 18 20
123 1 17 20
123 1 18 20
124 1 17 20
124 1 18 20
125 1 17 20
125 1 18 20
126 1 17 20
126 1 18 20
127 1 17 20
127 1 18 20
128 1 17 20
128 1 18 20
129 1 17 20
129 1 18 20
130 1 17 20
130 1 18 20
131 1 17 20
131 1 18 20
132 1 17 20
132 1 18 20
133 1 17 20
133 1 18 20
134 1 17 20
134 1 18 20
135 1 17 20
135 1 18 20
136 1 17 20
136 1 18 20
137 1 17 20
137 1 18 20
138 1 17 20
138 1 18 20
139 1 17 20
139 1 18 20
140 1 17 20
140 1 18 20
141 1 17 20
141 1 18 20
142 1 17 20
142 1 18 20
143 1 17 20
143 1 18 20
144 1 17 20
144 1 18 20
145 1 17 20
145 1 18 20
146 1 17 20
146 1 18 20
147 1 17 20
147 1 18 20
148 1 17 20
148 1 18 20
149 1 17 20
149 1 18 20
150 1 17 20
150 1 18 20
151 1 17 20
151 1 18 20
152 1 17 20
152 1 18 20
153 1 17 20
153 1 18 20
154 1 17 20
154 1 18 20
155 1 17 20
155 1 18 20
156 1 17 20
156 1 18 20
157 1 17 20
157 1 18 20
158 1 17 20
158 1 18 20
159 1 17 20
159 1 18 20
160 1 17 20
160 1 18 20
161 1 17 20
161 1 18 20
162 1 17 20
162 1 18 20
163 1 17 20
163 1 18 20
164 1 17 20
164 1 18 20
165 1 17 20
165 1 18 20
166 1 17 20
166 1 18 20
167 1 17 20
167 1 18 20
168 1 17 20
168 1 18 20
169 1 17 20
169 1 18 20
170 1 17 20
170 1 18 20
171 1 17 20
171 1 18 20
172 1 17 20
172 1 18 20
173 1 17 20
173 1 18 20
174 1 17 20
174 1 18 20
175 1 17 20
175 1 18 20
176 1 17 20
176 1 18 20
177 1 17 20
177 1 18 20
178 1 17 20
178 1 18 20
179 1 17 20
179 1 18 20
180 1 17 20
180 1 18 20
181 1 17 20
181 1 18 20
182 1 17 20
182 1 18 20
183 1 17 20
183 1 18 20
184 1 17 20
184 1 18 20
185 1 17 20
185 1 18 20
186 1 17 20
186 1 18 20
187 1 17 20
187 1 18 20
188 1 17 20
188 1 18 20
189 1 17 20
189 1 18 20
190 1 17 20
190 1 18 20
191 1 17 20
191 1 18 20
192 1 17 20
192 1 18 20
193 1 17 20
193 1 18 20
194 1 17 20
194 1 18 20
195 1 17 20
195 1 18 20
196 1 17 20
196 1 18 20
197 1 17 20
197 1 18 20
198 1 17 20
198 1 18 20
199 1 17 20
199 1 18 20
200 1 17 20
200 1 18 20
201 1 17 20
201 1 18 20
202 1 17 20
202 1 18 20
203 1 17 20
203 1 18 20
204 1 17 20
204 1 18 20
205 1 17 20
205 1 18 20
206 1 17 20
206 1 18 20
207 1 17 20
207 1 18 20
208 1 17 20
208 1 18 20
209 1 17 20
209 1 18 20
210 1 17 20
210 1 18 20
211 1 17 20
211 1 18 20
212 1 17 20
212 1 18 20
213 1 17 20
213 1 18 20
214 1 17 20
214 1 18 20
215 1 17 20
215 1 18 20
216 1 17 20
216 1 18 20
217 1 17 20
217 1 18 20
218 1 17 20
218 1 18 20
219 1 17 20
219 1 18 20
220 1 17 20
220 1 18 20
221 1 17 20
221 1 18 20
222 1 17 20
222 1 18 20
223 1 17 20
223 1 18 20
224 1 17 20
224 1 18 20
225 1 17 20
225 1 18 20
226 1 17 20
226 1 18 20
227 1 17 20
227 1 18 20
228 1 17 20
228 1 18 20
229 1 17 20
229 1 18 20
230 1 17 20
230 1 18 20
231 1 17 20
231 1 18 20
232 1 17 20
232 1 18 20
233 1 17 20
233 1 18 20
234 1 17 20
234 1 18 20
235 1 17 20
235 1 18 20
236 1 17 20
236 1 18 20
237 1 17 20
237 1 18 20
238 1 17 20
238 1 18 20
239 1 17 20
239 1 18 20
240 1 17 20
240 1 18 20
241 1 17 20
241 1 18 20
242 1 17 20
242 1 18 20
243 1 17 20
243 1 18 20
244 1 17 20
244 1 18 20
245 1 17 20
245 1 18 20
246 1 17 20
246 1 18 20
247 1 17 20
247 1 18 20
248 1 17 20
248 1 18 20
249 1 17 20
249 1 18 20
250 1 17 20
250 1 18 20
251 1 17 20
251 1 18 20
252 1 17 20
252 1 18 20
253 1 17 20
253 1 18 20
254 1 17 20
254 1 18 20
255 1 17 20
255 1 18 20
256 1 17 20
256 1 18 20
257 1 17 20
257 1 18 20
258 1 17 20
258 1 18 20
259 1 17 20
259 1 18 20
260 1 17 20
260 1 18 20
261 1 17 20
261 1 18 20
262 1 17 20
262 1 18 20
263 1 17 20
263 1 18 20
264 1 17 20
264 1 18 20
265 1 17 20
265 1 18 20
266 1 17 20
266 1 18 20
267 1 17 20
267 1 18 20
268 1 17 20
268 1 18 20
269 1 17 20
269 1 18 20
270 1 17 20
270 1 18 20
271 1 2 75
271 1 3 75
271 2 17 100
271 2 18 100
271 3 5 220
271 3 6 220
271 3 7 220
271 3 8 220
271 3 9 220
271 3 10 220
271 3 11 220
271 3 12 220
271 3 13 220
271 4 26 55
271 4 27 55
271 5 28 45
271 5 29 45
271 5 30 45
272 1 2 75
272 1 3 75
272 2 17 100
272 2 18 100
272 3 5 220
272 3 6 220
272 3 7 220
272 3 8 220
272 3 9 220
272 3 10 220
272 3 11 220
272 3 12 220
272 3 13 220
272 4 26 55
272 4 27 55
272 5 28 45
272 5 29 45
272 5 30 45
273 1 2 75
273 1 3 75
273 2 17 100
273 2 18 100
273 3 5 220
273 3 6 220
273 3 7 220
273 3 8 220
273 3 9 220
273 3 10 220
273 3 11 220
273 3 12 220
273 3 13 220
273 4 26 55
273 4 27 55
273 5 28 45
273 5 29 45
273 5 30 45
274 1 2 75
274 1 3 75
274 2 17 100
274 2 18 100
274 3 5 220
274 3 6 220
274 3 7 220
274 3 8 220
274 3 9 220
274 3 10 220
274 3 11 220
274 3 12 220
274 3 13 220
274 4 26 55
274 4 27 55
274 5 28 45
274 5 29 45
274 5 30 45
275 1 2 75
275 1 3 75
275 2 17 100
275 2 18 100
275 3 5 220
275 3 6 220
275 3 7 220
275 3 8 220
275 3 9 220
275 3 10 220
275 3 11 220
275 3 12 220
275 3 13 220
275 4 26 55
275 4 27 55
275 5 28 45
275 5 29 45
275 5 30 45
276 1 2 75
276 1 3 75
276 2 17 100
276 2 18 100
276 3 5 220
276 3 6 220
276 3 7 220
276 3 8 220
276 3 9 220
276 3 10 220
276 3 11 220
276 3 12 220
276 3 13 220
276 4 26 55
276 4 27 55
276 5 28 45
276 5 29 45
276 5 30 45
277 1 2 75
277 1 3 75
277 2 17 100
277 2 18 100
277 3 5 220
277 3 6 220
277 3 7 220
277 3 8 220
277 3 9 220
277 3 10 220
277 3 11 220
277 3 12 220
277 3 13 220
277 4 26 55
277 4 27 55
277 5 28 45
277 5 29 45
277 5 30 45
278 1 2 75
278 1 3 75
278 2 17 100
278 2 18 100
278 3 5 220
278 3 6 220
278 3 7 220
278 3 8 220
278 3 9 220
278 3 10 220
278 3 11 220
278 3 12 220
278 3 13 220
278 4 26 55
278 4 27 55
278 5 28 45
278 5 29 45
278 5 30 45
279 1 2 75
279 1 3 75
279 2 17 100
279 2 18 100
279 3 5 220
279 3 6 220
279 3 7 220
279 3 8 220
279 3 9 220
279 3 10 220
279 3 11 220
279 3 12 220
279 3 13 220
279 4 26 55
279 4 27 55
279 5 28 45
279 5 29 45
279 5 30 45
280 1 2 75
280 1 3 75
280 2 17 100
280 2 18 100
280 3 5 220
280 3 6 220
280 3 7 220
280 3 8 220
280 3 9 220
280 3 10 220
280 3 11 220
280 3 12 220
280 3 13 220
280 4 26 55
280 4 27 55
280 5 28 45
280 5 29 45
280 5 30 45
281 1 2 75
281 1 3 75
281 2 17 100
281 2 18 100
281 3 5 220
281 3 6 220
281 3 7 220
281 3 8 220
281 3 9 220
281 3 10 220
281 3 11 220
281 3 12 220
281 3 13 220
281 4 26 55
281 4 27 55
281 5 28 45
281 5 29 45
281 5 30 45
282 1 2 75
282 1 3 75
282 2 17 100
282 2 18 100
282 3 5 220
282 3 6 220
282 3 7 220
282 3 8 220
282 3 9 220
282 3 10 220
282 3 11 220
282 3 12 220
282 3 13 220
282 4 26 55
282 4 27 55
282 5 28 45
282 5 29 45
282 5 30 45
283 1 2 75
283 1 3 75
283 2 17 100
283 2 18 100
283 3 5 220
283 3 6 220
283 3 7 220
283 3 8 220
283 3 9 220
283 3 10 220
283 3 11 220
283 3 12 220
283 3 13 220
283 4 26 55
283 4 27 55
283 5 28 45
283 5 29 45
283 5 30 45
284 1 2 75
284 1 3 75
284 2 17 100
284 2 18 100
284 3 5 220
284 3 6 220
284 3 7 220
284 3 8 220
284 3 9 220
284 3 10 220
284 3 11 220
284 3 12 220
284 3 13 220
284 4 26 55
284 4 27 55
284 5 28 45
284 5 29 45
284 5 30 45
285 1 2 75
285 1 3 75
285 2 17 100
285 2 18 100
285 3 5 220
285 3 6 220
285 3 7 220
285 3 8 220
285 3 9 220
285 3 10 220
285 3 11 220
285 3 12 220
285 3 13 220
285 4 26 55
285 4 27 55
285 5 28 45
285 5 29 45
285 5 30 45
286 1 2 75
286 1 3 75
286 2 17 100
286 2 18 100
286 3 5 220
286 3 6 220
286 3 7 220
286 3 8 220
286 3 9 220
286 3 10 220
286 3 11 220
286 3 12 220
286 3 13 220
286 4 26 55
286 4 27 55
286 5 28 45
286 5 29 45
286 5 30 45
287 1 2 75
287 1 3 75
287 2 17 100
287 2 18 100
287 3 5 220
287 3 6 220
287 3 7 220
287 3 8 220
287 3 9 220
287 3 10 220
287 3 11 220
287 3 12 220
287 3 13 220
287 4 26 55
287 4 27 55
287 5 28 45
287 5 29 45
287 5 30 45
288 1 2 75
288 1 3 75
288 2 17 100
288 2 18 100
288 3 5 220
288 3 6 220
288 3 7 220
288 3 8 220
288 3 9 220
288 3 10 220
288 3 11 220
288 3 12 220
288 3 13 220
288 4 26 55
288 4 27 55
288 5 28 45
288 5 29 45
288 5 30 45
289 1 2 75
289 1 3 75
289 2 17 100
289 2 18 100
289 3 5 220
289 3 6 220
289 3 7 220
289 3 8 220
289 3 9 220
289 3 10 220
289 3 11 220
289 3 12 220
289 3 13 220
289 4 26 55
289 4 27 55
289 5 28 45
289 5 29 45
289 5 30 45
290 1 2 75
290 1 3 75
290 2 17 100
290 2 18 100
290 3 5 220
290 3 6 220
290 3 7 220
290 3 8 220
290 3 9 220
290 3 10 220
290 3 11 220
290 3 12 220
290 3 13 220
290 4 26 55
290 4 27 55
290 5 28 45
290 5 29 45
290 5 30 45
291 1 2 75
291 1 3 75
291 2 17 100
291 2 18 100
291 3 5 220
291 3 6 220
291 3 7 220
291 3 8 220
291 3 9 220
291 3 10 220
291 3 11 220
291 3 12 220
291 3 13 220
291 4 26 55
291 4 27 55
291 5 28 45
291 5 29 45
291 5 30 45
292 1 2 75
292 1 3 75
292 2 17 100
292 2 18 100
292 3 5 220
292 3 6 220
292 3 7 220
292 3 8 220
292 3 9 220
292 3 10 220
292 3 11 220
292 3 12 220
292 3 13 220
292 4 26 55
292 4 27 55
292 5 28 45
292 5 29 45
292 5 30 45
293 1 2 75
293 1 3 75
293 2 17 100
293 2 18 100
293 3 5 220
293 3 6 220
293 3 7 220
293 3 8 220
293 3 9 220
293 3 10 220
293 3 11 220
293 3 12 220
293 3 13 220
293 4 26 55
293 4 27 55
293 5 28 45
293 5 29 45
293 5 30 45
294 1 2 75
294 1 3 75
294 2 17 100
294 2 18 100
294 3 5 220
294 3 6 220
294 3 7 220
294 3 8 220
294 3 9 220
294 3 10 220
294 3 11 220
294 3 12 220
294 3 13 220
294 4 26 55
294 4 27 55
294 5 28 45
294 5 29 45
294 5 30 45
295 1 2 75
295 1 3 75
295 2 17 100
295 2 18 100
295 3 5 220
295 3 6 220
295 3 7 220
295 3 8 220
295 3 9 220
295 3 10 220
295 3 11 220
295 3 12 220
295 3 13 220
295 4 26 55
295 4 27 55
295 5 28 45
295 5 29 45
295 5 30 45
296 1 2 75
296 1 3 75
296 2 17 100
296 2 18 100
296 3 5 220
296 3 6 220
296 3 7 220
296 3 8 220
296 3 9 220
296 3 10 220
296 3 11 220
296 3 12 220
296 3 13 220
296 4 26 55
296 4 27 55
296 5 28 45
296 5 29 45
296 5 30 45
297 1 2 75
297 1 3 75
297 2 17 100
297 2 18 100
297 3 5 220
297 3 6 220
297 3 7 220
297 3 8 220
297 3 9 220
297 3 10 220
297 3 11 220
297 3 12 220
297 3 13 220
297 4 26 55
297 4 27 55
297 5 28 45
297 5 29 45
297 5 30 45
298 1 2 75
298 1 3 75
298 2 17 100
298 2 18 100
298 3 5 220
298 3 6 220
298 3 7 220
298 3 8 220
298 3 9 220
298 3 10 220
298 3 11 220
298 3 12 220
298 3 13 220
298 4 26 55
298 4 27 55
298 5 28 45
298 5 29 45
298 5 30 45
299 1 2 75
299 1 3 75
299 2 17 100
299 2 18 100
299 3 5 220
299 3 6 220
299 3 7 220
299 3 8 220
299 3 9 220
299 3 10 220
299 3 11 220
299 3 12 220
299 3 13 220
299 4 26 55
299 4 27 55
299 5 28 45
299 5 29 45
299 5 30 45
300 1 2 75
300 1 3 75
300 2 17 100
300 2 18 100
300 3 5 220
300 3 6 220
300 3 7 220
300 3 8 220
300 3 9 220
300 3 10 220
300 3 11 220
300 3 12 220
300 3 13 220
300 4 26 55
300 4 27 55
300 5 28 45
300 5 29 45
300 5 30 45
301 1 2 75
301 1 3 75
301 2 17 100
301 2 18 100
301 3 5 220
301 3 6 220
301 3 7 220
301 3 8 220
301 3 9 220
301 3 10 220
301 3 11 220
301 3 12 220
301 3 13 220
301 4 26 55
301 4 27 55
301 5 28 45
301 5 29 45
301 5 30 45
302 1 2 75
302 1 3 75
302 2 17 100
302 2 18 100
302 3 5 220
302 3 6 220
302 3 7 220
302 3 8 220
302 3 9 220
302 3 10 220
302 3 11 220
302 3 12 220
302 3 13 220
302 4 26 55
302 4 27 55
302 5 28 45
302 5 29 45
302 5 30 45
303 1 2 75
303 1 3 75
303 2 17 100
303 2 18 100
303 3 5 220
303 3 6 220
303 3 7 220
303 3 8 220
303 3 9 220
303 3 10 220
303 3 11 220
303 3 12 220
303 3 13 220
303 4 26 55
303 4 27 55
303 5 28 45
303 5 29 45
303 5 30 45
304 1 2 75
304 1 3 75
304 2 17 100
304 2 18 100
304 3 5 220
304 3 6 220
304 3 7 220
304 3 8 220
304 3 9 220
304 3 10 220
304 3 11 220
304 3 12 220
304 3 13 220
304 4 26 55
304 4 27 55
304 5 28 45
304 5 29 45
304 5 30 45
305 1 2 75
305 1 3 75
305 2 17 100
305 2 18 100
305 3 5 220
305 3 6 220
305 3 7 220
305 3 8 220
305 3 9 220
305 3 10 220
305 3 11 220
305 3 12 220
305 3 13 220
305 4 26 55
305 4 27 55
305 5 28 45
305 5 29 45
305 5 30 45
306 1 2 75
306 1 3 75
306 2 17 100
306 2 18 100
306 3 5 220
306 3 6 220
306 3 7 220
306 3 8 220
306 3 9 220
306 3 10 220
306 3 11 220
306 3 12 220
306 3 13 220
306 4 26 55
306 4 27 55
306 5 28 45
306 5 29 45
306 5 30 45
307 1 2 75
307 1 3 75
307 2 17 100
307 2 18 100
307 3 5 220
307 3 6 220
307 3 7 220
307 3 8 220
307 3 9 220
307 3 10 220
307 3 11 220
307 3 12 220
307 3 13 220
307 4 26 55
307 4 27 55
307 5 28 45
307 5 29 45
307 5 30 45
308 1 2 75
308 1 3 75
308 2 17 100
308 2 18 100
308 3 5 220
308 3 6 220
308 3 7 220
308 3 8 220
308 3 9 220
308 3 10 220
308 3 11 220
308 3 12 220
308 3 13 220
308 4 26 55
308 4 27 55
308 5 28 45
308 5 29 45
308 5 30 45
309 1 2 75
309 1 3 75
309 2 17 100
309 2 18 100
309 3 5 220
309 3 6 220
309 3 7 220
309 3 8 220
309 3 9 220
309 3 10 220
309 3 11 220
309 3 12 220
309 3 13 220
309 4 26 55
309 4 27 55
309 5 28 45
309 5 29 45
309 5 30 45
310 1 2 75
310 1 3 75
310 2 17 100
310 2 18 100
310 3 5 220
310 3 6 220
310 3 7 220
310 3 8 220
310 3 9 220
310 3 10 220
310 3 11 220
310 3 12 220
310 3 13 220
310 4 26 55
310 4 27 55
310 5 28 45
310 5 29 45
310 5 30 45
311 1 2 75
311 1 3 75
311 2 17 100
311 2 18 100
311 3 5 220
311 3 6 220
311 3 7 220
311 3 8 220
311 3 9 220
311 3 10 220
311 3 11 220
311 3 12 220
311 3 13 220
311 4 26 55
311 4 27 55
311 5 28 45
311 5 29 45
311 5 30 45
312 1 2 75
312 1 3 75
312 2 17 100
312 2 18 100
312 3 5 220
312 3 6 220
312 3 7 220
312 3 8 220
312 3 9 220
312 3 10 220
312 3 11 220
312 3 12 220
312 3 13 220
312 4 26 55
312 4 27 55
312 5 28 45
312 5 29 45
312 5 30 45
313 1 2 75
313 1 3 75
313 2 17 100
313 2 18 100
313 3 5 220
313 3 6 220
313 3 7 220
313 3 8 220
313 3 9 220
313 3 10 220
313 3 11 220
313 3 12 220
313 3 13 220
313 4 26 55
313 4 27 55
313 5 28 45
313 5 29 45
313 5 30 45
314 1 2 75
314 1 3 75
314 2 17 100
314 2 18 100
314 3 5 220
314 3 6 220
314 3 7 220
314 3 8 220
314 3 9 220
314 3 10 220
314 3 11 220
314 3 12 220
314 3 13 220
314 4 26 55
314 4 27 55
314 5 28 45
314 5 29 45
314 5 30 45
315 1 2 75
315 1 3 75
315 2 17 100
315 2 18 100
315 3 5 220
315 3 6 220
315 3 7 220
315 3 8 220
315 3 9 220
315 3 10 220
315 3 11 220
315 3 12 220
315 3 13 220
315 4 26 55
315 4 27 55
315 5 28 45
315 5 29 45
315 5 30 45
316 1 2 75
316 1 3 75
316 2 17 100
316 2 18 100
316 3 5 220
316 3 6 220
316 3 7 220
316 3 8 220
316 3 9 220
316 3 10 220
316 3 11 220
316 3 12 220
316 3 13 220
316 4 26 55
316 4 27 55
316 5 28 45
316 5 29 45
316 5 30 45
317 1 2 75
317 1 3 75
317 2 17 100
317 2 18 100
317 3 5 220
317 3 6 220
317 3 7 220
317 3 8 220
317 3 9 220
317 3 10 220
317 3 11 220
317 3 12 220
317 3 13 220
317 4 26 55
317 4 27 55
317 5 28 45
317 5 29 45
317 5 30 45
318 1 2 75
318 1 3 75
318 2 17 100
318 2 18 100
318 3 5 220
318 3 6 220
318 3 7 220
318 3 8 220
318 3 9 220
318 3 10 220
318 3 11 220
318 3 12 220
318 3 13 220
318 4 26 55
318 4 27 55
318 5 28 45
318 5 29 45
318 5 30 45
319 1 2 75
319 1 3 75
319 2 17 100
319 2 18 100
319 3 5 220
319 3 6 220
319 3 7 220
319 3 8 220
319 3 9 220
319 3 10 220
319 3 11 220
319 3 12 220
319 3 13 220
319 4 26 55
319 4 27 55
319 5 28 45
319 5 29 45
319 5 30 45
320 1 2 75
320 1 3 75
320 2 17 100
320 2 18 100
320 3 5 220
320 3 6 220
320 3 7 220
320 3 8 220
320 3 9 220
320 3 10 220
320 3 11 220
320 3 12 220
320 3 13 220
320 4 26 55
320 4 27 55
320 5 28 45
320 5 29 45
320 5 30 45
321 1 2 75
321 1 3 75
321 2 17 100
321 2 18 100
321 3 5 220
321 3 6 220
321 3 7 220
321 3 8 220
321 3 9 220
321 3 10 220
321 3 11 220
321 3 12 220
321 3 13 220
321 4 26 55
321 4 27 55
321 5 28 45
321 5 29 45
321 5 30 45
322 1 2 75
322 1 3 75
322 2 17 100
322 2 18 100
322 3 5 220
322 3 6 220
322 3 7 220
322 3 8 220
322 3 9 220
322 3 10 220
322 3 11 220
322 3 12 220
322 3 13 220
322 4 26 55
322 4 27 55
322 5 28 45
322 5 29 45
322 5 30 45
323 1 2 75
323 1 3 75
323 2 17 100
323 2 18 100
323 3 5 220
323 3 6 220
323 3 7 220
323 3 8 220
323 3 9 220
323 3 10 220
323 3 11 220
323 3 12 220
323 3 13 220
323 4 26 55
323 4 27 55
323 5 28 45
323 5 29 45
323 5 30 45
324 1 2 75
324 1 3 75
324 2 17 100
324 2 18 100
324 3 5 220
324 3 6 220
324 3 7 220
324 3 8 220
324 3 9 220
324 3 10 220
324 3 11 220
324 3 12 220
324 3 13 220
324 4 26 55
324 4 27 55
324 5 28 45
324 5 29 45
324 5 30 45
325 1 2 75
325 1 3 75
325 2 17 100
325 2 18 100
325 3 5 220
325 3 6 220
325 3 7 220
325 3 8 220
325 3 9 220
325 3 10 220
325 3 11 220
325 3 12 220
325 3 13 220
325 4 26 55
325 4 27 55
325 5 28 45
325 5 29 45
325 5 30 45
326 1 2 75
326 1 3 75
326 2 17 100
326 2 18 100
326 3 5 220
326 3 6 220
326 3 7 220
326 3 8 220
326 3 9 220
326 3 10 220
326 3 11 220
326 3 12 220
326 3 13 220
326 4 26 55
326 4 27 55
326 5 28 45
326 5 29 45
326 5 30 45
327 1 2 75
327 1 3 75
327 2 17 100
327 2 18 100
327 3 5 220
327 3 6 220
327 3 7 220
327 3 8 220
327 3 9 220
327 3 10 220
327 3 11 220
327 3 12 220
327 3 13 220
327 4 26 55
327 4 27 55
327 5 28 45
327 5 29 45
327 5 30 45
328 1 2 75
328 1 3 75
328 2 17 100
328 2 18 100
328 3 5 220
328 3 6 220
328 3 7 220
328 3 8 220
328 3 9 220
328 3 10 220
328 3 11 220
328 3 12 220
328 3 13 220
328 4 26 55
328 4 27 55
328 5 28 45
328 5 29 45
328 5 30 45
329 1 2 75
329 1 3 75
329 2 17 100
329 2 18 100
329 3 5 220
329 3 6 220
329 3 7 220
329 3 8 220
329 3 9 220
329 3 10 220
329 3 11 220
329 3 12 220
329 3 13 220
329 4 26 55
329 4 27 55
329 5 28 45
329 5 29 45
329 5 30 45
330 1 2 75
330 1 3 75
330 2 17 100
330 2 18 100
330 3 5 220
330 3 6 220
330 3 7 220
330 3 8 220
330 3 9 220
330 3 10 220
330 3 11 220
330 3 12 220
330 3 13 220
330 4 26 55
330 4 27 55
330 5 28 45
330 5 29 45
330 5 30 45
331 1 2 75
331 1 3 75
331 2 17 100
331 2 18 100
331 3 5 220
331 3 6 220
331 3 7 220
331 3 8 220
331 3 9 220
331 3 10 220
331 3 11 220
331 3 12 220
331 3 13 220
331 4 26 55
331 4 27 55
331 5 28 45
331 5 29 45
331 5 30 45
332 1 2 75
332 1 3 75
332 2 17 100
332 2 18 100
332 3 5 220
332 3 6 220
332 3 7 220
332 3 8 220
332 3 9 220
332 3 10 220
332 3 11 220
332 3 12 220
332 3 13 220
332 4 26 55
332 4 27 55
332 5 28 45
332 5 29 45
332 5 30 45
333 1 2 75
333 1 3 75
333 2 17 100
333 2 18 100
333 3 5 220
333 3 6 220
333 3 7 220
333 3 8 220
333 3 9 220
333 3 10 220
333 3 11 220
333 3 12 220
333 3 13 220
333 4 26 55
333 4 27 55
333 5 28 45
333 5 29 45
333 5 30 45
334 1 2 75
334 1 3 75
334 2 17 100
334 2 18 100
334 3 5 220
334 3 6 220
334 3 7 220
334 3 8 220
334 3 9 220
334 3 10 220
334 3 11 220
334 3 12 220
334 3 13 220
334 4 26 55
334 4 27 55
334 5 28 45
334 5 29 45
334 5 30 45
335 1 2 75
335 1 3 75
335 2 17 100
335 2 18 100
335 3 5 220
335 3 6 220
335 3 7 220
335 3 8 220
335 3 9 220
335 3 10 220
335 3 11 220
335 3 12 220
335 3 13 220
335 4 26 55
335 4 27 55
335 5 28 45
335 5 29 45
335 5 30 45
336 1 2 75
336 1 3 75
336 2 17 100
336 2 18 100
336 3 5 220
336 3 6 220
336 3 7 220
336 3 8 220
336 3 9 220
336 3 10 220
336 3 11 220
336 3 12 220
336 3 13 220
336 4 26 55
336 4 27 55
336 5 28 45
336 5 29 45
336 5 30 45
337 1 2 75
337 1 3 75
337 2 17 100
337 2 18 100
337 3 5 220
337 3 6 220
337 3 7 220
337 3 8 220
337 3 9 220
337 3 10 220
337 3 11 220
337 3 12 220
337 3 13 220
337 4 26 55
337 4 27 55
337 5 28 45
337 5 29 45
337 5 30 45
338 1 2 75
338 1 3 75
338 2 17 100
338 2 18 100
338 3 5 220
338 3 6 220
338 3 7 220
338 3 8 220
338 3 9 220
338 3 10 220
338 3 11 220
338 3 12 220
338 3 13 220
338 4 26 55
338 4 27 55
338 5 28 45
338 5 29 45
338 5 30 45
339 1 2 75
339 1 3 75
339 2 17 100
339 2 18 100
339 3 5 220
339 3 6 220
339 3 7 220
339 3 8 220
339 3 9 220
339 3 10 220
339 3 11 220
339 3 12 220
339 3 13 220
339 4 26 55
339 4 27 55
339 5 28 45
339 5 29 45
339 5 30 45
340 1 2 75
340 1 3 75
340 2 17 100
340 2 18 100
340 3 5 220
340 3 6 220
340 3 7 220
340 3 8 220
340 3 9 220
340 3 10 220
340 3 11 220
340 3 12 220
340 3 13 220
340 4 26 55
340 4 27 55
340 5 28 45
340 5 29 45
340 5 30 45
341 1 2 75
341 1 3 75
341 2 17 100
341 2 18 100
341 3 5 220
341 3 6 220
341 3 7 220
341 3 8 220
341 3 9 220
341 3 10 220
341 3 11 220
341 3 12 220
341 3 13 220
341 4 26 55
341 4 27 55
341 5 28 45
341 5 29 45
341 5 30 45
342 1 2 75
342 1 3 75
342 2 17 100
342 2 18 100
342 3 5 220
342 3 6 220
342 3 7 220
342 3 8 220
342 3 9 220
342 3 10 220
342 3 11 220
342 3 12 220
342 3 13 220
342 4 26 55
342 4 27 55
342 5 28 45
342 5 29 45
342 5 30 45
343 1 2 75
343 1 3 75
343 2 17 100
343 2 18 100
343 3 5 220
343 3 6 220
343 3 7 220
343 3 8 220
343 3 9 220
343 3 10 220
343 3 11 220
343 3 12 220
343 3 13 220
343 4 26 55
343 4 27 55
343 5 28 45
343 5 29 45
343 5 30 45
344 1 2 75
344 1 3 75
344 2 17 100
344 2 18 100
344 3 5 220
344 3 6 220
344 3 7 220
344 3 8 220
344 3 9 220
344 3 10 220
344 3 11 220
344 3 12 220
344 3 13 220
344 4 26 55
344 4 27 55
344 5 28 45
344 5 29 45
344 5 30 45
345 1 2 75
345 1 3 75
345 2 17 100
345 2 18 100
345 3 5 220
345 3 6 220
345 3 7 220
345 3 8 220
345 3 9 220
345 3 10 220
345 3 11 220
345 3 12 220
345 3 13 220
345 4 26 55
345 4 27 55
345 5 28 45
345 5 29 45
345 5 30 45
346 1 2 75
346 1 3 75
346 2 17 100
346 2 18 100
346 3 5 220
346 3 6 220
346 3 7 220
346 3 8 220
346 3 9 220
346 3 10 220
346 3 11 220
346 3 12 220
346 3 13 220
346 4 26 55
346 4 27 55
346 5 28 45
346 5 29 45
346 5 30 45
347 1 2 75
347 1 3 75
347 2 17 100
347 2 18 100
347 3 5 220
347 3 6 220
347 3 7 220
347 3 8 220
347 3 9 220
347 3 10 220
347 3 11 220
347 3 12 220
347 3 13 220
347 4 26 55
347 4 27 55
347 5 28 45
347 5 29 45
347 5 30 45
348 1 2 75
348 1 3 75
348 2 17 100
348 2 18 100
348 3 5 220
348 3 6 220
348 3 7 220
348 3 8 220
348 3 9 220
348 3 10 220
348 3 11 220
348 3 12 220
348 3 13 220
348 4 26 55
348 4 27 55
348 5 28 45
348 5 29 45
348 5 30 45
349 1 2 75
349 1 3 75
349 2 17 100
349 2 18 100
349 3 5 220
349 3 6 220
349 3 7 220
349 3 8 220
349 3 9 220
349 3 10 220
349 3 11 220
349 3 12 220
349 3 13 220
349 4 26 55
349 4 27 55
349 5 28 45
349 5 29 45
349 5 30 45
350 1 2 75
350 1 3 75
350 2 17 100
350 2 18 100
350 3 5 220
350 3 6 220
350 3 7 220
350 3 8 220
350 3 9 220
350 3 10 220
350 3 11 220
350 3 12 220
350 3 13 220
350 4 26 55
350 4 27 55
350 5 28 45
350 5 29 45
350 5 30 45
351 1 2 75
351 1 3 75
351 2 17 100
351 2 18 100
351 3 5 220
351 3 6 220
351 3 7 220
351 3 8 220
351 3 9 220
351 3 10 220
351 3 11 220
351 3 12 220
351 3 13 220
351 4 26 55
351 4 27 55
351 5 28 45
351 5 29 45
351 5 30 45
352 1 2 75
352 1 3 75
352 2 17 100
352 2 18 100
352 3 5 220
352 3 6 220
352 3 7 220
352 3 8 220
352 3 9 220
352 3 10 220
352 3 11 220
352 3 12 220
352 3 13 220
352 4 26 55
352 4 27 55
352 5 28 45
352 5 29 45
352 5 30 45
353 1 2 75
353 1 3 75
353 2 17 100
353 2 18 100
353 3 5 220
353 3 6 220
353 3 7 220
353 3 8 220
353 3 9 220
353 3 10 220
353 3 11 220
353 3 12 220
353 3 13 220
353 4 26 55
353 4 27 55
353 5 28 45
353 5 29 45
353 5 30 45
354 1 2 75
354 1 3 75
354 2 17 100
354 2 18 100
354 3 5 220
354 3 6 220
354 3 7 220
354 3 8 220
354 3 9 220
354 3 10 220
354 3 11 220
354 3 12 220
354 3 13 220
354 4 26 55
354 4 27 55
354 5 28 45
354 5 29 45
354 5 30 45
355 1 2 75
355 1 3 75
355 2 17 100
355 2 18 100
355 3 5 220
355 3 6 220
355 3 7 220
355 3 8 220
355 3 9 220
355 3 10 220
355 3 11 220
355 3 12 220
355 3 13 220
355 4 26 55
355 4 27 55
355 5 28 45
355 5 29 45
355 5 30 45
356 1 2 75
356 1 3 75
356 2 17 100
356 2 18 100
356 3 5 220
356 3 6 220
356 3 7 220
356 3 8 220
356 3 9 220
356 3 10 220
356 3 11 220
356 3 12 220
356 3 13 220
356 4 26 55
356 4 27 55
356 5 28 45
356 5 29 45
356 5 30 45
357 1 2 75
357 1 3 75
357 2 17 100
357 2 18 100
357 3 5 220
357 3 6 220
357 3 7 220
357 3 8 220
357 3 9 220
357 3 10 220
357 3 11 220
357 3 12 220
357 3 13 220
357 4 26 55
357 4 27 55
357 5 28 45
357 5 29 45
357 5 30 45
358 1 2 75
358 1 3 75
358 2 17 100
358 2 18 100
358 3 5 220
358 3 6 220
358 3 7 220
358 3 8 220
358 3 9 220
358 3 10 220
358 3 11 220
358 3 12 220
358 3 13 220
358 4 26 55
358 4 27 55
358 5 28 45
358 5 29 45
358 5 30 45
359 1 2 75
359 1 3 75
359 2 17 100
359 2 18 100
359 3 5 220
359 3 6 220
359 3 7 220
359 3 8 220
359 3 9 220
359 3 10 220
359 3 11 220
359 3 12 220
359 3 13 220
359 4 26 55
359 4 27 55
359 5 28 45
359 5 29 45
359 5 30 45
360 1 2 75
360 1 3 75
360 2 17 100
360 2 18 100
360 3 5 220
360 3 6 220
360 3 7 220
360 3 8 220
360 3 9 220
360 3 10 220
360 3 11 220
360 3 12 220
360 3 13 220
360 4 26 55
360 4 27 55
360 5 28 45
360 5 29 45
360 5 30 45
361 1 2 75
361 1 3 75
361 2 17 100
361 2 18 100
361 3 5 220
361 3 6 220
361 3 7 220
361 3 8 220
361 3 9 220
361 3 10 220
361 3 11 220
361 3 12 220
361 3 13 220
361 4 26 55
361 4 27 55
361 5 28 45
361 5 29 45
361 5 30 45
362 1 2 75
362 1 3 75
362 2 17 100
362 2 18 100
362 3 5 220
362 3 6 220
362 3 7 220
362 3 8 220
362 3 9 220
362 3 10 220
362 3 11 220
362 3 12 220
362 3 13 220
362 4 26 55
362 4 27 55
362 5 28 45
362 5 29 45
362 5 30 45
363 1 2 75
363 1 3 75
363 2 17 100
363 2 18 100
363 3 5 220
363 3 6 220
363 3 7 220
363 3 8 220
363 3 9 220
363 3 10 220
363 3 11 220
363 3 12 220
363 3 13 220
363 4 26 55
363 4 27 55
363 5 28 45
363 5 29 45
363 5 30 45
364 1 2 75
364 1 3 75
364 2 17 100
364 2 18 100
364 3 5 220
364 3 6 220
364 3 7 220
364 3 8 220
364 3 9 220
364 3 10 220
364 3 11 220
364 3 12 220
364 3 13 220
364 4 26 55
364 4 27 55
364 5 28 45
364 5 29 45
364 5 30 45
365 1 2 75
365 1 3 75
365 2 17 100
365 2 18 100
365 3 5 220
365 3 6 220
365 3 7 220
365 3 8 220
365 3 9 220
365 3 10 220
365 3 11 220
365 3 12 220
365 3 13 220
365 4 26 55
365 4 27 55
365 5 28 45
365 5 29 45
365 5 30 45
366 1 2 75
366 1 3 75
366 2 17 100
366 2 18 100
366 3 5 220
366 3 6 220
366 3 7 220
366 3 8 220
366 3 9 220
366 3 10 220
366 3 11 220
366 3 12 220
366 3 13 220
366 4 26 55
366 4 27 55
366 5 28 45
366 5 29 45
366 5 30 45
367 1 2 75
367 1 3 75
367 2 17 100
367 2 18 100
367 3 5 220
367 3 6 220
367 3 7 220
367 3 8 220
367 3 9 220
367 3 10 220
367 3 11 220
367 3 12 220
367 3 13 220
367 4 26 55
367 4 27 55
367 5 28 45
367 5 29 45
367 5 30 45
368 1 2 75
368 1 3 75
368 2 17 100
368 2 18 100
368 3 5 220
368 3 6 220
368 3 7 220
368 3 8 220
368 3 9 220
368 3 10 220
368 3 11 220
368 3 12 220
368 3 13 220
368 4 26 55
368 4 27 55
368 5 28 45
368 5 29 45
368 5 30 45
369 1 2 75
369 1 3 75
369 2 17 100
369 2 18 100
369 3 5 220
369 3 6 220
369 3 7 220
369 3 8 220
369 3 9 220
369 3 10 220
369 3 11 220
369 3 12 220
369 3 13 220
369 4 26 55
369 4 27 55
369 5 28 45
369 5 29 45
369 5 30 45
370 1 2 75
370 1 3 75
370 2 17 100
370 2 18 100
370 3 5 220
370 3 6 220
370 3 7 220
370 3 8 220
370 3 9 220
370 3 10 220
370 3 11 220
370 3 12 220
370 3 13 220
370 4 26 55
370 4 27 55
370 5 28 45
370 5 29 45
370 5 30 45
371 1 2 75
371 1 3 75
371 2 17 100
371 2 18 100
371 3 5 220
371 3 6 220
371 3 7 220
371 3 8 220
371 3 9 220
371 3 10 220
371 3 11 220
371 3 12 220
371 3 13 220
371 4 26 55
371 4 27 55
371 5 28 45
371 5 29 45
371 5 30 45
372 1 2 75
372 1 3 75
372 2 17 100
372 2 18 100
372 3 5 220
372 3 6 220
372 3 7 220
372 3 8 220
372 3 9 220
372 3 10 220
372 3 11 220
372 3 12 220
372 3 13 220
372 4 26 55
372 4 27 55
372 5 28 45
372 5 29 45
372 5 30 45
373 1 2 75
373 1 3 75
373 2 17 100
373 2 18 100
373 3 5 220
373 3 6 220
373 3 7 220
373 3 8 220
373 3 9 220
373 3 10 220
373 3 11 220
373 3 12 220
373 3 13 220
373 4 26 55
373 4 27 55
373 5 28 45
373 5 29 45
373 5 30 45
374 1 2 75
374 1 3 75
374 2 17 100
374 2 18 100
374 3 5 220
374 3 6 220
374 3 7 220
374 3 8 220
374 3 9 220
374 3 10 220
374 3 11 220
374 3 12 220
374 3 13 220
374 4 26 55
374 4 27 55
374 5 28 45
374 5 29 45
374 5 30 45
375 1 2 75
375 1 3 75
375 2 17 100
375 2 18 100
375 3 5 220
375 3 6 220
375 3 7 220
375 3 8 220
375 3 9 220
375 3 10 220
375 3 11 220
375 3 12 220
375 3 13 220
375 4 26 55
375 4 27 55
375 5 28 45
375 5 29 45
375 5 30 45
376 1 2 75
376 1 3 75
376 2 17 100
376 2 18 100
376 3 5 220
376 3 6 220
376 3 7 220
376 3 8 220
376 3 9 220
376 3 10 220
376 3 11 220
376 3 12 220
376 3 13 220
376 4 26 55
376 4 27 55
376 5 28 45
376 5 29 45
376 5 30 45
377 1 2 75
377 1 3 75
377 2 17 100
377 2 18 100
377 3 5 220
377 3 6 220
377 3 7 220
377 3 8 220
377 3 9 220
377 3 10 220
377 3 11 220
377 3 12 220
377 3 13 220
377 4 26 55
377 4 27 55
377 5 28 45
377 5 29 45
377 5 30 45
378 1 2 75
378 1 3 75
378 2 17 100
378 2 18 100
378 3 5 220
378 3 6 220
378 3 7 220
378 3 8 220
378 3 9 220
378 3 10 220
378 3 11 220
378 3 12 220
378 3 13 220
378 4 26 55
378 4 27 55
378 5 28 45
378 5 29 45
378 5 30 45
379 1 2 75
379 1 3 75
379 2 17 100
379 2 18 100
379 3 5 220
379 3 6 220
379 3 7 220
379 3 8 220
379 3 9 220
379 3 10 220
379 3 11 220
379 3 12 220
379 3 13 220
379 4 26 55
379 4 27 55
379 5 28 45
379 5 29 45
379 5 30 45
380 1 2 75
380 1 3 75
380 2 17 100
380 2 18 100
380 3 5 220
380 3 6 220
380 3 7 220
380 3 8 220
380 3 9 220
380 3 10 220
380 3 11 220
380 3 12 220
380 3 13 220
380 4 26 55
380 4 27 55
380 5 28 45
380 5 29 45
380 5 30 45
381 1 2 75
381 1 3 75
381 2 17 100
381 2 18 100
381 3 5 220
381 3 6 220
381 3 7 220
381 3 8 220
381 3 9 220
381 3 10 220
381 3 11 220
381 3 12 220
381 3 13 220
381 4 26 55
381 4 27 55
381 5 28 45
381 5 29 45
381 5 30 45
382 1 2 75
382 1 3 75
382 2 17 100
382 2 18 100
382 3 5 220
382 3 6 220
382 3 7 220
382 3 8 220
382 3 9 220
382 3 10 220
382 3 11 220
382 3 12 220
382 3 13 220
382 4 26 55
382 4 27 55
382 5 28 45
382 5 29 45
382 5 30 45
383 1 2 75
383 1 3 75
383 2 17 100
383 2 18 100
383 3 5 220
383 3 6 220
383 3 7 220
383 3 8 220
383 3 9 220
383 3 10 220
383 3 11 220
383 3 12 220
383 3 13 220
383 4 26 55
383 4 27 55
383 5 28 45
383 5 29 45
383 5 30 45
384 1 2 75
384 1 3 75
384 2 17 100
384 2 18 100
384 3 5 220
384 3 6 220
384 3 7 220
384 3 8 220
384 3 9 220
384 3 10 220
384 3 11 220
384 3 12 220
384 3 13 220
384 4 26 55
384 4 27 55
384 5 28 45
384 5 29 45
384 5 30 45
385 1 2 75
385 1 3 75
385 2 17 100
385 2 18 100
385 3 5 220
385 3 6 220
385 3 7 220
385 3 8 220
385 3 9 220
385 3 10 220
385 3 11 220
385 3 12 220
385 3 13 220
385 4 26 55
385 4 27 55
385 5 28 45
385 5 29 45
385 5 30 45
386 1 2 75
386 1 3 75
386 2 17 100
386 2 18 100
386 3 5 220
386 3 6 220
386 3 7 220
386 3 8 220
386 3 9 220
386 3 10 220
386 3 11 220
386 3 12 220
386 3 13 220
386 4 26 55
386 4 27 55
386 5 28 45
386 5 29 45
386 5 30 45
387 1 2 75
387 1 3 75
387 2 17 100
387 2 18 100
387 3 5 220
387 3 6 220
387 3 7 220
387 3 8 220
387 3 9 220
387 3 10 220
387 3 11 220
387 3 12 220
387 3 13 220
387 4 26 55
387 4 27 55
387 5 28 45
387 5 29 45
387 5 30 45
388 1 2 75
388 1 3 75
388 2 17 100
388 2 18 100
388 3 5 220
388 3 6 220
388 3 7 220
388 3 8 220
388 3 9 220
388 3 10 220
388 3 11 220
388 3 12 220
388 3 13 220
388 4 26 55
388 4 27 55
388 5 28 45
388 5 29 45
388 5 30 45
389 1 2 75
389 1 3 75
389 2 17 100
389 2 18 100
389 3 5 220
389 3 6 220
389 3 7 220
389 3 8 220
389 3 9 220
389 3 10 220
389 3 11 220
389 3 12 220
389 3 13 220
389 4 26 55
389 4 27 55
389 5 28 45
389 5 29 45
389 5 30 45
390 1 2 75
390 1 3 75
390 2 17 100
390 2 18 100
390 3 5 220
390 3 6 220
390 3 7 220
390 3 8 220
390 3 9 220
390 3 10 220
390 3 11 220
390 3 12 220
390 3 13 220
390 4 26 55
390 4 27 55
390 5 28 45
390 5 29 45
390 5 30 45
391 1 2 75
391 1 3 75
391 2 17 100
391 2 18 100
391 3 5 220
391 3 6 220
391 3 7 220
391 3 8 220
391 3 9 220
391 3 10 220
391 3 11 220
391 3 12 220
391 3 13 220
391 4 26 55
391 4 27 55
391 5 28 45
391 5 29 45
391 5 30 45
392 1 2 75
392 1 3 75
392 2 17 100
392 2 18 100
392 3 5 220
392 3 6 220
392 3 7 220
392 3 8 220
392 3 9 220
392 3 10 220
392 3 11 220
392 3 12 220
392 3 13 220
392 4 26 55
392 4 27 55
392 5 28 45
392 5 29 45
392 5 30 45
393 1 2 75
393 1 3 75
393 2 17 100
393 2 18 100
393 3 5 220
393 3 6 220
393 3 7 220
393 3 8 220
393 3 9 220
393 3 10 220
393 3 11 220
393 3 12 220
393 3 13 220
393 4 26 55
393 4 27 55
393 5 28 45
393 5 29 45
393 5 30 45
394 1 2 75
394 1 3 75
394 2 17 100
394 2 18 100
394 3 5 220
394 3 6 220
394 3 7 220
394 3 8 220
394 3 9 220
394 3 10 220
394 3 11 220
394 3 12 220
394 3 13 220
394 4 26 55
394 4 27 55
394 5 28 45
394 5 29 45
394 5 30 45
395 1 2 75
395 1 3 75
395 2 17 100
395 2 18 100
395 3 5 220
395 3 6 220
395 3 7 220
395 3 8 220
395 3 9 220
395 3 10 220
395 3 11 220
395 3 12 220
395 3 13 220
395 4 26 55
395 4 27 55
395 5 28 45
395 5 29 45
395 5 30 45
396 1 2 75
396 1 3 75
396 2 17 100
396 2 18 100
396 3 5 220
396 3 6 220
396 3 7 220
396 3 8 220
396 3 9 220
396 3 10 220
396 3 11 220
396 3 12 220
396 3 13 220
396 4 26 55
396 4 27 55
396 5 28 45
396 5 29 45
396 5 30 45
397 1 2 75
397 1 3 75
397 2 17 100
397 2 18 100
397 3 5 220
397 3 6 220
397 3 7 220
397 3 8 220
397 3 9 220
397 3 10 220
397 3 11 220
397 3 12 220
397 3 13 220
397 4 26 55
397 4 27 55
397 5 28 45
397 5 29 45
397 5 30 45
398 1 2 75
398 1 3 75
398 2 17 100
398 2 18 100
398 3 5 220
398 3 6 220
398 3 7 220
398 3 8 220
398 3 9 220
398 3 10 220
398 3 11 220
398 3 12 220
398 3 13 220
398 4 26 55
398 4 27 55
398 5 28 45
398 5 29 45
398 5 30 45
399 1 2 75
399 1 3 75
399 2 17 100
399 2 18 100
399 3 5 220
399 3 6 220
399 3 7 220
399 3 8 220
399 3 9 220
399 3 10 220
399 3 11 220
399 3 12 220
399 3 13 220
399 4 26 55
399 4 27 55
399 5 28 45
399 5 29 45
399 5 30 45
400 1 2 75
400 1 3 75
400 2 17 100
400 2 18 100
400 3 5 220
400 3 6 220
400 3 7 220
400 3 8 220
400 3 9 220
400 3 10 220
400 3 11 220
400 3 12 220
400 3 13 220
400 4 26 55
400 4 27 55
400 5 28 45
400 5 29 45
400 5 30 45
401 1 2 75
401 1 3 75
401 2 17 100
401 2 18 100
401 3 5 220
401 3 6 220
401 3 7 220
401 3 8 220
401 3 9 220
401 3 10 220
401 3 11 220
401 3 12 220
401 3 13 220
401 4 26 55
401 4 27 55
401 5 28 45
401 5 29 45
401 5 30 45
402 1 2 75
402 1 3 75
402 2 17 100
402 2 18 100
402 3 5 220
402 3 6 220
402 3 7 220
402 3 8 220
402 3 9 220
402 3 10 220
402 3 11 220
402 3 12 220
402 3 13 220
402 4 26 55
402 4 27 55
402 5 28 45
402 5 29 45
402 5 30 45
403 1 2 75
403 1 3 75
403 2 17 100
403 2 18 100
403 3 5 220
403 3 6 220
403 3 7 220
403 3 8 220
403 3 9 220
403 3 10 220
403 3 11 220
403 3 12 220
403 3 13 220
403 4 26 55
403 4 27 55
403 5 28 45
403 5 29 45
403 5 30 45
404 1 2 75
404 1 3 75
404 2 17 100
404 2 18 100
404 3 5 220
404 3 6 220
404 3 7 220
404 3 8 220
404 3 9 220
404 3 10 220
404 3 11 220
404 3 12 220
404 3 13 220
404 4 26 55
404 4 27 55
404 5 28 45
404 5 29 45
404 5 30 45
405 1 2 75
405 1 3 75
405 2 17 100
405 2 18 100
405 3 5 220
405 3 6 220
405 3 7 220
405 3 8 220
405 3 9 220
405 3 10 220
405 3 11 220
405 3 12 220
405 3 13 220
405 4 26 55
405 4 27 55
405 5 28 45
405 5 29 45
405 5 30 45
406 1 2 75
406 1 3 75
406 2 17 100
406 2 18 100
406 3 5 220
406 3 6 220
406 3 7 220
406 3 8 220
406 3 9 220
406 3 10 220
406 3 11 220
406 3 12 220
406 3 13 220
406 4 26 55
406 4 27 55
406 5 28 45
406 5 29 45
406 5 30 45
407 1 2 75
407 1 3 75
407 2 17 100
407 2 18 100
407 3 5 220
407 3 6 220
407 3 7 220
407 3 8 220
407 3 9 220
407 3 10 220
407 3 11 220
407 3 12 220
407 3 13 220
407 4 26 55
407 4 27 55
407 5 28 45
407 5 29 45
407 5 30 45
408 1 2 75
408 1 3 75
408 2 17 100
408 2 18 100
408 3 5 220
408 3 6 220
408 3 7 220
408 3 8 220
408 3 9 220
408 3 10 220
408 3 11 220
408 3 12 220
408 3 13 220
408 4 26 55
408 4 27 55
408 5 28 45
408 5 29 45
408 5 30 45
409 1 2 75
409 1 3 75
409 2 17 100
409 2 18 100
409 3 5 220
409 3 6 220
409 3 7 220
409 3 8 220
409 3 9 220
409 3 10 220
409 3 11 220
409 3 12 220
409 3 13 220
409 4 26 55
409 4 27 55
409 5 28 45
409 5 29 45
409 5 30 45
410 1 2 75
410 1 3 75
410 2 17 100
410 2 18 100
410 3 5 220
410 3 6 220
410 3 7 220
410 3 8 220
410 3 9 220
410 3 10 220
410 3 11 220
410 3 12 220
410 3 13 220
410 4 26 55
410 4 27 55
410 5 28 45
410 5 29 45
410 5 30 45
411 1 2 75
411 1 3 75
411 2 17 100
411 2 18 100
411 3 5 220
411 3 6 220
411 3 7 220
411 3 8 220
411 3 9 220
411 3 10 220
411 3 11 220
411 3 12 220
411 3 13 220
411 4 26 55
411 4 27 55
411 5 28 45
411 5 29 45
411 5 30 45
412 1 2 75
412 1 3 75
412 2 17 100
412 2 18 100
412 3 5 220
412 3 6 220
412 3 7 220
412 3 8 220
412 3 9 220
412 3 10 220
412 3 11 220
412 3 12 220
412 3 13 220
412 4 26 55
412 4 27 55
412 5 28 45
412 5 29 45
412 5 30 45
413 1 2 75
413 1 3 75
413 2 17 100
413 2 18 100
413 3 5 220
413 3 6 220
413 3 7 220
413 3 8 220
413 3 9 220
413 3 10 220
413 3 11 220
413 3 12 220
413 3 13 220
413 4 26 55
413 4 27 55
413 5 28 45
413 5 29 45
413 5 30 45
414 1 2 75
414 1 3 75
414 2 17 100
414 2 18 100
414 3 5 220
414 3 6 220
414 3 7 220
414 3 8 220
414 3 9 220
414 3 10 220
414 3 11 220
414 3 12 220
414 3 13 220
414 4 26 55
414 4 27 55
414 5 28 45
414 5 29 45
414 5 30 45
415 1 2 75
415 1 3 75
415 2 17 100
415 2 18 100
415 3 5 220
415 3 6 220
415 3 7 220
415 3 8 220
415 3 9 220
415 3 10 220
415 3 11 220
415 3 12 220
415 3 13 220
415 4 26 55
415 4 27 55
415 5 28 45
415 5 29 45
415 5 30 45
416 1 2 75
416 1 3 75
416 2 17 100
416 2 18 100
416 3 5 220
416 3 6 220
416 3 7 220
416 3 8 220
416 3 9 220
416 3 10 220
416 3 11 220
416 3 12 220
416 3 13 220
416 4 26 55
416 4 27 55
416 5 28 45
416 5 29 45
416 5 30 45
417 1 2 75
417 1 3 75
417 2 17 100
417 2 18 100
417 3 5 220
417 3 6 220
417 3 7 220
417 3 8 220
417 3 9 220
417 3 10 220
417 3 11 220
417 3 12 220
417 3 13 220
417 4 26 55
417 4 27 55
417 5 28 45
417 5 29 45
417 5 30 45
418 1 2 75
418 1 3 75
418 2 17 100
418 2 18 100
418 3 5 220
418 3 6 220
418 3 7 220
418 3 8 220
418 3 9 220
418 3 10 220
418 3 11 220
418 3 12 220
418 3 13 220
418 4 26 55
418 4 27 55
418 5 28 45
418 5 29 45
418 5 30 45
419 1 2 75
419 1 3 75
419 2 17 100
419 2 18 100
419 3 5 220
419 3 6 220
419 3 7 220
419 3 8 220
419 3 9 220
419 3 10 220
419 3 11 220
419 3 12 220
419 3 13 220
419 4 26 55
419 4 27 55
419 5 28 45
419 5 29 45
419 5 30 45
420 1 2 75
420 1 3 75
420 2 17 100
420 2 18 100
420 3 5 220
420 3 6 220
420 3 7 220
420 3 8 220
420 3 9 220
420 3 10 220
420 3 11 220
420 3 12 220
420 3 13 220
420 4 26 55
420 4 27 55
420 5 28 45
420 5 29 45
420 5 30 45
421 1 2 75
421 1 3 75
421 2 17 100
421 2 18 100
421 3 5 220
421 3 6 220
421 3 7 220
421 3 8 220
421 3 9 220
421 3 10 220
421 3 11 220
421 3 12 220
421 3 13 220
421 4 26 55
421 4 27 55
421 5 28 45
421 5 29 45
421 5 30 45
422 1 2 75
422 1 3 75
422 2 17 100
422 2 18 100
422 3 5 220
422 3 6 220
422 3 7 220
422 3 8 220
422 3 9 220
422 3 10 220
422 3 11 220
422 3 12 220
422 3 13 220
422 4 26 55
422 4 27 55
422 5 28 45
422 5 29 45
422 5 30 45
423 1 2 75
423 1 3 75
423 2 17 100
423 2 18 100
423 3 5 220
423 3 6 220
423 3 7 220
423 3 8 220
423 3 9 220
423 3 10 220
423 3 11 220
423 3 12 220
423 3 13 220
423 4 26 55
423 4 27 55
423 5 28 45
423 5 29 45
423 5 30 45
424 1 2 75
424 1 3 75
424 2 17 100
424 2 18 100
424 3 5 220
424 3 6 220
424 3 7 220
424 3 8 220
424 3 9 220
424 3 10 220
424 3 11 220
424 3 12 220
424 3 13 220
424 4 26 55
424 4 27 55
424 5 28 45
424 5 29 45
424 5 30 45
425 1 2 75
425 1 3 75
425 2 17 100
425 2 18 100
425 3 5 220
425 3 6 220
425 3 7 220
425 3 8 220
425 3 9 220
425 3 10 220
425 3 11 220
425 3 12 220
425 3 13 220
425 4 26 55
425 4 27 55
425 5 28 45
425 5 29 45
425 5 30 45
426 1 2 75
426 1 3 75
426 2 17 100
426 2 18 100
426 3 5 220
426 3 6 220
426 3 7 220
426 3 8 220
426 3 9 220
426 3 10 220
426 3 11 220
426 3 12 220
426 3 13 220
426 4 26 55
426 4 27 55
426 5 28 45
426 5 29 45
426 5 30 45
427 1 2 75
427 1 3 75
427 2 17 100
427 2 18 100
427 3 5 220
427 3 6 220
427 3 7 220
427 3 8 220
427 3 9 220
427 3 10 220
427 3 11 220
427 3 12 220
427 3 13 220
427 4 26 55
427 4 27 55
427 5 28 45
427 5 29 45
427 5 30 45
428 1 2 75
428 1 3 75
428 2 17 100
428 2 18 100
428 3 5 220
428 3 6 220
428 3 7 220
428 3 8 220
428 3 9 220
428 3 10 220
428 3 11 220
428 3 12 220
428 3 13 220
428 4 26 55
428 4 27 55
428 5 28 45
428 5 29 45
428 5 30 45
429 1 2 75
429 1 3 75
429 2 17 100
429 2 18 100
429 3 5 220
429 3 6 220
429 3 7 220
429 3 8 220
429 3 9 220
429 3 10 220
429 3 11 220
429 3 12 220
429 3 13 220
429 4 26 55
429 4 27 55
429 5 28 45
429 5 29 45
429 5 30 45
430 1 2 75
430 1 3 75
430 2 17 100
430 2 18 100
430 3 5 220
430 3 6 220
430 3 7 220
430 3 8 220
430 3 9 220
430 3 10 220
430 3 11 220
430 3 12 220
430 3 13 220
430 4 26 55
430 4 27 55
430 5 28 45
430 5 29 45
430 5 30 45
431 1 2 75
431 1 3 75
431 2 17 100
431 2 18 100
431 3 5 220
431 3 6 220
431 3 7 220
431 3 8 220
431 3 9 220
431 3 10 220
431 3 11 220
431 3 12 220
431 3 13 220
431 4 26 55
431 4 27 55
431 5 28 45
431 5 29 45
431 5 30 45
432 1 2 75
432 1 3 75
432 2 17 100
432 2 18 100
432 3 5 220
432 3 6 220
432 3 7 220
432 3 8 220
432 3 9 220
432 3 10 220
432 3 11 220
432 3 12 220
432 3 13 220
432 4 26 55
432 4 27 55
432 5 28 45
432 5 29 45
432 5 30 45
433 1 2 75
433 1 3 75
433 2 17 100
433 2 18 100
433 3 5 220
433 3 6 220
433 3 7 220
433 3 8 220
433 3 9 220
433 3 10 220
433 3 11 220
433 3 12 220
433 3 13 220
433 4 26 55
433 4 27 55
433 5 28 45
433 5 29 45
433 5 30 45
434 1 2 75
434 1 3 75
434 2 17 100
434 2 18 100
434 3 5 220
434 3 6 220
434 3 7 220
434 3 8 220
434 3 9 220
434 3 10 220
434 3 11 220
434 3 12 220
434 3 13 220
434 4 26 55
434 4 27 55
434 5 28 45
434 5 29 45
434 5 30 45
435 1 2 75
435 1 3 75
435 2 17 100
435 2 18 100
435 3 5 220
435 3 6 220
435 3 7 220
435 3 8 220
435 3 9 220
435 3 10 220
435 3 11 220
435 3 12 220
435 3 13 220
435 4 26 55
435 4 27 55
435 5 28 45
435 5 29 45
435 5 30 45
436 1 2 75
436 1 3 75
436 2 17 100
436 2 18 100
436 3 5 220
436 3 6 220
436 3 7 220
436 3 8 220
436 3 9 220
436 3 10 220
436 3 11 220
436 3 12 220
436 3 13 220
436 4 26 55
436 4 27 55
436 5 28 45
436 5 29 45
436 5 30 45
437 1 2 75
437 1 3 75
437 2 17 100
437 2 18 100
437 3 5 220
437 3 6 220
437 3 7 220
437 3 8 220
437 3 9 220
437 3 10 220
437 3 11 220
437 3 12 220
437 3 13 220
437 4 26 55
437 4 27 55
437 5 28 45
437 5 29 45
437 5 30 45
438 1 2 75
438 1 3 75
438 2 17 100
438 2 18 100
438 3 5 220
438 3 6 220
438 3 7 220
438 3 8 220
438 3 9 220
438 3 10 220
438 3 11 220
438 3 12 220
438 3 13 220
438 4 26 55
438 4 27 55
438 5 28 45
438 5 29 45
438 5 30 45
439 1 2 75
439 1 3 75
439 2 17 100
439 2 18 100
439 3 5 220
439 3 6 220
439 3 7 220
439 3 8 220
439 3 9 220
439 3 10 220
439 3 11 220
439 3 12 220
439 3 13 220
439 4 26 55
439 4 27 55
439 5 28 45
439 5 29 45
439 5 30 45
440 1 2 75
440 1 3 75
440 2 17 100
440 2 18 100
440 3 5 220
440 3 6 220
440 3 7 220
440 3 8 220
440 3 9 220
440 3 10 220
440 3 11 220
440 3 12 220
440 3 13 220
440 4 26 55
440 4 27 55
440 5 28 45
440 5 29 45
440 5 30 45
441 1 2 75
441 1 3 75
441 2 17 100
441 2 18 100
441 3 5 220
441 3 6 220
441 3 7 220
441 3 8 220
441 3 9 220
441 3 10 220
441 3 11 220
441 3 12 220
441 3 13 220
441 4 26 55
441 4 27 55
441 5 28 45
441 5 29 45
441 5 30 45
442 1 2 75
442 1 3 75
442 2 17 100
442 2 18 100
442 3 5 220
442 3 6 220
442 3 7 220
442 3 8 220
442 3 9 220
442 3 10 220
442 3 11 220
442 3 12 220
442 3 13 220
442 4 26 55
442 4 27 55
442 5 28 45
442 5 29 45
442 5 30 45
443 1 2 75
443 1 3 75
443 2 17 100
443 2 18 100
443 3 5 220
443 3 6 220
443 3 7 220
443 3 8 220
443 3 9 220
443 3 10 220
443 3 11 220
443 3 12 220
443 3 13 220
443 4 26 55
443 4 27 55
443 5 28 45
443 5 29 45
443 5 30 45
444 1 2 75
444 1 3 75
444 2 17 100
444 2 18 100
444 3 5 220
444 3 6 220
444 3 7 220
444 3 8 220
444 3 9 220
444 3 10 220
444 3 11 220
444 3 12 220
444 3 13 220
444 4 26 55
444 4 27 55
444 5 28 45
444 5 29 45
444 5 30 45
445 1 2 75
445 1 3 75
445 2 17 100
445 2 18 100
445 3 5 220
445 3 6 220
445 3 7 220
445 3 8 220
445 3 9 220
445 3 10 220
445 3 11 220
445 3 12 220
445 3 13 220
445 4 26 55
445 4 27 55
445 5 28 45
445 5 29 45
445 5 30 45
446 1 2 75
446 1 3 75
446 2 17 100
446 2 18 100
446 3 5 220
446 3 6 220
446 3 7 220
446 3 8 220
446 3 9 220
446 3 10 220
446 3 11 220
446 3 12 220
446 3 13 220
446 4 26 55
446 4 27 55
446 5 28 45
446 5 29 45
446 5 30 45
447 1 2 75
447 1 3 75
447 2 17 100
447 2 18 100
447 3 5 220
447 3 6 220
447 3 7 220
447 3 8 220
447 3 9 220
447 3 10 220
447 3 11 220
447 3 12 220
447 3 13 220
447 4 26 55
447 4 27 55
447 5 28 45
447 5 29 45
447 5 30 45
448 1 2 75
448 1 3 75
448 2 17 100
448 2 18 100
448 3 5 220
448 3 6 220
448 3 7 220
448 3 8 220
448 3 9 220
448 3 10 220
448 3 11 220
448 3 12 220
448 3 13 220
448 4 26 55
448 4 27 55
448 5 28 45
448 5 29 45
448 5 30 45
449 1 2 75
449 1 3 75
449 2 17 100
449 2 18 100
449 3 5 220
449 3 6 220
449 3 7 220
449 3 8 220
449 3 9 220
449 3 10 220
449 3 11 220
449 3 12 220
449 3 13 220
449 4 26 55
449 4 27 55
449 5 28 45
449 5 29 45
449 5 30 45
450 1 2 75
450 1 3 75
450 2 17 100
450 2 18 100
450 3 5 220
450 3 6 220
450 3 7 220
450 3 8 220
450 3 9 220
450 3 10 220
450 3 11 220
450 3 12 220
450 3 13 220
450 4 26 55
450 4 27 55
450 5 28 45
450 5 29 45
450 5 30 45
451 1 2 75
451 1 3 75
451 2 17 100
451 2 18 100
451 3 5 220
451 3 6 220
451 3 7 220
451 3 8 220
451 3 9 220
451 3 10 220
451 3 11 220
451 3 12 220
451 3 13 220
451 4 26 55
451 4 27 55
451 5 28 45
451 5 29 45
451 5 30 45
452 1 2 75
452 1 3 75
452 2 17 100
452 2 18 100
452 3 5 220
452 3 6 220
452 3 7 220
452 3 8 220
452 3 9 220
452 3 10 220
452 3 11 220
452 3 12 220
452 3 13 220
452 4 26 55
452 4 27 55
452 5 28 45
452 5 29 45
452 5 30 45
453 1 2 75
453 1 3 75
453 2 17 100
453 2 18 100
453 3 5 220
453 3 6 220
453 3 7 220
453 3 8 220
453 3 9 220
453 3 10 220
453 3 11 220
453 3 12 220
453 3 13 220
453 4 26 55
453 4 27 55
453 5 28 45
453 5 29 45
453 5 30 45
454 1 2 75
454 1 3 75
454 2 17 100
454 2 18 100
454 3 5 220
454 3 6 220
454 3 7 220
454 3 8 220
454 3 9 220
454 3 10 220
454 3 11 220
454 3 12 220
454 3 13 220
454 4 26 55
454 4 27 55
454 5 28 45
454 5 29 45
454 5 30 45
455 1 2 75
455 1 3 75
455 2 17 100
455 2 18 100
455 3 5 220
455 3 6 220
455 3 7 220
455 3 8 220
455 3 9 220
455 3 10 220
455 3 11 220
455 3 12 220
455 3 13 220
455 4 26 55
455 4 27 55
455 5 28 45
455 5 29 45
455 5 30 45
456 1 2 75
456 1 3 75
456 2 17 100
456 2 18 100
456 3 5 220
456 3 6 220
456 3 7 220
456 3 8 220
456 3 9 220
456 3 10 220
456 3 11 220
456 3 12 220
456 3 13 220
456 4 26 55
456 4 27 55
456 5 28 45
456 5 29 45
456 5 30 45
457 1 2 75
457 1 3 75
457 2 17 100
457 2 18 100
457 3 5 220
457 3 6 220
457 3 7 220
457 3 8 220
457 3 9 220
457 3 10 220
457 3 11 220
457 3 12 220
457 3 13 220
457 4 26 55
457 4 27 55
457 5 28 45
457 5 29 45
457 5 30 45
458 1 2 75
458 1 3 75
458 2 17 100
458 2 18 100
458 3 5 220
458 3 6 220
458 3 7 220
458 3 8 220
458 3 9 220
458 3 10 220
458 3 11 220
458 3 12 220
458 3 13 220
458 4 26 55
458 4 27 55
458 5 28 45
458 5 29 45
458 5 30 45
459 1 2 75
459 1 3 75
459 2 17 100
459 2 18 100
459 3 5 220
459 3 6 220
459 3 7 220
459 3 8 220
459 3 9 220
459 3 10 220
459 3 11 220
459 3 12 220
459 3 13 220
459 4 26 55
459 4 27 55
459 5 28 45
459 5 29 45
459 5 30 45
460 1 2 75
460 1 3 75
460 2 17 100
460 2 18 100
460 3 5 220
460 3 6 220
460 3 7 220
460 3 8 220
460 3 9 220
460 3 10 220
460 3 11 220
460 3 12 220
460 3 13 220
460 4 26 55
460 4 27 55
460 5 28 45
460 5 29 45
460 5 30 45
461 1 2 75
461 1 3 75
461 2 17 100
461 2 18 100
461 3 5 220
461 3 6 220
461 3 7 220
461 3 8 220
461 3 9 220
461 3 10 220
461 3 11 220
461 3 12 220
461 3 13 220
461 4 26 55
461 4 27 55
461 5 28 45
461 5 29 45
461 5 30 45
462 1 2 75
462 1 3 75
462 2 17 100
462 2 18 100
462 3 5 220
462 3 6 220
462 3 7 220
462 3 8 220
462 3 9 220
462 3 10 220
462 3 11 220
462 3 12 220
462 3 13 220
462 4 26 55
462 4 27 55
462 5 28 45
462 5 29 45
462 5 30 45
463 1 2 75
463 1 3 75
463 2 17 100
463 2 18 100
463 3 5 220
463 3 6 220
463 3 7 220
463 3 8 220
463 3 9 220
463 3 10 220
463 3 11 220
463 3 12 220
463 3 13 220
463 4 26 55
463 4 27 55
463 5 28 45
463 5 29 45
463 5 30 45
464 1 2 75
464 1 3 75
464 2 17 100
464 2 18 100
464 3 5 220
464 3 6 220
464 3 7 220
464 3 8 220
464 3 9 220
464 3 10 220
464 3 11 220
464 3 12 220
464 3 13 220
464 4 26 55
464 4 27 55
464 5 28 45
464 5 29 45
464 5 30 45
465 1 2 75
465 1 3 75
465 2 17 100
465 2 18 100
465 3 5 220
465 3 6 220
465 3 7 220
465 3 8 220
465 3 9 220
465 3 10 220
465 3 11 220
465 3 12 220
465 3 13 220
465 4 26 55
465 4 27 55
465 5 28 45
465 5 29 45
465 5 30 45
466 1 2 75
466 1 3 75
466 2 17 100
466 2 18 100
466 3 5 220
466 3 6 220
466 3 7 220
466 3 8 220
466 3 9 220
466 3 10 220
466 3 11 220
466 3 12 220
466 3 13 220
466 4 26 55
466 4 27 55
466 5 28 45
466 5 29 45
466 5 30 45
467 1 2 75
467 1 3 75
467 2 17 100
467 2 18 100
467 3 5 220
467 3 6 220
467 3 7 220
467 3 8 220
467 3 9 220
467 3 10 220
467 3 11 220
467 3 12 220
467 3 13 220
467 4 26 55
467 4 27 55
467 5 28 45
467 5 29 45
467 5 30 45
468 1 2 75
468 1 3 75
468 2 17 100
468 2 18 100
468 3 5 220
468 3 6 220
468 3 7 220
468 3 8 220
468 3 9 220
468 3 10 220
468 3 11 220
468 3 12 220
468 3 13 220
468 4 26 55
468 4 27 55
468 5 28 45
468 5 29 45
468 5 30 45
469 1 2 75
469 1 3 75
469 2 17 100
469 2 18 100
469 3 5 220
469 3 6 220
469 3 7 220
469 3 8 220
469 3 9 220
469 3 10 220
469 3 11 220
469 3 12 220
469 3 13 220
469 4 26 55
469 4 27 55
469 5 28 45
469 5 29 45
469 5 30 45
470 1 2 75
470 1 3 75
470 2 17 100
470 2 18 100
470 3 5 220
470 3 6 220
470 3 7 220
470 3 8 220
470 3 9 220
470 3 10 220
470 3 11 220
470 3 12 220
470 3 13 220
470 4 26 55
470 4 27 55
470 5 28 45
470 5 29 45
470 5 30 45
471 1 2 75
471 1 3 75
471 2 17 100
471 2 18 100
471 3 5 220
471 3 6 220
471 3 7 220
471 3 8 220
471 3 9 220
471 3 10 220
471 3 11 220
471 3 12 220
471 3 13 220
471 4 26 55
471 4 27 55
471 5 28 45
471 5 29 45
471 5 30 45
472 1 2 75
472 1 3 75
472 2 17 100
472 2 18 100
472 3 5 220
472 3 6 220
472 3 7 220
472 3 8 220
472 3 9 220
472 3 10 220
472 3 11 220
472 3 12 220
472 3 13 220
472 4 26 55
472 4 27 55
472 5 28 45
472 5 29 45
472 5 30 45
473 1 2 75
473 1 3 75
473 2 17 100
473 2 18 100
473 3 5 220
473 3 6 220
473 3 7 220
473 3 8 220
473 3 9 220
473 3 10 220
473 3 11 220
473 3 12 220
473 3 13 220
473 4 26 55
473 4 27 55
473 5 28 45
473 5 29 45
473 5 30 45
474 1 2 75
474 1 3 75
474 2 17 100
474 2 18 100
474 3 5 220
474 3 6 220
474 3 7 220
474 3 8 220
474 3 9 220
474 3 10 220
474 3 11 220
474 3 12 220
474 3 13 220
474 4 26 55
474 4 27 55
474 5 28 45
474 5 29 45
474 5 30 45
475 1 2 75
475 1 3 75
475 2 17 100
475 2 18 100
475 3 5 220
475 3 6 220
475 3 7 220
475 3 8 220
475 3 9 220
475 3 10 220
475 3 11 220
475 3 12 220
475 3 13 220
475 4 26 55
475 4 27 55
475 5 28 45
475 5 29 45
475 5 30 45
476 1 2 75
476 1 3 75
476 2 17 100
476 2 18 100
476 3 5 220
476 3 6 220
476 3 7 220
476 3 8 220
476 3 9 220
476 3 10 220
476 3 11 220
476 3 12 220
476 3 13 220
476 4 26 55
476 4 27 55
476 5 28 45
476 5 29 45
476 5 30 45
477 1 2 75
477 1 3 75
477 2 17 100
477 2 18 100
477 3 5 220
477 3 6 220
477 3 7 220
477 3 8 220
477 3 9 220
477 3 10 220
477 3 11 220
477 3 12 220
477 3 13 220
477 4 26 55
477 4 27 55
477 5 28 45
477 5 29 45
477 5 30 45
478 1 2 75
478 1 3 75
478 2 17 100
478 2 18 100
478 3 5 220
478 3 6 220
478 3 7 220
478 3 8 220
478 3 9 220
478 3 10 220
478 3 11 220
478 3 12 220
478 3 13 220
478 4 26 55
478 4 27 55
478 5 28 45
478 5 29 45
478 5 30 45
479 1 2 75
479 1 3 75
479 2 17 100
479 2 18 100
479 3 5 220
479 3 6 220
479 3 7 220
479 3 8 220
479 3 9 220
479 3 10 220
479 3 11 220
479 3 12 220
479 3 13 220
479 4 26 55
479 4 27 55
479 5 28 45
479 5 29 45
479 5 30 45
480 1 2 75
480 1 3 75
480 2 17 100
480 2 18 100
480 3 5 220
480 3 6 220
480 3 7 220
480 3 8 220
480 3 9 220
480 3 10 220
480 3 11 220
480 3 12 220
480 3 13 220
480 4 26 55
480 4 27 55
480 5 28 45
480 5 29 45
480 5 30 45
481 1 2 75
481 1 3 75
481 2 17 100
481 2 18 100
481 3 5 220
481 3 6 220
481 3 7 220
481 3 8 220
481 3 9 220
481 3 10 220
481 3 11 220
481 3 12 220
481 3 13 220
481 4 26 55
481 4 27 55
481 5 28 45
481 5 29 45
481 5 30 45
482 1 2 75
482 1 3 75
482 2 17 100
482 2 18 100
482 3 5 220
482 3 6 220
482 3 7 220
482 3 8 220
482 3 9 220
482 3 10 220
482 3 11 220
482 3 12 220
482 3 13 220
482 4 26 55
482 4 27 55
482 5 28 45
482 5 29 45
482 5 30 45
483 1 2 75
483 1 3 75
483 2 17 100
483 2 18 100
483 3 5 220
483 3 6 220
483 3 7 220
483 3 8 220
483 3 9 220
483 3 10 220
483 3 11 220
483 3 12 220
483 3 13 220
483 4 26 55
483 4 27 55
483 5 28 45
483 5 29 45
483 5 30 45
484 1 2 75
484 1 3 75
484 2 17 100
484 2 18 100
484 3 5 220
484 3 6 220
484 3 7 220
484 3 8 220
484 3 9 220
484 3 10 220
484 3 11 220
484 3 12 220
484 3 13 220
484 4 26 55
484 4 27 55
484 5 28 45
484 5 29 45
484 5 30 45
485 1 2 75
485 1 3 75
485 2 17 100
485 2 18 100
485 3 5 220
485 3 6 220
485 3 7 220
485 3 8 220
485 3 9 220
485 3 10 220
485 3 11 220
485 3 12 220
485 3 13 220
485 4 26 55
485 4 27 55
485 5 28 45
485 5 29 45
485 5 30 45
486 1 2 75
486 1 3 75
486 2 17 100
486 2 18 100
486 3 5 220
486 3 6 220
486 3 7 220
486 3 8 220
486 3 9 220
486 3 10 220
486 3 11 220
486 3 12 220
486 3 13 220
486 4 26 55
486 4 27 55
486 5 28 45
486 5 29 45
486 5 30 45
487 1 2 75
487 1 3 75
487 2 17 100
487 2 18 100
487 3 5 220
487 3 6 220
487 3 7 220
487 3 8 220
487 3 9 220
487 3 10 220
487 3 11 220
487 3 12 220
487 3 13 220
487 4 26 55
487 4 27 55
487 5 28 45
487 5 29 45
487 5 30 45
488 1 2 75
488 1 3 75
488 2 17 100
488 2 18 100
488 3 5 220
488 3 6 220
488 3 7 220
488 3 8 220
488 3 9 220
488 3 10 220
488 3 11 220
488 3 12 220
488 3 13 220
488 4 26 55
488 4 27 55
488 5 28 45
488 5 29 45
488 5 30 45
489 1 2 75
489 1 3 75
489 2 17 100
489 2 18 100
489 3 5 220
489 3 6 220
489 3 7 220
489 3 8 220
489 3 9 220
489 3 10 220
489 3 11 220
489 3 12 220
489 3 13 220
489 4 26 55
489 4 27 55
489 5 28 45
489 5 29 45
489 5 30 45
490 1 2 75
490 1 3 75
490 2 17 100
490 2 18 100
490 3 5 220
490 3 6 220
490 3 7 220
490 3 8 220
490 3 9 220
490 3 10 220
490 3 11 220
490 3 12 220
490 3 13 220
490 4 26 55
490 4 27 55
490 5 28 45
490 5 29 45
490 5 30 45
491 1 2 75
491 1 3 75
491 2 17 100
491 2 18 100
491 3 5 220
491 3 6 220
491 3 7 220
491 3 8 220
491 3 9 220
491 3 10 220
491 3 11 220
491 3 12 220
491 3 13 220
491 4 26 55
491 4 27 55
491 5 28 45
491 5 29 45
491 5 30 45
492 1 2 75
492 1 3 75
492 2 17 100
492 2 18 100
492 3 5 220
492 3 6 220
492 3 7 220
492 3 8 220
492 3 9 220
492 3 10 220
492 3 11 220
492 3 12 220
492 3 13 220
492 4 26 55
492 4 27 55
492 5 28 45
492 5 29 45
492 5 30 45
493 1 2 75
493 1 3 75
493 2 17 100
493 2 18 100
493 3 5 220
493 3 6 220
493 3 7 220
493 3 8 220
493 3 9 220
493 3 10 220
493 3 11 220
493 3 12 220
493 3 13 220
493 4 26 55
493 4 27 55
493 5 28 45
493 5 29 45
493 5 30 45
494 1 2 75
494 1 3 75
494 2 17 100
494 2 18 100
494 3 5 220
494 3 6 220
494 3 7 220
494 3 8 220
494 3 9 220
494 3 10 220
494 3 11 220
494 3 12 220
494 3 13 220
494 4 26 55
494 4 27 55
494 5 28 45
494 5 29 45
494 5 30 45
495 1 2 75
495 1 3 75
495 2 17 100
495 2 18 100
495 3 5 220
495 3 6 220
495 3 7 220
495 3 8 220
495 3 9 220
495 3 10 220
495 3 11 220
495 3 12 220
495 3 13 220
495 4 26 55
495 4 27 55
495 5 28 45
495 5 29 45
495 5 30 45
496 1 2 75
496 1 3 75
496 2 17 100
496 2 18 100
496 3 5 220
496 3 6 220
496 3 7 220
496 3 8 220
496 3 9 220
496 3 10 220
496 3 11 220
496 3 12 220
496 3 13 220
496 4 26 55
496 4 27 55
496 5 28 45
496 5 29 45
496 5 30 45
497 1 2 75
497 1 3 75
497 2 17 100
497 2 18 100
497 3 5 220
497 3 6 220
497 3 7 220
497 3 8 220
497 3 9 220
497 3 10 220
497 3 11 220
497 3 12 220
497 3 13 220
497 4 26 55
497 4 27 55
497 5 28 45
497 5 29 45
497 5 30 45
498 1 2 75
498 1 3 75
498 2 17 100
498 2 18 100
498 3 5 220
498 3 6 220
498 3 7 220
498 3 8 220
498 3 9 220
498 3 10 220
498 3 11 220
498 3 12 220
498 3 13 220
498 4 26 55
498 4 27 55
498 5 28 45
498 5 29 45
498 5 30 45
499 1 2 75
499 1 3 75
499 2 17 100
499 2 18 100
499 3 5 220
499 3 6 220
499 3 7 220
499 3 8 220
499 3 9 220
499 3 10 220
499 3 11 220
499 3 12 220
499 3 13 220
499 4 26 55
499 4 27 55
499 5 28 45
499 5 29 45
499 5 30 45
500 1 2 75
500 1 3 75
500 2 17 100
500 2 18 100
500 3 5 220
500 3 6 220
500 3 7 220
500 3 8 220
500 3 9 220
500 3 10 220
500 3 11 220
500 3 12 220
500 3 13 220
500 4 26 55
500 4 27 55
500 5 28 45
500 5 29 45
500 5 30 45
501 1 2 75
501 1 3 75
501 2 17 100
501 2 18 100
501 3 5 220
501 3 6 220
501 3 7 220
501 3 8 220
501 3 9 220
501 3 10 220
501 3 11 220
501 3 12 220
501 3 13 220
501 4 26 55
501 4 27 55
501 5 28 45
501 5 29 45
501 5 30 45
502 1 2 75
502 1 3 75
502 2 17 100
502 2 18 100
502 3 5 220
502 3 6 220
502 3 7 220
502 3 8 220
502 3 9 220
502 3 10 220
502 3 11 220
502 3 12 220
502 3 13 220
502 4 26 55
502 4 27 55
502 5 28 45
502 5 29 45
502 5 30 45
503 1 2 75
503 1 3 75
503 2 17 100
503 2 18 100
503 3 5 220
503 3 6 220
503 3 7 220
503 3 8 220
503 3 9 220
503 3 10 220
503 3 11 220
503 3 12 220
503 3 13 220
503 4 26 55
503 4 27 55
503 5 28 45
503 5 29 45
503 5 30 45
504 1 2 75
504 1 3 75
504 2 17 100
504 2 18 100
504 3 5 220
504 3 6 220
504 3 7 220
504 3 8 220
504 3 9 220
504 3 10 220
504 3 11 220
504 3 12 220
504 3 13 220
504 4 26 55
504 4 27 55
504 5 28 45
504 5 29 45
504 5 30 45
505 1 2 75
505 1 3 75
505 2 17 100
505 2 18 100
505 3 5 220
505 3 6 220
505 3 7 220
505 3 8 220
505 3 9 220
505 3 10 220
505 3 11 220
505 3 12 220
505 3 13 220
505 4 26 55
505 4 27 55
505 5 28 45
505 5 29 45
505 5 30 45
506 1 2 75
506 1 3 75
506 2 17 100
506 2 18 100
506 3 5 220
506 3 6 220
506 3 7 220
506 3 8 220
506 3 9 220
506 3 10 220
506 3 11 220
506 3 12 220
506 3 13 220
506 4 26 55
506 4 27 55
506 5 28 45
506 5 29 45
506 5 30 45
507 1 2 75
507 1 3 75
507 2 17 100
507 2 18 100
507 3 5 220
507 3 6 220
507 3 7 220
507 3 8 220
507 3 9 220
507 3 10 220
507 3 11 220
507 3 12 220
507 3 13 220
507 4 26 55
507 4 27 55
507 5 28 45
507 5 29 45
507 5 30 45
508 1 2 75
508 1 3 75
508 2 17 100
508 2 18 100
508 3 5 220
508 3 6 220
508 3 7 220
508 3 8 220
508 3 9 220
508 3 10 220
508 3 11 220
508 3 12 220
508 3 13 220
508 4 26 55
508 4 27 55
508 5 28 45
508 5 29 45
508 5 30 45
509 1 2 75
509 1 3 75
509 2 17 100
509 2 18 100
509 3 5 220
509 3 6 220
509 3 7 220
509 3 8 220
509 3 9 220
509 3 10 220
509 3 11 220
509 3 12 220
509 3 13 220
509 4 26 55
509 4 27 55
509 5 28 45
509 5 29 45
509 5 30 45
510 1 2 75
510 1 3 75
510 2 17 100
510 2 18 100
510 3 5 220
510 3 6 220
510 3 7 220
510 3 8 220
510 3 9 220
510 3 10 220
510 3 11 220
510 3 12 220
510 3 13 220
510 4 26 55
510 4 27 55
510 5 28 45
510 5 29 45
510 5 30 45
511 1 2 75
511 1 3 75
511 2 17 100
511 2 18 100
511 3 5 220
511 3 6 220
511 3 7 220
511 3 8 220
511 3 9 220
511 3 10 220
511 3 11 220
511 3 12 220
511 3 13 220
511 4 26 55
511 4 27 55
511 5 28 45
511 5 29 45
511 5 30 45
512 1 2 75
512 1 3 75
512 2 17 100
512 2 18 100
512 3 5 220
512 3 6 220
512 3 7 220
512 3 8 220
512 3 9 220
512 3 10 220
512 3 11 220
512 3 12 220
512 3 13 220
512 4 26 55
512 4 27 55
512 5 28 45
512 5 29 45
512 5 30 45
513 1 2 75
513 1 3 75
513 2 17 100
513 2 18 100
513 3 5 220
513 3 6 220
513 3 7 220
513 3 8 220
513 3 9 220
513 3 10 220
513 3 11 220
513 3 12 220
513 3 13 220
513 4 26 55
513 4 27 55
513 5 28 45
513 5 29 45
513 5 30 45
514 1 2 75
514 1 3 75
514 2 17 100
514 2 18 100
514 3 5 220
514 3 6 220
514 3 7 220
514 3 8 220
514 3 9 220
514 3 10 220
514 3 11 220
514 3 12 220
514 3 13 220
514 4 26 55
514 4 27 55
514 5 28 45
514 5 29 45
514 5 30 45
515 1 2 75
515 1 3 75
515 2 17 100
515 2 18 100
515 3 5 220
515 3 6 220
515 3 7 220
515 3 8 220
515 3 9 220
515 3 10 220
515 3 11 220
515 3 12 220
515 3 13 220
515 4 26 55
515 4 27 55
515 5 28 45
515 5 29 45
515 5 30 45
516 1 2 75
516 1 3 75
516 2 17 100
516 2 18 100
516 3 5 220
516 3 6 220
516 3 7 220
516 3 8 220
516 3 9 220
516 3 10 220
516 3 11 220
516 3 12 220
516 3 13 220
516 4 26 55
516 4 27 55
516 5 28 45
516 5 29 45
516 5 30 45
517 1 2 75
517 1 3 75
517 2 17 100
517 2 18 100
517 3 5 220
517 3 6 220
517 3 7 220
517 3 8 220
517 3 9 220
517 3 10 220
517 3 11 220
517 3 12 220
517 3 13 220
517 4 26 55
517 4 27 55
517 5 28 45
517 5 29 45
517 5 30 45
518 1 2 75
518 1 3 75
518 2 17 100
518 2 18 100
518 3 5 220
518 3 6 220
518 3 7 220
518 3 8 220
518 3 9 220
518 3 10 220
518 3 11 220
518 3 12 220
518 3 13 220
518 4 26 55
518 4 27 55
518 5 28 45
518 5 29 45
518 5 30 45
519 1 2 75
519 1 3 75
519 2 17 100
519 2 18 100
519 3 5 220
519 3 6 220
519 3 7 220
519 3 8 220
519 3 9 220
519 3 10 220
519 3 11 220
519 3 12 220
519 3 13 220
519 4 26 55
519 4 27 55
519 5 28 45
519 5 29 45
519 5 30 45
520 1 2 75
520 1 3 75
520 2 17 100
520 2 18 100
520 3 5 220
520 3 6 220
520 3 7 220
520 3 8 220
520 3 9 220
520 3 10 220
520 3 11 220
520 3 12 220
520 3 13 220
520 4 26 55
520 4 27 55
520 5 28 45
520 5 29 45
520 5 30 45
521 1 2 75
521 1 3 75
521 2 17 100
521 2 18 100
521 3 5 220
521 3 6 220
521 3 7 220
521 3 8 220
521 3 9 220
521 3 10 220
521 3 11 220
521 3 12 220
521 3 13 220
521 4 26 55
521 4 27 55
521 5 28 45
521 5 29 45
521 5 30 45
522 1 2 75
522 1 3 75
522 2 17 100
522 2 18 100
522 3 5 220
522 3 6 220
522 3 7 220
522 3 8 220
522 3 9 220
522 3 10 220
522 3 11 220
522 3 12 220
522 3 13 220
522 4 26 55
522 4 27 55
522 5 28 45
522 5 29 45
522 5 30 45
523 1 2 75
523 1 3 75
523 2 17 100
523 2 18 100
523 3 5 220
523 3 6 220
523 3 7 220
523 3 8 220
523 3 9 220
523 3 10 220
523 3 11 220
523 3 12 220
523 3 13 220
523 4 26 55
523 4 27 55
523 5 28 45
523 5 29 45
523 5 30 45
524 1 2 75
524 1 3 75
524 2 17 100
524 2 18 100
524 3 5 220
524 3 6 220
524 3 7 220
524 3 8 220
524 3 9 220
524 3 10 220
524 3 11 220
524 3 12 220
524 3 13 220
524 4 26 55
524 4 27 55
524 5 28 45
524 5 29 45
524 5 30 45
525 1 2 75
525 1 3 75
525 2 17 100
525 2 18 100
525 3 5 220
525 3 6 220
525 3 7 220
525 3 8 220
525 3 9 220
525 3 10 220
525 3 11 220
525 3 12 220
525 3 13 220
525 4 26 55
525 4 27 55
525 5 28 45
525 5 29 45
525 5 30 45
526 1 2 75
526 1 3 75
526 2 17 100
526 2 18 100
526 3 5 220
526 3 6 220
526 3 7 220
526 3 8 220
526 3 9 220
526 3 10 220
526 3 11 220
526 3 12 220
526 3 13 220
526 4 26 55
526 4 27 55
526 5 28 45
526 5 29 45
526 5 30 45
527 1 2 75
527 1 3 75
527 2 17 100
527 2 18 100
527 3 5 220
527 3 6 220
527 3 7 220
527 3 8 220
527 3 9 220
527 3 10 220
527 3 11 220
527 3 12 220
527 3 13 220
527 4 26 55
527 4 27 55
527 5 28 45
527 5 29 45
527 5 30 45
528 1 2 75
528 1 3 75
528 2 17 100
528 2 18 100
528 3 5 220
528 3 6 220
528 3 7 220
528 3 8 220
528 3 9 220
528 3 10 220
528 3 11 220
528 3 12 220
528 3 13 220
528 4 26 55
528 4 27 55
528 5 28 45
528 5 29 45
528 5 30 45
529 1 2 75
529 1 3 75
529 2 17 100
529 2 18 100
529 3 5 220
529 3 6 220
529 3 7 220
529 3 8 220
529 3 9 220
529 3 10 220
529 3 11 220
529 3 12 220
529 3 13 220
529 4 26 55
529 4 27 55
529 5 28 45
529 5 29 45
529 5 30 45
530 1 2 75
530 1 3 75
530 2 17 100
530 2 18 100
530 3 5 220
530 3 6 220
530 3 7 220
530 3 8 220
530 3 9 220
530 3 10 220
530 3 11 220
530 3 12 220
530 3 13 220
530 4 26 55
530 4 27 55
530 5 28 45
530 5 29 45
530 5 30 45
531 1 2 75
531 1 3 75
531 2 17 100
531 2 18 100
531 3 5 220
531 3 6 220
531 3 7 220
531 3 8 220
531 3 9 220
531 3 10 220
531 3 11 220
531 3 12 220
531 3 13 220
531 4 26 55
531 4 27 55
531 5 28 45
531 5 29 45
531 5 30 45
532 1 2 75
532 1 3 75
532 2 17 100
532 2 18 100
532 3 5 220
532 3 6 220
532 3 7 220
532 3 8 220
532 3 9 220
532 3 10 220
532 3 11 220
532 3 12 220
532 3 13 220
532 4 26 55
532 4 27 55
532 5 28 45
532 5 29 45
532 5 30 45
533 1 2 75
533 1 3 75
533 2 17 100
533 2 18 100
533 3 5 220
533 3 6 220
533 3 7 220
533 3 8 220
533 3 9 220
533 3 10 220
533 3 11 220
533 3 12 220
533 3 13 220
533 4 26 55
533 4 27 55
533 5 28 45
533 5 29 45
533 5 30 45
534 1 2 75
534 1 3 75
534 2 17 100
534 2 18 100
534 3 5 220
534 3 6 220
534 3 7 220
534 3 8 220
534 3 9 220
534 3 10 220
534 3 11 220
534 3 12 220
534 3 13 220
534 4 26 55
534 4 27 55
534 5 28 45
534 5 29 45
534 5 30 45
535 1 2 75
535 1 3 75
535 2 17 100
535 2 18 100
535 3 5 220
535 3 6 220
535 3 7 220
535 3 8 220
535 3 9 220
535 3 10 220
535 3 11 220
535 3 12 220
535 3 13 220
535 4 26 55
535 4 27 55
535 5 28 45
535 5 29 45
535 5 30 45
536 1 2 75
536 1 3 75
536 2 17 100
536 2 18 100
536 3 5 220
536 3 6 220
536 3 7 220
536 3 8 220
536 3 9 220
536 3 10 220
536 3 11 220
536 3 12 220
536 3 13 220
536 4 26 55
536 4 27 55
536 5 28 45
536 5 29 45
536 5 30 45
537 1 2 75
537 1 3 75
537 2 17 100
537 2 18 100
537 3 5 220
537 3 6 220
537 3 7 220
537 3 8 220
537 3 9 220
537 3 10 220
537 3 11 220
537 3 12 220
537 3 13 220
537 4 26 55
537 4 27 55
537 5 28 45
537 5 29 45
537 5 30 45
538 1 2 75
538 1 3 75
538 2 17 100
538 2 18 100
538 3 5 220
538 3 6 220
538 3 7 220
538 3 8 220
538 3 9 220
538 3 10 220
538 3 11 220
538 3 12 220
538 3 13 220
538 4 26 55
538 4 27 55
538 5 28 45
538 5 29 45
538 5 30 45
539 1 2 75
539 1 3 75
539 2 17 100
539 2 18 100
539 3 5 220
539 3 6 220
539 3 7 220
539 3 8 220
539 3 9 220
539 3 10 220
539 3 11 220
539 3 12 220
539 3 13 220
539 4 26 55
539 4 27 55
539 5 28 45
539 5 29 45
539 5 30 45
540 1 2 75
540 1 3 75
540 2 17 100
540 2 18 100
540 3 5 220
540 3 6 220
540 3 7 220
540 3 8 220
540 3 9 220
540 3 10 220
540 3 11 220
540 3 12 220
540 3 13 220
540 4 26 55
540 4 27 55
540 5 28 45
540 5 29 45
540 5 30 45
541 1 2 75
541 1 3 75
541 2 17 100
541 2 18 100
541 3 5 220
541 3 6 220
541 3 7 220
541 3 8 220
541 3 9 220
541 3 10 220
541 3 11 220
541 3 12 220
541 3 13 220
541 4 26 55
541 4 27 55
541 5 28 45
541 5 29 45
541 5 30 45
542 1 2 75
542 1 3 75
542 2 17 100
542 2 18 100
542 3 5 220
542 3 6 220
542 3 7 220
542 3 8 220
542 3 9 220
542 3 10 220
542 3 11 220
542 3 12 220
542 3 13 220
542 4 26 55
542 4 27 55
542 5 28 45
542 5 29 45
542 5 30 45
543 1 2 75
543 1 3 75
543 2 17 100
543 2 18 100
543 3 5 220
543 3 6 220
543 3 7 220
543 3 8 220
543 3 9 220
543 3 10 220
543 3 11 220
543 3 12 220
543 3 13 220
543 4 26 55
543 4 27 55
543 5 28 45
543 5 29 45
543 5 30 45
544 1 2 75
544 1 3 75
544 2 17 100
544 2 18 100
544 3 5 220
544 3 6 220
544 3 7 220
544 3 8 220
544 3 9 220
544 3 10 220
544 3 11 220
544 3 12 220
544 3 13 220
544 4 26 55
544 4 27 55
544 5 28 45
544 5 29 45
544 5 30 45
545 1 2 75
545 1 3 75
545 2 17 100
545 2 18 100
545 3 5 220
545 3 6 220
545 3 7 220
545 3 8 220
545 3 9 220
545 3 10 220
545 3 11 220
545 3 12 220
545 3 13 220
545 4 26 55
545 4 27 55
545 5 28 45
545 5 29 45
545 5 30 45
546 1 2 75
546 1 3 75
546 2 17 100
546 2 18 100
546 3 5 220
546 3 6 220
546 3 7 220
546 3 8 220
546 3 9 220
546 3 10 220
546 3 11 220
546 3 12 220
546 3 13 220
546 4 26 55
546 4 27 55
546 5 28 45
546 5 29 45
546 5 30 45
547 1 2 75
547 1 3 75
547 2 17 100
547 2 18 100
547 3 5 220
547 3 6 220
547 3 7 220
547 3 8 220
547 3 9 220
547 3 10 220
547 3 11 220
547 3 12 220
547 3 13 220
547 4 26 55
547 4 27 55
547 5 28 45
547 5 29 45
547 5 30 45
548 1 2 75
548 1 3 75
548 2 17 100
548 2 18 100
548 3 5 220
548 3 6 220
548 3 7 220
548 3 8 220
548 3 9 220
548 3 10 220
548 3 11 220
548 3 12 220
548 3 13 220
548 4 26 55
548 4 27 55
548 5 28 45
548 5 29 45
548 5 30 45
549 1 2 75
549 1 3 75
549 2 17 100
549 2 18 100
549 3 5 220
549 3 6 220
549 3 7 220
549 3 8 220
549 3 9 220
549 3 10 220
549 3 11 220
549 3 12 220
549 3 13 220
549 4 26 55
549 4 27 55
549 5 28 45
549 5 29 45
549 5 30 45
550 1 2 75
550 1 3 75
550 2 17 100
550 2 18 100
550 3 5 220
550 3 6 220
550 3 7 220
550 3 8 220
550 3 9 220
550 3 10 220
550 3 11 220
550 3 12 220
550 3 13 220
550 4 26 55
550 4 27 55
550 5 28 45
550 5 29 45
550 5 30 45
551 1 2 75
551 1 3 75
551 2 17 100
551 2 18 100
551 3 5 220
551 3 6 220
551 3 7 220
551 3 8 220
551 3 9 220
551 3 10 220
551 3 11 220
551 3 12 220
551 3 13 220
551 4 26 55
551 4 27 55
551 5 28 45
551 5 29 45
551 5 30 45
552 1 2 75
552 1 3 75
552 2 17 100
552 2 18 100
552 3 5 220
552 3 6 220
552 3 7 220
552 3 8 220
552 3 9 220
552 3 10 220
552 3 11 220
552 3 12 220
552 3 13 220
552 4 26 55
552 4 27 55
552 5 28 45
552 5 29 45
552 5 30 45
553 1 2 75
553 1 3 75
553 2 17 100
553 2 18 100
553 3 5 220
553 3 6 220
553 3 7 220
553 3 8 220
553 3 9 220
553 3 10 220
553 3 11 220
553 3 12 220
553 3 13 220
553 4 26 55
553 4 27 55
553 5 28 45
553 5 29 45
553 5 30 45
554 1 2 75
554 1 3 75
554 2 17 100
554 2 18 100
554 3 5 220
554 3 6 220
554 3 7 220
554 3 8 220
554 3 9 220
554 3 10 220
554 3 11 220
554 3 12 220
554 3 13 220
554 4 26 55
554 4 27 55
554 5 28 45
554 5 29 45
554 5 30 45
555 1 2 75
555 1 3 75
555 2 17 100
555 2 18 100
555 3 5 220
555 3 6 220
555 3 7 220
555 3 8 220
555 3 9 220
555 3 10 220
555 3 11 220
555 3 12 220
555 3 13 220
555 4 26 55
555 4 27 55
555 5 28 45
555 5 29 45
555 5 30 45
556 1 2 75
556 1 3 75
556 2 17 100
556 2 18 100
556 3 5 220
556 3 6 220
556 3 7 220
556 3 8 220
556 3 9 220
556 3 10 220
556 3 11 220
556 3 12 220
556 3 13 220
556 4 26 55
556 4 27 55
556 5 28 45
556 5 29 45
556 5 30 45
557 1 2 75
557 1 3 75
557 2 17 100
557 2 18 100
557 3 5 220
557 3 6 220
557 3 7 220
557 3 8 220
557 3 9 220
557 3 10 220
557 3 11 220
557 3 12 220
557 3 13 220
557 4 26 55
557 4 27 55
557 5 28 45
557 5 29 45
557 5 30 45
558 1 2 75
558 1 3 75
558 2 17 100
558 2 18 100
558 3 5 220
558 3 6 220
558 3 7 220
558 3 8 220
558 3 9 220
558 3 10 220
558 3 11 220
558 3 12 220
558 3 13 220
558 4 26 55
558 4 27 55
558 5 28 45
558 5 29 45
558 5 30 45
559 1 2 75
559 1 3 75
559 2 17 100
559 2 18 100
559 3 5 220
559 3 6 220
559 3 7 220
559 3 8 220
559 3 9 220
559 3 10 220
559 3 11 220
559 3 12 220
559 3 13 220
559 4 26 55
559 4 27 55
559 5 28 45
559 5 29 45
559 5 30 45
560 1 2 75
560 1 3 75
560 2 17 100
560 2 18 100
560 3 5 220
560 3 6 220
560 3 7 220
560 3 8 220
560 3 9 220
560 3 10 220
560 3 11 220
560 3 12 220
560 3 13 220
560 4 26 55
560 4 27 55
560 5 28 45
560 5 29 45
560 5 30 45
561 1 2 75
561 1 3 75
561 2 17 100
561 2 18 100
561 3 5 220
561 3 6 220
561 3 7 220
561 3 8 220
561 3 9 220
561 3 10 220
561 3 11 220
561 3 12 220
561 3 13 220
561 4 26 55
561 4 27 55
561 5 28 45
561 5 29 45
561 5 30 45
562 1 2 75
562 1 3 75
562 2 17 100
562 2 18 100
562 3 5 220
562 3 6 220
562 3 7 220
562 3 8 220
562 3 9 220
562 3 10 220
562 3 11 220
562 3 12 220
562 3 13 220
562 4 26 55
562 4 27 55
562 5 28 45
562 5 29 45
562 5 30 45
563 1 2 75
563 1 3 75
563 2 17 100
563 2 18 100
563 3 5 220
563 3 6 220
563 3 7 220
563 3 8 220
563 3 9 220
563 3 10 220
563 3 11 220
563 3 12 220
563 3 13 220
563 4 26 55
563 4 27 55
563 5 28 45
563 5 29 45
563 5 30 45
564 1 2 75
564 1 3 75
564 2 17 100
564 2 18 100
564 3 5 220
564 3 6 220
564 3 7 220
564 3 8 220
564 3 9 220
564 3 10 220
564 3 11 220
564 3 12 220
564 3 13 220
564 4 26 55
564 4 27 55
564 5 28 45
564 5 29 45
564 5 30 45
565 1 2 75
565 1 3 75
565 2 17 100
565 2 18 100
565 3 5 220
565 3 6 220
565 3 7 220
565 3 8 220
565 3 9 220
565 3 10 220
565 3 11 220
565 3 12 220
565 3 13 220
565 4 26 55
565 4 27 55
565 5 28 45
565 5 29 45
565 5 30 45
566 1 2 75
566 1 3 75
566 2 17 100
566 2 18 100
566 3 5 220
566 3 6 220
566 3 7 220
566 3 8 220
566 3 9 220
566 3 10 220
566 3 11 220
566 3 12 220
566 3 13 220
566 4 26 55
566 4 27 55
566 5 28 45
566 5 29 45
566 5 30 45
567 1 2 75
567 1 3 75
567 2 17 100
567 2 18 100
567 3 5 220
567 3 6 220
567 3 7 220
567 3 8 220
567 3 9 220
567 3 10 220
567 3 11 220
567 3 12 220
567 3 13 220
567 4 26 55
567 4 27 55
567 5 28 45
567 5 29 45
567 5 30 45
568 1 2 75
568 1 3 75
568 2 17 100
568 2 18 100
568 3 5 220
568 3 6 220
568 3 7 220
568 3 8 220
568 3 9 220
568 3 10 220
568 3 11 220
568 3 12 220
568 3 13 220
568 4 26 55
568 4 27 55
568 5 28 45
568 5 29 45
568 5 30 45
569 1 2 75
569 1 3 75
569 2 17 100
569 2 18 100
569 3 5 220
569 3 6 220
569 3 7 220
569 3 8 220
569 3 9 220
569 3 10 220
569 3 11 220
569 3 12 220
569 3 13 220
569 4 26 55
569 4 27 55
569 5 28 45
569 5 29 45
569 5 30 45
570 1 2 75
570 1 3 75
570 2 17 100
570 2 18 100
570 3 5 220
570 3 6 220
570 3 7 220
570 3 8 220
570 3 9 220
570 3 10 220
570 3 11 220
570 3 12 220
570 3 13 220
570 4 26 55
570 4 27 55
570 5 28 45
570 5 29 45
570 5 30 45
571 1 2 75
571 1 3 75
571 2 17 100
571 2 18 100
571 3 5 220
571 3 6 220
571 3 7 220
571 3 8 220
571 3 9 220
571 3 10 220
571 3 11 220
571 3 12 220
571 3 13 220
571 4 26 55
571 4 27 55
571 5 28 45
571 5 29 45
571 5 30 45
572 1 2 75
572 1 3 75
572 2 17 100
572 2 18 100
572 3 5 220
572 3 6 220
572 3 7 220
572 3 8 220
572 3 9 220
572 3 10 220
572 3 11 220
572 3 12 220
572 3 13 220
572 4 26 55
572 4 27 55
572 5 28 45
572 5 29 45
572 5 30 45
573 1 2 75
573 1 3 75
573 2 17 100
573 2 18 100
573 3 5 220
573 3 6 220
573 3 7 220
573 3 8 220
573 3 9 220
573 3 10 220
573 3 11 220
573 3 12 220
573 3 13 220
573 4 26 55
573 4 27 55
573 5 28 45
573 5 29 45
573 5 30 45
574 1 2 75
574 1 3 75
574 2 17 100
574 2 18 100
574 3 5 220
574 3 6 220
574 3 7 220
574 3 8 220
574 3 9 220
574 3 10 220
574 3 11 220
574 3 12 220
574 3 13 220
574 4 26 55
574 4 27 55
574 5 28 45
574 5 29 45
574 5 30 45
575 1 2 75
575 1 3 75
575 2 17 100
575 2 18 100
575 3 5 220
575 3 6 220
575 3 7 220
575 3 8 220
575 3 9 220
575 3 10 220
575 3 11 220
575 3 12 220
575 3 13 220
575 4 26 55
575 4 27 55
575 5 28 45
575 5 29 45
575 5 30 45
576 1 2 75
576 1 3 75
576 2 17 100
576 2 18 100
576 3 5 220
576 3 6 220
576 3 7 220
576 3 8 220
576 3 9 220
576 3 10 220
576 3 11 220
576 3 12 220
576 3 13 220
576 4 26 55
576 4 27 55
576 5 28 45
576 5 29 45
576 5 30 45
577 1 2 75
577 1 3 75
577 2 17 100
577 2 18 100
577 3 5 220
577 3 6 220
577 3 7 220
577 3 8 220
577 3 9 220
577 3 10 220
577 3 11 220
577 3 12 220
577 3 13 220
577 4 26 55
577 4 27 55
577 5 28 45
577 5 29 45
577 5 30 45
578 1 2 75
578 1 3 75
578 2 17 100
578 2 18 100
578 3 5 220
578 3 6 220
578 3 7 220
578 3 8 220
578 3 9 220
578 3 10 220
578 3 11 220
578 3 12 220
578 3 13 220
578 4 26 55
578 4 27 55
578 5 28 45
578 5 29 45
578 5 30 45
579 1 2 75
579 1 3 75
579 2 17 100
579 2 18 100
579 3 5 220
579 3 6 220
579 3 7 220
579 3 8 220
579 3 9 220
579 3 10 220
579 3 11 220
579 3 12 220
579 3 13 220
579 4 26 55
579 4 27 55
579 5 28 45
579 5 29 45
579 5 30 45
580 1 2 75
580 1 3 75
580 2 17 100
580 2 18 100
580 3 5 220
580 3 6 220
580 3 7 220
580 3 8 220
580 3 9 220
580 3 10 220
580 3 11 220
580 3 12 220
580 3 13 220
580 4 26 55
580 4 27 55
580 5 28 45
580 5 29 45
580 5 30 45
581 1 2 75
581 1 3 75
581 2 17 100
581 2 18 100
581 3 5 220
581 3 6 220
581 3 7 220
581 3 8 220
581 3 9 220
581 3 10 220
581 3 11 220
581 3 12 220
581 3 13 220
581 4 26 55
581 4 27 55
581 5 28 45
581 5 29 45
581 5 30 45
582 1 2 75
582 1 3 75
582 2 17 100
582 2 18 100
582 3 5 220
582 3 6 220
582 3 7 220
582 3 8 220
582 3 9 220
582 3 10 220
582 3 11 220
582 3 12 220
582 3 13 220
582 4 26 55
582 4 27 55
582 5 28 45
582 5 29 45
582 5 30 45
583 1 2 75
583 1 3 75
583 2 17 100
583 2 18 100
583 3 5 220
583 3 6 220
583 3 7 220
583 3 8 220
583 3 9 220
583 3 10 220
583 3 11 220
583 3 12 220
583 3 13 220
583 4 26 55
583 4 27 55
583 5 28 45
583 5 29 45
583 5 30 45
584 1 2 75
584 1 3 75
584 2 17 100
584 2 18 100
584 3 5 220
584 3 6 220
584 3 7 220
584 3 8 220
584 3 9 220
584 3 10 220
584 3 11 220
584 3 12 220
584 3 13 220
584 4 26 55
584 4 27 55
584 5 28 45
584 5 29 45
584 5 30 45
585 1 2 75
585 1 3 75
585 2 17 100
585 2 18 100
585 3 5 220
585 3 6 220
585 3 7 220
585 3 8 220
585 3 9 220
585 3 10 220
585 3 11 220
585 3 12 220
585 3 13 220
585 4 26 55
585 4 27 55
585 5 28 45
585 5 29 45
585 5 30 45
586 1 2 75
586 1 3 75
586 2 17 100
586 2 18 100
586 3 5 220
586 3 6 220
586 3 7 220
586 3 8 220
586 3 9 220
586 3 10 220
586 3 11 220
586 3 12 220
586 3 13 220
586 4 26 55
586 4 27 55
586 5 28 45
586 5 29 45
586 5 30 45
587 1 2 75
587 1 3 75
587 2 17 100
587 2 18 100
587 3 5 220
587 3 6 220
587 3 7 220
587 3 8 220
587 3 9 220
587 3 10 220
587 3 11 220
587 3 12 220
587 3 13 220
587 4 26 55
587 4 27 55
587 5 28 45
587 5 29 45
587 5 30 45
588 1 2 75
588 1 3 75
588 2 17 100
588 2 18 100
588 3 5 220
588 3 6 220
588 3 7 220
588 3 8 220
588 3 9 220
588 3 10 220
588 3 11 220
588 3 12 220
588 3 13 220
588 4 26 55
588 4 27 55
588 5 28 45
588 5 29 45
588 5 30 45
589 1 2 75
589 1 3 75
589 2 17 100
589 2 18 100
589 3 5 220
589 3 6 220
589 3 7 220
589 3 8 220
589 3 9 220
589 3 10 220
589 3 11 220
589 3 12 220
589 3 13 220
589 4 26 55
589 4 27 55
589 5 28 45
589 5 29 45
589 5 30 45
590 1 2 75
590 1 3 75
590 2 17 100
590 2 18 100
590 3 5 220
590 3 6 220
590 3 7 220
590 3 8 220
590 3 9 220
590 3 10 220
590 3 11 220
590 3 12 220
590 3 13 220
590 4 26 55
590 4 27 55
590 5 28 45
590 5 29 45
590 5 30 45
591 1 2 75
591 1 3 75
591 2 17 100
591 2 18 100
591 3 5 220
591 3 6 220
591 3 7 220
591 3 8 220
591 3 9 220
591 3 10 220
591 3 11 220
591 3 12 220
591 3 13 220
591 4 26 55
591 4 27 55
591 5 28 45
591 5 29 45
591 5 30 45
592 1 2 75
592 1 3 75
592 2 17 100
592 2 18 100
592 3 5 220
592 3 6 220
592 3 7 220
592 3 8 220
592 3 9 220
592 3 10 220
592 3 11 220
592 3 12 220
592 3 13 220
592 4 26 55
592 4 27 55
592 5 28 45
592 5 29 45
592 5 30 45
593 1 2 75
593 1 3 75
593 2 17 100
593 2 18 100
593 3 5 220
593 3 6 220
593 3 7 220
593 3 8 220
593 3 9 220
593 3 10 220
593 3 11 220
593 3 12 220
593 3 13 220
593 4 26 55
593 4 27 55
593 5 28 45
593 5 29 45
593 5 30 45
594 1 2 75
594 1 3 75
594 2 17 100
594 2 18 100
594 3 5 220
594 3 6 220
594 3 7 220
594 3 8 220
594 3 9 220
594 3 10 220
594 3 11 220
594 3 12 220
594 3 13 220
594 4 26 55
594 4 27 55
594 5 28 45
594 5 29 45
594 5 30 45
595 1 2 75
595 1 3 75
595 2 17 100
595 2 18 100
595 3 5 220
595 3 6 220
595 3 7 220
595 3 8 220
595 3 9 220
595 3 10 220
595 3 11 220
595 3 12 220
595 3 13 220
595 4 26 55
595 4 27 55
595 5 28 45
595 5 29 45
595 5 30 45
596 1 2 75
596 1 3 75
596 2 17 100
596 2 18 100
596 3 5 220
596 3 6 220
596 3 7 220
596 3 8 220
596 3 9 220
596 3 10 220
596 3 11 220
596 3 12 220
596 3 13 220
596 4 26 55
596 4 27 55
596 5 28 45
596 5 29 45
596 5 30 45
597 1 2 75
597 1 3 75
597 2 17 100
597 2 18 100
597 3 5 220
597 3 6 220
597 3 7 220
597 3 8 220
597 3 9 220
597 3 10 220
597 3 11 220
597 3 12 220
597 3 13 220
597 4 26 55
597 4 27 55
597 5 28 45
597 5 29 45
597 5 30 45
598 1 2 75
598 1 3 75
598 2 17 100
598 2 18 100
598 3 5 220
598 3 6 220
598 3 7 220
598 3 8 220
598 3 9 220
598 3 10 220
598 3 11 220
598 3 12 220
598 3 13 220
598 4 26 55
598 4 27 55
598 5 28 45
598 5 29 45
598 5 30 45
599 1 2 75
599 1 3 75
599 2 17 100
599 2 18 100
599 3 5 220
599 3 6 220
599 3 7 220
599 3 8 220
599 3 9 220
599 3 10 220
599 3 11 220
599 3 12 220
599 3 13 220
599 4 26 55
599 4 27 55
599 5 28 45
599 5 29 45
599 5 30 45
600 1 2 75
600 1 3 75
600 2 17 100
600 2 18 100
600 3 5 220
600 3 6 220
600 3 7 220
600 3 8 220
600 3 9 220
600 3 10 220
600 3 11 220
600 3 12 220
600 3 13 220
600 4 26 55
600 4 27 55
600 5 28 45
600 5 29 45
600 5 30 45
601 1 2 75
601 1 3 75
601 2 17 100
601 2 18 100
601 3 5 220
601 3 6 220
601 3 7 220
601 3 8 220
601 3 9 220
601 3 10 220
601 3 11 220
601 3 12 220
601 3 13 220
601 4 26 55
601 4 27 55
601 5 28 45
601 5 29 45
601 5 30 45
602 1 2 75
602 1 3 75
602 2 17 100
602 2 18 100
602 3 5 220
602 3 6 220
602 3 7 220
602 3 8 220
602 3 9 220
602 3 10 220
602 3 11 220
602 3 12 220
602 3 13 220
602 4 26 55
602 4 27 55
602 5 28 45
602 5 29 45
602 5 30 45
603 1 2 75
603 1 3 75
603 2 17 100
603 2 18 100
603 3 5 220
603 3 6 220
603 3 7 220
603 3 8 220
603 3 9 220
603 3 10 220
603 3 11 220
603 3 12 220
603 3 13 220
603 4 26 55
603 4 27 55
603 5 28 45
603 5 29 45
603 5 30 45
604 1 2 75
604 1 3 75
604 2 17 100
604 2 18 100
604 3 5 220
604 3 6 220
604 3 7 220
604 3 8 220
604 3 9 220
604 3 10 220
604 3 11 220
604 3 12 220
604 3 13 220
604 4 26 55
604 4 27 55
604 5 28 45
604 5 29 45
604 5 30 45
605 1 2 75
605 1 3 75
605 2 17 100
605 2 18 100
605 3 5 220
605 3 6 220
605 3 7 220
605 3 8 220
605 3 9 220
605 3 10 220
605 3 11 220
605 3 12 220
605 3 13 220
605 4 26 55
605 4 27 55
605 5 28 45
605 5 29 45
605 5 30 45
606 1 2 75
606 1 3 75
606 2 17 100
606 2 18 100
606 3 5 220
606 3 6 220
606 3 7 220
606 3 8 220
606 3 9 220
606 3 10 220
606 3 11 220
606 3 12 220
606 3 13 220
606 4 26 55
606 4 27 55
606 5 28 45
606 5 29 45
606 5 30 45
607 1 2 75
607 1 3 75
607 2 17 100
607 2 18 100
607 3 5 220
607 3 6 220
607 3 7 220
607 3 8 220
607 3 9 220
607 3 10 220
607 3 11 220
607 3 12 220
607 3 13 220
607 4 26 55
607 4 27 55
607 5 28 45
607 5 29 45
607 5 30 45
608 1 2 75
608 1 3 75
608 2 17 100
608 2 18 100
608 3 5 220
608 3 6 220
608 3 7 220
608 3 8 220
608 3 9 220
608 3 10 220
608 3 11 220
608 3 12 220
608 3 13 220
608 4 26 55
608 4 27 55
608 5 28 45
608 5 29 45
608 5 30 45
609 1 2 75
609 1 3 75
609 2 17 100
609 2 18 100
609 3 5 220
609 3 6 220
609 3 7 220
609 3 8 220
609 3 9 220
609 3 10 220
609 3 11 220
609 3 12 220
609 3 13 220
609 4 26 55
609 4 27 55
609 5 28 45
609 5 29 45
609 5 30 45
610 1 2 75
610 1 3 75
610 2 17 100
610 2 18 100
610 3 5 220
610 3 6 220
610 3 7 220
610 3 8 220
610 3 9 220
610 3 10 220
610 3 11 220
610 3 12 220
610 3 13 220
610 4 26 55
610 4 27 55
610 5 28 45
610 5 29 45
610 5 30 45
611 1 2 75
611 1 3 75
611 2 17 100
611 2 18 100
611 3 5 220
611 3 6 220
611 3 7 220
611 3 8 220
611 3 9 220
611 3 10 220
611 3 11 220
611 3 12 220
611 3 13 220
611 4 26 55
611 4 27 55
611 5 28 45
611 5 29 45
611 5 30 45
612 1 2 75
612 1 3 75
612 2 17 100
612 2 18 100
612 3 5 220
612 3 6 220
612 3 7 220
612 3 8 220
612 3 9 220
612 3 10 220
612 3 11 220
612 3 12 220
612 3 13 220
612 4 26 55
612 4 27 55
612 5 28 45
612 5 29 45
612 5 30 45
613 1 2 75
613 1 3 75
613 2 17 100
613 2 18 100
613 3 5 220
613 3 6 220
613 3 7 220
613 3 8 220
613 3 9 220
613 3 10 220
613 3 11 220
613 3 12 220
613 3 13 220
613 4 26 55
613 4 27 55
613 5 28 45
613 5 29 45
613 5 30 45
614 1 2 75
614 1 3 75
614 2 17 100
614 2 18 100
614 3 5 220
614 3 6 220
614 3 7 220
614 3 8 220
614 3 9 220
614 3 10 220
614 3 11 220
614 3 12 220
614 3 13 220
614 4 26 55
614 4 27 55
614 5 28 45
614 5 29 45
614 5 30 45
615 1 2 75
615 1 3 75
615 2 17 100
615 2 18 100
615 3 5 220
615 3 6 220
615 3 7 220
615 3 8 220
615 3 9 220
615 3 10 220
615 3 11 220
615 3 12 220
615 3 13 220
615 4 26 55
615 4 27 55
615 5 28 45
615 5 29 45
615 5 30 45
616 1 2 75
616 1 3 75
616 2 17 100
616 2 18 100
616 3 5 220
616 3 6 220
616 3 7 220
616 3 8 220
616 3 9 220
616 3 10 220
616 3 11 220
616 3 12 220
616 3 13 220
616 4 26 55
616 4 27 55
616 5 28 45
616 5 29 45
616 5 30 45
617 1 2 75
617 1 3 75
617 2 17 100
617 2 18 100
617 3 5 220
617 3 6 220
617 3 7 220
617 3 8 220
617 3 9 220
617 3 10 220
617 3 11 220
617 3 12 220
617 3 13 220
617 4 26 55
617 4 27 55
617 5 28 45
617 5 29 45
617 5 30 45
618 1 2 75
618 1 3 75
618 2 17 100
618 2 18 100
618 3 5 220
618 3 6 220
618 3 7 220
618 3 8 220
618 3 9 220
618 3 10 220
618 3 11 220
618 3 12 220
618 3 13 220
618 4 26 55
618 4 27 55
618 5 28 45
618 5 29 45
618 5 30 45
619 1 2 75
619 1 3 75
619 2 17 100
619 2 18 100
619 3 5 220
619 3 6 220
619 3 7 220
619 3 8 220
619 3 9 220
619 3 10 220
619 3 11 220
619 3 12 220
619 3 13 220
619 4 26 55
619 4 27 55
619 5 28 45
619 5 29 45
619 5 30 45
620 1 2 75
620 1 3 75
620 2 17 100
620 2 18 100
620 3 5 220
620 3 6 220
620 3 7 220
620 3 8 220
620 3 9 220
620 3 10 220
620 3 11 220
620 3 12 220
620 3 13 220
620 4 26 55
620 4 27 55
620 5 28 45
620 5 29 45
620 5 30 45
621 1 2 75
621 1 3 75
621 2 17 100
621 2 18 100
621 3 5 220
621 3 6 220
621 3 7 220
621 3 8 220
621 3 9 220
621 3 10 220
621 3 11 220
621 3 12 220
621 3 13 220
621 4 26 55
621 4 27 55
621 5 28 45
621 5 29 45
621 5 30 45
622 1 2 75
622 1 3 75
622 2 17 100
622 2 18 100
622 3 5 220
622 3 6 220
622 3 7 220
622 3 8 220
622 3 9 220
622 3 10 220
622 3 11 220
622 3 12 220
622 3 13 220
622 4 26 55
622 4 27 55
622 5 28 45
622 5 29 45
622 5 30 45
623 1 2 75
623 1 3 75
623 2 17 100
623 2 18 100
623 3 5 220
623 3 6 220
623 3 7 220
623 3 8 220
623 3 9 220
623 3 10 220
623 3 11 220
623 3 12 220
623 3 13 220
623 4 26 55
623 4 27 55
623 5 28 45
623 5 29 45
623 5 30 45
624 1 2 75
624 1 3 75
624 2 17 100
624 2 18 100
624 3 5 220
624 3 6 220
624 3 7 220
624 3 8 220
624 3 9 220
624 3 10 220
624 3 11 220
624 3 12 220
624 3 13 220
624 4 26 55
624 4 27 55
624 5 28 45
624 5 29 45
624 5 30 45
625 1 2 75
625 1 3 75
625 2 17 100
625 2 18 100
625 3 5 220
625 3 6 220
625 3 7 220
625 3 8 220
625 3 9 220
625 3 10 220
625 3 11 220
625 3 12 220
625 3 13 220
625 4 26 55
625 4 27 55
625 5 28 45
625 5 29 45
625 5 30 45
626 1 2 75
626 1 3 75
626 2 17 100
626 2 18 100
626 3 5 220
626 3 6 220
626 3 7 220
626 3 8 220
626 3 9 220
626 3 10 220
626 3 11 220
626 3 12 220
626 3 13 220
626 4 26 55
626 4 27 55
626 5 28 45
626 5 29 45
626 5 30 45
627 1 2 75
627 1 3 75
627 2 17 100
627 2 18 100
627 3 5 220
627 3 6 220
627 3 7 220
627 3 8 220
627 3 9 220
627 3 10 220
627 3 11 220
627 3 12 220
627 3 13 220
627 4 26 55
627 4 27 55
627 5 28 45
627 5 29 45
627 5 30 45
628 1 2 75
628 1 3 75
628 2 17 100
628 2 18 100
628 3 5 220
628 3 6 220
628 3 7 220
628 3 8 220
628 3 9 220
628 3 10 220
628 3 11 220
628 3 12 220
628 3 13 220
628 4 26 55
628 4 27 55
628 5 28 45
628 5 29 45
628 5 30 45
629 1 2 75
629 1 3 75
629 2 17 100
629 2 18 100
629 3 5 220
629 3 6 220
629 3 7 220
629 3 8 220
629 3 9 220
629 3 10 220
629 3 11 220
629 3 12 220
629 3 13 220
629 4 26 55
629 4 27 55
629 5 28 45
629 5 29 45
629 5 30 45
630 1 2 75
630 1 3 75
630 2 17 100
630 2 18 100
630 3 5 220
630 3 6 220
630 3 7 220
630 3 8 220
630 3 9 220
630 3 10 220
630 3 11 220
630 3 12 220
630 3 13 220
630 4 26 55
630 4 27 55
630 5 28 45
630 5 29 45
630 5 30 45
631 1 2 75
631 1 3 75
631 2 17 100
631 2 18 100
631 3 5 220
631 3 6 220
631 3 7 220
631 3 8 220
631 3 9 220
631 3 10 220
631 3 11 220
631 3 12 220
631 3 13 220
631 4 26 55
631 4 27 55
631 5 28 45
631 5 29 45
631 5 30 45
632 1 2 75
632 1 3 75
632 2 17 100
632 2 18 100
632 3 5 220
632 3 6 220
632 3 7 220
632 3 8 220
632 3 9 220
632 3 10 220
632 3 11 220
632 3 12 220
632 3 13 220
632 4 26 55
632 4 27 55
632 5 28 45
632 5 29 45
632 5 30 45
633 1 2 75
633 1 3 75
633 2 17 100
633 2 18 100
633 3 5 220
633 3 6 220
633 3 7 220
633 3 8 220
633 3 9 220
633 3 10 220
633 3 11 220
633 3 12 220
633 3 13 220
633 4 26 55
633 4 27 55
633 5 28 45
633 5 29 45
633 5 30 45
634 1 2 75
634 1 3 75
634 2 17 100
634 2 18 100
634 3 5 220
634 3 6 220
634 3 7 220
634 3 8 220
634 3 9 220
634 3 10 220
634 3 11 220
634 3 12 220
634 3 13 220
634 4 26 55
634 4 27 55
634 5 28 45
634 5 29 45
634 5 30 45
635 1 2 75
635 1 3 75
635 2 17 100
635 2 18 100
635 3 5 220
635 3 6 220
635 3 7 220
635 3 8 220
635 3 9 220
635 3 10 220
635 3 11 220
635 3 12 220
635 3 13 220
635 4 26 55
635 4 27 55
635 5 28 45
635 5 29 45
635 5 30 45
636 1 2 75
636 1 3 75
636 2 17 100
636 2 18 100
636 3 5 220
636 3 6 220
636 3 7 220
636 3 8 220
636 3 9 220
636 3 10 220
636 3 11 220
636 3 12 220
636 3 13 220
636 4 26 55
636 4 27 55
636 5 28 45
636 5 29 45
636 5 30 45
637 1 2 75
637 1 3 75
637 2 17 100
637 2 18 100
637 3 5 220
637 3 6 220
637 3 7 220
637 3 8 220
637 3 9 220
637 3 10 220
637 3 11 220
637 3 12 220
637 3 13 220
637 4 26 55
637 4 27 55
637 5 28 45
637 5 29 45
637 5 30 45
638 1 2 75
638 1 3 75
638 2 17 100
638 2 18 100
638 3 5 220
638 3 6 220
638 3 7 220
638 3 8 220
638 3 9 220
638 3 10 220
638 3 11 220
638 3 12 220
638 3 13 220
638 4 26 55
638 4 27 55
638 5 28 45
638 5 29 45
638 5 30 45
639 1 2 75
639 1 3 75
639 2 17 100
639 2 18 100
639 3 5 220
639 3 6 220
639 3 7 220
639 3 8 220
639 3 9 220
639 3 10 220
639 3 11 220
639 3 12 220
639 3 13 220
639 4 26 55
639 4 27 55
639 5 28 45
639 5 29 45
639 5 30 45
640 1 2 75
640 1 3 75
640 2 17 100
640 2 18 100
640 3 5 220
640 3 6 220
640 3 7 220
640 3 8 220
640 3 9 220
640 3 10 220
640 3 11 220
640 3 12 220
640 3 13 220
640 4 26 55
640 4 27 55
640 5 28 45
640 5 29 45
640 5 30 45
641 1 2 75
641 1 3 75
641 2 17 100
641 2 18 100
641 3 5 220
641 3 6 220
641 3 7 220
641 3 8 220
641 3 9 220
641 3 10 220
641 3 11 220
641 3 12 220
641 3 13 220
641 4 26 55
641 4 27 55
641 5 28 45
641 5 29 45
641 5 30 45
642 1 2 75
642 1 3 75
642 2 17 100
642 2 18 100
642 3 5 220
642 3 6 220
642 3 7 220
642 3 8 220
642 3 9 220
642 3 10 220
642 3 11 220
642 3 12 220
642 3 13 220
642 4 26 55
642 4 27 55
642 5 28 45
642 5 29 45
642 5 30 45
643 1 2 75
643 1 3 75
643 2 17 100
643 2 18 100
643 3 5 220
643 3 6 220
643 3 7 220
643 3 8 220
643 3 9 220
643 3 10 220
643 3 11 220
643 3 12 220
643 3 13 220
643 4 26 55
643 4 27 55
643 5 28 45
643 5 29 45
643 5 30 45
644 1 2 75
644 1 3 75
644 2 17 100
644 2 18 100
644 3 5 220
644 3 6 220
644 3 7 220
644 3 8 220
644 3 9 220
644 3 10 220
644 3 11 220
644 3 12 220
644 3 13 220
644 4 26 55
644 4 27 55
644 5 28 45
644 5 29 45
644 5 30 45
645 1 2 75
645 1 3 75
645 2 17 100
645 2 18 100
645 3 5 220
645 3 6 220
645 3 7 220
645 3 8 220
645 3 9 220
645 3 10 220
645 3 11 220
645 3 12 220
645 3 13 220
645 4 26 55
645 4 27 55
645 5 28 45
645 5 29 45
645 5 30 45
646 1 2 75
646 1 3 75
646 2 17 100
646 2 18 100
646 3 5 220
646 3 6 220
646 3 7 220
646 3 8 220
646 3 9 220
646 3 10 220
646 3 11 220
646 3 12 220
646 3 13 220
646 4 26 55
646 4 27 55
646 5 28 45
646 5 29 45
646 5 30 45
647 1 2 75
647 1 3 75
647 2 17 100
647 2 18 100
647 3 5 220
647 3 6 220
647 3 7 220
647 3 8 220
647 3 9 220
647 3 10 220
647 3 11 220
647 3 12 220
647 3 13 220
647 4 26 55
647 4 27 55
647 5 28 45
647 5 29 45
647 5 30 45
648 1 2 75
648 1 3 75
648 2 17 100
648 2 18 100
648 3 5 220
648 3 6 220
648 3 7 220
648 3 8 220
648 3 9 220
648 3 10 220
648 3 11 220
648 3 12 220
648 3 13 220
648 4 26 55
648 4 27 55
648 5 28 45
648 5 29 45
648 5 30 45
649 1 2 75
649 1 3 75
649 2 17 100
649 2 18 100
649 3 5 220
649 3 6 220
649 3 7 220
649 3 8 220
649 3 9 220
649 3 10 220
649 3 11 220
649 3 12 220
649 3 13 220
649 4 26 55
649 4 27 55
649 5 28 45
649 5 29 45
649 5 30 45
650 1 2 75
650 1 3 75
650 2 17 100
650 2 18 100
650 3 5 220
650 3 6 220
650 3 7 220
650 3 8 220
650 3 9 220
650 3 10 220
650 3 11 220
650 3 12 220
650 3 13 220
650 4 26 55
650 4 27 55
650 5 28 45
650 5 29 45
650 5 30 45
651 1 2 75
651 1 3 75
651 2 17 100
651 2 18 100
651 3 5 220
651 3 6 220
651 3 7 220
651 3 8 220
651 3 9 220
651 3 10 220
651 3 11 220
651 3 12 220
651 3 13 220
651 4 26 55
651 4 27 55
651 5 28 45
651 5 29 45
651 5 30 45
652 1 2 75
652 1 3 75
652 2 17 100
652 2 18 100
652 3 5 220
652 3 6 220
652 3 7 220
652 3 8 220
652 3 9 220
652 3 10 220
652 3 11 220
652 3 12 220
652 3 13 220
652 4 26 55
652 4 27 55
652 5 28 45
652 5 29 45
652 5 30 45
653 1 2 75
653 1 3 75
653 2 17 100
653 2 18 100
653 3 5 220
653 3 6 220
653 3 7 220
653 3 8 220
653 3 9 220
653 3 10 220
653 3 11 220
653 3 12 220
653 3 13 220
653 4 26 55
653 4 27 55
653 5 28 45
653 5 29 45
653 5 30 45
654 1 2 75
654 1 3 75
654 2 17 100
654 2 18 100
654 3 5 220
654 3 6 220
654 3 7 220
654 3 8 220
654 3 9 220
654 3 10 220
654 3 11 220
654 3 12 220
654 3 13 220
654 4 26 55
654 4 27 55
654 5 28 45
654 5 29 45
654 5 30 45
655 1 2 75
655 1 3 75
655 2 17 100
655 2 18 100
655 3 5 220
655 3 6 220
655 3 7 220
655 3 8 220
655 3 9 220
655 3 10 220
655 3 11 220
655 3 12 220
655 3 13 220
655 4 26 55
655 4 27 55
655 5 28 45
655 5 29 45
655 5 30 45
656 1 2 75
656 1 3 75
656 2 17 100
656 2 18 100
656 3 5 220
656 3 6 220
656 3 7 220
656 3 8 220
656 3 9 220
656 3 10 220
656 3 11 220
656 3 12 220
656 3 13 220
656 4 26 55
656 4 27 55
656 5 28 45
656 5 29 45
656 5 30 45
657 1 2 75
657 1 3 75
657 2 17 100
657 2 18 100
657 3 5 220
657 3 6 220
657 3 7 220
657 3 8 220
657 3 9 220
657 3 10 220
657 3 11 220
657 3 12 220
657 3 13 220
657 4 26 55
657 4 27 55
657 5 28 45
657 5 29 45
657 5 30 45
658 1 2 75
658 1 3 75
658 2 17 100
658 2 18 100
658 3 5 220
658 3 6 220
658 3 7 220
658 3 8 220
658 3 9 220
658 3 10 220
658 3 11 220
658 3 12 220
658 3 13 220
658 4 26 55
658 4 27 55
658 5 28 45
658 5 29 45
658 5 30 45
659 1 2 75
659 1 3 75
659 2 17 100
659 2 18 100
659 3 5 220
659 3 6 220
659 3 7 220
659 3 8 220
659 3 9 220
659 3 10 220
659 3 11 220
659 3 12 220
659 3 13 220
659 4 26 55
659 4 27 55
659 5 28 45
659 5 29 45
659 5 30 45
660 1 2 75
660 1 3 75
660 2 17 100
660 2 18 100
660 3 5 220
660 3 6 220
660 3 7 220
660 3 8 220
660 3 9 220
660 3 10 220
660 3 11 220
660 3 12 220
660 3 13 220
660 4 26 55
660 4 27 55
660 5 28 45
660 5 29 45
660 5 30 45
661 1 2 75
661 1 3 75
661 2 17 100
661 2 18 100
661 3 5 220
661 3 6 220
661 3 7 220
661 3 8 220
661 3 9 220
661 3 10 220
661 3 11 220
661 3 12 220
661 3 13 220
661 4 26 55
661 4 27 55
661 5 28 45
661 5 29 45
661 5 30 45
662 1 2 75
662 1 3 75
662 2 17 100
662 2 18 100
662 3 5 220
662 3 6 220
662 3 7 220
662 3 8 220
662 3 9 220
662 3 10 220
662 3 11 220
662 3 12 220
662 3 13 220
662 4 26 55
662 4 27 55
662 5 28 45
662 5 29 45
662 5 30 45
663 1 2 75
663 1 3 75
663 2 17 100
663 2 18 100
663 3 5 220
663 3 6 220
663 3 7 220
663 3 8 220
663 3 9 220
663 3 10 220
663 3 11 220
663 3 12 220
663 3 13 220
663 4 26 55
663 4 27 55
663 5 28 45
663 5 29 45
663 5 30 45
664 1 2 75
664 1 3 75
664 2 17 100
664 2 18 100
664 3 5 220
664 3 6 220
664 3 7 220
664 3 8 220
664 3 9 220
664 3 10 220
664 3 11 220
664 3 12 220
664 3 13 220
664 4 26 55
664 4 27 55
664 5 28 45
664 5 29 45
664 5 30 45
665 1 2 75
665 1 3 75
665 2 17 100
665 2 18 100
665 3 5 220
665 3 6 220
665 3 7 220
665 3 8 220
665 3 9 220
665 3 10 220
665 3 11 220
665 3 12 220
665 3 13 220
665 4 26 55
665 4 27 55
665 5 28 45
665 5 29 45
665 5 30 45
666 1 2 75
666 1 3 75
666 2 17 100
666 2 18 100
666 3 5 220
666 3 6 220
666 3 7 220
666 3 8 220
666 3 9 220
666 3 10 220
666 3 11 220
666 3 12 220
666 3 13 220
666 4 26 55
666 4 27 55
666 5 28 45
666 5 29 45
666 5 30 45
667 1 2 75
667 1 3 75
667 2 17 100
667 2 18 100
667 3 5 220
667 3 6 220
667 3 7 220
667 3 8 220
667 3 9 220
667 3 10 220
667 3 11 220
667 3 12 220
667 3 13 220
667 4 26 55
667 4 27 55
667 5 28 45
667 5 29 45
667 5 30 45
668 1 2 75
668 1 3 75
668 2 17 100
668 2 18 100
668 3 5 220
668 3 6 220
668 3 7 220
668 3 8 220
668 3 9 220
668 3 10 220
668 3 11 220
668 3 12 220
668 3 13 220
668 4 26 55
668 4 27 55
668 5 28 45
668 5 29 45
668 5 30 45
669 1 2 75
669 1 3 75
669 2 17 100
669 2 18 100
669 3 5 220
669 3 6 220
669 3 7 220
669 3 8 220
669 3 9 220
669 3 10 220
669 3 11 220
669 3 12 220
669 3 13 220
669 4 26 55
669 4 27 55
669 5 28 45
669 5 29 45
669 5 30 45
670 1 2 75
670 1 3 75
670 2 17 100
670 2 18 100
670 3 5 220
670 3 6 220
670 3 7 220
670 3 8 220
670 3 9 220
670 3 10 220
670 3 11 220
670 3 12 220
670 3 13 220
670 4 26 55
670 4 27 55
670 5 28 45
670 5 29 45
670 5 30 45
