604
30
1 1 1 1 1 1 1 1 1 1 1 1 1 1 1 1 1 1 1 1 1 1 1 1 1 1 1 1 1 1 1 1 1 1 1 1 1 1 1 1 1 1 1 1 1 1 1 1 1 1 1 1 1 1 1 1 1 1 1 1 1 1 1 1 1 1 1 1 1 1 1 1 1 1 1 1 1 1 1 1 1 1 1 1 1 1 1 1 1 1 1 1 1 1 1 1 1 1 1 1 1 1 1 1 1 1 1 1 1 1 1 1 1 1 1 1 1 1 1 1 1 1 1 1 1 1 1 1 1 1 1 1 1 1 1 1 1 1 1 1 1 1 1 1 1 1 1 1 1 1 1 1 1 1 1 1 1 1 1 1 1 1 1 1 1 1 1 1 1 1 1 1 1 1 1 1 1 1 1 1 1 1 1 1 1 1 1 1 1 1 1 1 1 1 1 1 1 1 1 1 1 1 1 1 1 1 1 1 1 1 1 1 1 1 1 1 1 1 1 1 1 1 1 1 1 1 1 1 1 1 1 1 1 1 1 1 1 1 1 1 1 1 1 1 1 1 1 1 1 1 1 1 1 1 1 1 1 1 1 1 1 1 1 1 1 1 1 1 1 1 1 1 1 1 1 1 1 1 1 1 1 1 1 1 1 1 1 1 1 1 1 1 1 1 1 1 1 1 1 1 1 1 1 1 1 1 1 1 1 1 1 1 1 1 1 1 1 1 1 1 1 1 1 1 1 1 1 1 1 1 1 1 1 1 1 1 1 1 1 1 1 1 1 1 1 1 1 1 1 1 1 1 1 1 1 1 1 1 1 1 1 1 1 1 1 1 1 1 1 1 1 1 1 1 1 1 1 1 1 1 1 1 1 1 1 1 1 1 1 1 1 1 1 1 1 1 1 1 1 1 1 1 1 1 1 1 1 1 1 1 1 1 1 1 1 1 1 1 1 1 1 1 1 1 1 1 1 1 1 1 1 1 1 1 1 1 1 1 1 1 1 1 1 1 1 1 1 1 1 1 5 5 5 5 5 5 5 5 5 5 5 5 5 5 5 5 5 5 5 5 5 5 5 5 5 5 5 5 5 5 5 5 5 5 5 5 5 5 5 5 5 5 5 5 5 5 5 5 5 5 5 5 5 5 5 5 5 5 5 5 5 5 5 5 5 5 5 5 5 5 5 5 5 5 5 5 5 5 5 5 5 5 5 5 5 5 5 5 5 5 5 5 5 5 5 5 5 5 5 5 5 5 5 5 5 5 5 5 5 5 5 5 5 5 5 5 5 5 5 5 5 5 5 5 5 5 5 5 5 5 5 5 5 5 5 5 5 5 5 5 5 5 5 5 5 5 5 5 5 5 5 5 5 5
28800 28800 28800 28800 28800 28800 28800 28800 28800 28800 28800 28800 28800 28800 28800 28800 28800 28800 28800 28800 28800 28800 28800 28800 28800 28800 28800 28800 28800 28800 28800 28800 28800 28800 28800 28800 28800 28800 28800 28800 28800 28800 28800 28800 28800 28800 28800 28800 28800 28800 28800 28800 28800 28800 28800 28800 28800 28800 28800 28800 28800 28800 28800 28800 28800 28800 28800 28800 28800 28800 28800 28800 28800 28800 28800 28800 28800 28800 28800 28800 28800 28800 28800 28800 28800 28800 28800 28800 28800 28800 28800 28800 28800 28800 28800 28800 28800 28800 28800 28800 28800 28800 28800 28800 28800 28800 28800 28800 28800 28800 28800 28800 28800 28800 28800 28800 28800 28800 28800 28800 28800 28800 28800 28800 28800 28800 28800 28800 28800 28800 28800 28800 28800 28800 28800 28800 28800 28800 28800 28800 28800 28800 28800 28800 28800 28800 28800 28800 28800 28800 28800 28800 28800 28800 28800 28800 28800 28800 28800 28800 28800 28800 28800 28800 28800 28800 28800 28800 28800 28800 28800 28800 28800 28800 28800 28800 28800 28800 28800 28800 28800 28800 28800 28800 28800 28800 28800 28800 28800 28800 28800 28800 28800 28800 28800 28800 28800 28800 28800 28800 28800 28800 28800 28800 28800 28800 28800 28800 28800 28800 28800 28800 28800 28800 28800 28800 28800 28800 28800 28800 28800 28800 28800 28800 28800 28800 28800 28800 28800 28800 28800 28800 28800 28800 28800 28800 28800 28800 28800 28800 28800 28800 28800 28800 28800 28800 28800 28800 28800 28800 28800 28800 28800 28800 28800 28800 28800 28800 28800 28800 28800 28800 28800 28800 28800 28800 28800 28800 28800 28800 28800 28800 28800 28800 28800 28800 28800 28800 28800 28800 28800 28800 28800 28800 28800 28800 28800 28800 28800 28800 28800 28800 28800 28800 28800 28800 28800 28800 28800 28800 28800 28800 28800 28800 28800 28800 28800 28800 28800 28800 28800 28800 28800 28800 28800 28800 28800 28800 28800 28800 28800 28800 28800 28800 28800 28800 28800 28800 28800 28800 28800 28800 28800 28800 28800 28800 28800 28800 28800 28800 28800 28800 28800 28800 28800 28800 28800 28800 28800 28800 28800 28800 28800 28800 28800 28800 28800 28800 28800 28800 28800 28800 28800 28800 28800 28800 28800 28800 28800 28800 28800 28800 28800 28800 28800 28800 28800 28800 28800 28800 28800 28800 28800 28800 28800 28800 28800 28800 28800 28800 28800 28800 28800 28800 28800 28800 28800 28800 28800 28800 28800 28800 28800 28800 28800 28800 28800 28800 28800 28800 28800 28800 28800 28800 28800 28800 28800 28800 28800 28800 28800 28800 28800 28800 28800 28800 28800 28800 28800 28800 28800 28800 28800 28800 28800 28800 28800 28800 28800 28800 28800 28800 28800 28800 28800 28800 28800 28800 28800 28800 28800 28800 28800 28800 28800 28800 28800 28800 28800 28800 28800 28800 28800 28800 28800 28800 28800 28800 28800 28800 28800 28800 28800 28800 28800 28800 28800 28800 28800 28800 28800 28800 28800 28800 28800 28800 28800 28800 28800 28800 28800 28800 28800 28800 28800 28800 28800 28800 28800 28800 28800 28800 28800 28800 28800 28800 28800 28800 28800 28800 28800 28800 28800 28800 28800 28800 28800 28800 28800 28800 28800 28800 28800 28800 28800 28800 28800 28800 28800 28800 28800 28800 28800 28800 28800 28800 28800 28800 28800 28800 28800 28800 28800 28800 28800 28800 28800 28800 28800 28800 28800 28800 28800 28800 28800 28800 28800 28800 28800 28800 28800 28800 28800 28800 28800 28800 28800 28800 28800 28800 28800 28800 28800 28800 28800 28800 28800 28800 28800 28800 28800 28800 28800 28800 28800 28800 28800 28800 28800 28800 28800 28800 28800 28800 28800 28800 28800 28800 28800 28800 28800 28800 28800 28800
1 1 17 70
1 1 18 70
2 1 17 70
2 1 18 70
3 1 17 70
3 1 18 70
4 1 17 70
4 1 18 70
5 1 17 70
5 1 18 70
6 1 17 70
6 1 18 70
7 1 17 70
7 1 18 70
8 1 17 70
8 1 18 70
9 1 17 70
9 1 18 70
10 1 17 70
10 1 18 70
11 1 17 70
11 1 18 70
12 1 17 70
12 1 18 70
13 1 17 70
13 1 18 70
14 1 17 70
14 1 18 70
15 1 17 70
15 1 18 70
16 1 17 70
16 1 18 70
17 1 17 70
17 1 18 70
18 1 17 70
18 1 18 70
19 1 17 70
19 1 18 70
20 1 17 70
20 1 18 70
21 1 17 70
21 1 18 70
22 1 17 70
22 1 18 70
23 1 17 70
23 1 18 70
24 1 17 70
24 1 18 70
25 1 17 70
25 1 18 70
26 1 17 70
26 1 18 70
27 1 17 70
27 1 18 70
28 1 17 70
28 1 18 70
29 1 17 70
29 1 18 70
30 1 17 70
30 1 18 70
31 1 17 70
31 1 18 70
32 1 17 70
32 1 18 70
33 1 17 70
33 1 18 70
34 1 17 70
34 1 18 70
35 1 17 70
35 1 18 70
36 1 17 70
36 1 18 70
37 1 17 70
37 1 18 70
38 1 17 70
38 1 18 70
39 1 17 70
39 1 18 70
40 1 17 70
40 1 18 70
41 1 17 70
41 1 18 70
42 1 17 70
42 1 18 70
43 1 17 70
43 1 18 70
44 1 17 70
44 1 18 70
45 1 17 70
45 1 18 70
46 1 17 70
46 1 18 70
47 1 17 70
47 1 18 70
48 1 17 70
48 1 18 70
49 1 17 70
49 1 18 70
50 1 17 70
50 1 18 70
51 1 17 70
51 1 18 70
52 1 17 70
52 1 18 70
53 1 17 70
53 1 18 70
54 1 17 70
54 1 18 70
55 1 17 70
55 1 18 70
56 1 17 70
56 1 18 70
57 1 17 70
57 1 18 70
58 1 17 70
58 1 18 70
59 1 17 70
59 1 18 70
60 1 17 70
60 1 18 70
61 1 17 70
61 1 18 70
62 1 17 70
62 1 18 70
63 1 17 70
63 1 18 70
64 1 17 70
64 1 18 70
65 1 17 70
65 1 18 70
66 1 17 70
66 1 18 70
67 1 17 70
67 1 18 70
68 1 17 70
68 1 18 70
69 1 17 70
69 1 18 70
70 1 17 70
70 1 18 70
71 1 17 70
71 1 18 70
72 1 17 70
72 1 18 70
73 1 17 70
73 1 18 70
74 1 17 70
74 1 18 70
75 1 17 70
75 1 18 70
76 1 17 70
76 1 18 70
77 1 17 70
77 1 18 70
78 1 17 70
78 1 18 70
79 1 17 70
79 1 18 70
80 1 17 70
80 1 18 70
81 1 17 70
81 1 18 70
82 1 17 70
82 1 18 70
83 1 17 70
83 1 18 70
84 1 17 70
84 1 18 70
85 1 17 70
85 1 18 70
86 1 17 70
86 1 18 70
87 1 17 70
87 1 18 70
88 1 17 70
88 1 18 70
89 1 17 70
89 1 18 70
90 1 17 70
90 1 18 70
91 1 17 70
91 1 18 70
92 1 17 70
92 1 18 70
93 1 17 70
93 1 18 70
94 1 17 70
94 1 18 70
95 1 17 70
95 1 18 70
96 1 17 70
96 1 18 70
97 1 17 70
97 1 18 70
98 1 17 70
98 1 18 70
99 1 17 70
99 1 18 70
100 1 17 70
100 1 18 70
101 1 17 70
101 1 18 70
102 1 17 70
102 1 18 70
103 1 17 70
103 1 18 70
104 1 17 70
104 1 18 70
105 1 17 70
105 1 18 70
106 1 17 70
106 1 18 70
107 1 17 70
107 1 18 70
108 1 17 70
108 1 18 70
109 1 17 70
109 1 18 70
110 1 17 70
110 1 18 70
111 1 17 70
111 1 18 70
112 1 17 70
112 1 18 70
113 1 17 70
113 1 18 70
114 1 17 70
114 1 18 70
115 1 17 70
115 1 18 70
116 1 17 70
116 1 18 70
117 1 17 70
117 1 18 70
118 1 17 70
118 1 18 70
119 1 17 70
119 1 18 70
120 1 17 70
120 1 18 70
121 1 17 70
121 1 18 70
122 1 17 70
122 1 18 70
123 1 17 70
123 1 18 70
124 1 17 70
124 1 18 70
125 1 17 70
125 1 18 70
126 1 17 70
126 1 18 70
127 1 17 70
127 1 18 70
128 1 17 70
128 1 18 70
129 1 17 70
129 1 18 70
130 1 17 70
130 1 18 70
131 1 17 70
131 1 18 70
132 1 17 70
132 1 18 70
133 1 17 70
133 1 18 70
134 1 17 70
134 1 18 70
135 1 17 70
135 1 18 70
136 1 17 70
136 1 18 70
137 1 17 70
137 1 18 70
138 1 17 70
138 1 18 70
139 1 17 70
139 1 18 70
140 1 17 70
140 1 18 70
141 1 17 70
141 1 18 70
142 1 17 70
142 1 18 70
143 1 17 70
143 1 18 70
144 1 17 70
144 1 18 70
145 1 17 70
145 1 18 70
146 1 17 70
146 1 18 70
147 1 17 70
147 1 18 70
148 1 17 70
148 1 18 70
149 1 17 70
149 1 18 70
150 1 17 70
150 1 18 70
151 1 17 70
151 1 18 70
152 1 17 70
152 1 18 70
153 1 17 70
153 1 18 70
154 1 17 70
154 1 18 70
155 1 17 70
155 1 18 70
156 1 17 70
156 1 18 70
157 1 17 70
157 1 18 70
158 1 17 70
158 1 18 70
159 1 17 70
159 1 18 70
160 1 17 70
160 1 18 70
161 1 17 70
161 1 18 70
162 1 17 70
162 1 18 70
163 1 17 70
163 1 18 70
164 1 17 70
164 1 18 70
165 1 17 70
165 1 18 70
166 1 17 70
166 1 18 70
167 1 17 70
167 1 18 70
168 1 17 70
168 1 18 70
169 1 17 70
169 1 18 70
170 1 17 70
170 1 18 70
171 1 17 70
171 1 18 70
172 1 17 70
172 1 18 70
173 1 17 70
173 1 18 70
174 1 17 70
174 1 18 70
175 1 17 70
175 1 18 70
176 1 17 70
176 1 18 70
177 1 17 70
177 1 18 70
178 1 17 70
178 1 18 70
179 1 17 70
179 1 18 70
180 1 17 70
180 1 18 70
181 1 17 70
181 1 18 70
182 1 17 70
182 1 18 70
183 1 17 70
183 1 18 70
184 1 17 70
184 1 18 70
185 1 17 70
185 1 18 70
186 1 17 70
186 1 18 70
187 1 17 70
187 1 18 70
188 1 17 70
188 1 18 70
189 1 17 70
189 1 18 70
190 1 17 70
190 1 18 70
191 1 17 70
191 1 18 70
192 1 17 70
192 1 18 70
193 1 17 70
193 1 18 70
194 1 17 70
194 1 18 70
195 1 17 70
195 1 18 70
196 1 17 70
196 1 18 70
197 1 17 70
197 1 18 70
198 1 17 70
198 1 18 70
199 1 17 70
199 1 18 70
200 1 17 70
200 1 18 70
201 1 17 70
201 1 18 70
202 1 17 70
202 1 18 70
203 1 17 70
203 1 18 70
204 1 17 70
204 1 18 70
205 1 17 70
205 1 18 70
206 1 17 70
206 1 18 70
207 1 17 70
207 1 18 70
208 1 17 70
208 1 18 70
209 1 17 70
209 1 18 70
210 1 17 70
210 1 18 70
211 1 17 70
211 1 18 70
212 1 17 70
212 1 18 70
213 1 17 70
213 1 18 70
214 1 17 70
214 1 18 70
215 1 17 70
215 1 18 70
216 1 17 70
216 1 18 70
217 1 17 70
217 1 18 70
218 1 17 70
218 1 18 70
219 1 17 70
219 1 18 70
220 1 17 70
220 1 18 70
221 1 17 70
221 1 18 70
222 1 17 70
222 1 18 70
223 1 17 70
223 1 18 70
224 1 17 70
224 1 18 70
225 1 17 70
225 1 18 70
226 1 17 70
226 1 18 70
227 1 17 70
227 1 18 70
228 1 17 70
228 1 18 70
229 1 17 70
229 1 18 70
230 1 17 70
230 1 18 70
231 1 17 70
231 1 18 70
232 1 17 70
232 1 18 70
233 1 17 70
233 1 18 70
234 1 17 70
234 1 18 70
235 1 17 70
235 1 18 70
236 1 17 70
236 1 18 70
237 1 17 70
237 1 18 70
238 1 17 70
238 1 18 70
239 1 17 70
239 1 18 70
240 1 17 70
240 1 18 70
241 1 17 70
241 1 18 70
242 1 17 70
242 1 18 70
243 1 17 70
243 1 18 70
244 1 17 70
244 1 18 70
245 1 17 70
245 1 18 70
246 1 17 70
246 1 18 70
247 1 17 70
247 1 18 70
248 1 17 70
248 1 18 70
249 1 17 70
249 1 18 70
250 1 17 70
250 1 18 70
251 1 17 40
251 1 18 40
252 1 17 40
252 1 18 40
253 1 17 40
253 1 18 40
254 1 17 40
254 1 18 40
255 1 17 40
255 1 18 40
256 1 17 40
256 1 18 40
257 1 17 40
257 1 18 40
258 1 17 40
258 1 18 40
259 1 17 40
259 1 18 40
260 1 17 40
260 1 18 40
261 1 17 40
261 1 18 40
262 1 17 40
262 1 18 40
263 1 17 40
263 1 18 40
264 1 17 40
264 1 18 40
265 1 17 40
265 1 18 40
266 1 17 40
266 1 18 40
267 1 17 40
267 1 18 40
268 1 17 40
268 1 18 40
269 1 17 40
269 1 18 40
270 1 17 40
270 1 18 40
271 1 17 40
271 1 18 40
272 1 17 40
272 1 18 40
273 1 17 40
273 1 18 40
274 1 17 40
274 1 18 40
275 1 17 40
275 1 18 40
276 1 17 40
276 1 18 40
277 1 17 40
277 1 18 40
278 1 17 40
278 1 18 40
279 1 17 40
279 1 18 40
280 1 17 40
280 1 18 40
281 1 17 40
281 1 18 40
282 1 17 40
282 1 18 40
283 1 17 40
283 1 18 40
284 1 17 40
284 1 18 40
285 1 17 40
285 1 18 40
286 1 17 40
286 1 18 40
287 1 17 40
287 1 18 40
288 1 17 40
288 1 18 40
289 1 17 40
289 1 18 40
290 1 17 40
290 1 18 40
291 1 17 40
291 1 18 40
292 1 17 40
292 1 18 40
293 1 17 40
293 1 18 40
294 1 17 40
294 1 18 40
295 1 17 40
295 1 18 40
296 1 17 40
296 1 18 40
297 1 17 40
297 1 18 40
298 1 17 40
298 1 18 40
299 1 17 40
299 1 18 40
300 1 17 40
300 1 18 40
301 1 17 40
301 1 18 40
302 1 17 40
302 1 18 40
303 1 17 40
303 1 18 40
304 1 17 40
304 1 18 40
305 1 17 40
305 1 18 40
306 1 17 40
306 1 18 40
307 1 17 40
307 1 18 40
308 1 17 40
308 1 18 40
309 1 17 40
309 1 18 40
310 1 17 40
310 1 18 40
311 1 17 40
311 1 18 40
312 1 17 40
312 1 18 40
313 1 17 40
313 1 18 40
314 1 17 40
314 1 18 40
315 1 17 40
315 1 18 40
316 1 17 40
316 1 18 40
317 1 17 40
317 1 18 40
318 1 17 40
318 1 18 40
319 1 17 40
319 1 18 40
320 1 17 40
320 1 18 40
321 1 17 40
321 1 18 40
322 1 17 40
322 1 18 40
323 1 17 40
323 1 18 40
324 1 17 40
324 1 18 40
325 1 17 40
325 1 18 40
326 1 17 40
326 1 18 40
327 1 17 40
327 1 18 40
328 1 17 40
328 1 18 40
329 1 17 40
329 1 18 40
330 1 17 40
330 1 18 40
331 1 17 40
331 1 18 40
332 1 17 40
332 1 18 40
333 1 17 40
333 1 18 40
334 1 17 40
334 1 18 40
335 1 17 40
335 1 18 40
336 1 17 40
336 1 18 40
337 1 17 40
337 1 18 40
338 1 17 40
338 1 18 40
339 1 17 40
339 1 18 40
340 1 17 40
340 1 18 40
341 1 17 40
341 1 18 40
342 1 17 40
342 1 18 40
343 1 17 40
343 1 18 40
344 1 17 40
344 1 18 40
345 1 17 40
345 1 18 40
346 1 17 40
346 1 18 40
347 1 17 40
347 1 18 40
348 1 17 40
348 1 18 40
349 1 17 40
349 1 18 40
350 1 17 40
350 1 18 40
351 1 17 40
351 1 18 40
352 1 17 40
352 1 18 40
353 1 17 40
353 1 18 40
354 1 17 40
354 1 18 40
355 1 17 40
355 1 18 40
356 1 17 40
356 1 18 40
357 1 17 40
357 1 18 40
358 1 17 40
358 1 18 40
359 1 17 40
359 1 18 40
360 1 17 40
360 1 18 40
361 1 17 40
361 1 18 40
362 1 17 40
362 1 18 40
363 1 17 40
363 1 18 40
364 1 17 40
364 1 18 40
365 1 17 40
365 1 18 40
366 1 17 40
366 1 18 40
367 1 17 40
367 1 18 40
368 1 17 40
368 1 18 40
369 1 17 40
369 1 18 40
370 1 17 40
370 1 18 40
371 1 17 40
371 1 18 40
372 1 17 40
372 1 18 40
373 1 17 40
373 1 18 40
374 1 17 40
374 1 18 40
375 1 17 40
375 1 18 40
376 1 17 40
376 1 18 40
377 1 17 40
377 1 18 40
378 1 17 40
378 1 18 40
379 1 17 40
379 1 18 40
380 1 17 40
380 1 18 40
381 1 17 40
381 1 18 40
382 1 17 40
382 1 18 40
383 1 17 40
383 1 18 40
384 1 17 40
384 1 18 40
385 1 17 40
385 1 18 40
386 1 17 40
386 1 18 40
387 1 17 40
387 1 18 40
388 1 17 40
388 1 18 40
389 1 17 40
389 1 18 40
390 1 17 40
390 1 18 40
391 1 17 40
391 1 18 40
392 1 17 40
392 1 18 40
393 1 17 40
393 1 18 40
394 1 17 40
394 1 18 40
395 1 17 40
395 1 18 40
396 1 17 40
396 1 18 40
397 1 17 40
397 1 18 40
398 1 17 40
398 1 18 40
399 1 17 40
399 1 18 40
400 1 17 40
400 1 18 40
401 1 17 40
401 1 18 40
402 1 17 40
402 1 18 40
403 1 17 40
403 1 18 40
404 1 17 40
404 1 18 40
405 1 17 40
405 1 18 40
406 1 17 40
406 1 18 40
407 1 17 40
407 1 18 40
408 1 17 40
408 1 18 40
409 1 17 40
409 1 18 40
410 1 17 40
410 1 18 40
411 1 17 40
411 1 18 40
412 1 17 40
412 1 18 40
413 1 17 40
413 1 18 40
414 1 17 40
414 1 18 40
415 1 17 40
415 1 18 40
416 1 17 40
416 1 18 40
417 1 17 40
417 1 18 40
418 1 17 40
418 1 18 40
419 1 17 40
419 1 18 40
420 1 17 40
420 1 18 40
421 1 17 40
421 1 18 40
422 1 17 40
422 1 18 40
423 1 17 40
423 1 18 40
424 1 17 40
424 1 18 40
425 1 17 40
425 1 18 40
426 1 17 40
426 1 18 40
427 1 17 40
427 1 18 40
428 1 17 40
428 1 18 40
429 1 17 40
429 1 18 40
430 1 17 40
430 1 18 40
431 1 17 40
431 1 18 40
432 1 17 40
432 1 18 40
433 1 17 40
433 1 18 40
434 1 17 40
434 1 18 40
435 1 17 40
435 1 18 40
436 1 17 40
436 1 18 40
437 1 17 40
437 1 18 40
438 1 17 40
438 1 18 40
439 1 17 40
439 1 18 40
440 1 17 40
440 1 18 40
441 1 17 40
441 1 18 40
442 1 17 40
442 1 18 40
443 1 17 40
443 1 18 40
444 1 17 40
444 1 18 40
445 1 17 40
445 1 18 40
446 1 17 40
446 1 18 40
447 1 17 40
447 1 18 40
448 1 17 40
448 1 18 40
449 1 17 40
449 1 18 40
450 1 17 40
450 1 18 40
451 1 2 150
451 1 3 150
451 2 17 200
451 2 18 200
451 3 5 440
451 3 6 440
451 3 7 440
451 3 8 440
451 3 9 440
451 3 10 440
451 3 11 440
451 3 12 440
451 3 13 440
451 4 26 110
451 4 27 110
451 5 28 90
451 5 29 90
451 5 30 90
452 1 2 150
452 1 3 150
452 2 17 200
452 2 18 200
452 3 5 440
452 3 6 440
452 3 7 440
452 3 8 440
452 3 9 440
452 3 10 440
452 3 11 440
452 3 12 440
452 3 13 440
452 4 26 110
452 4 27 110
452 5 28 90
452 5 29 90
452 5 30 90
453 1 2 150
453 1 3 150
453 2 17 200
453 2 18 200
453 3 5 440
453 3 6 440
453 3 7 440
453 3 8 440
453 3 9 440
453 3 10 440
453 3 11 440
453 3 12 440
453 3 13 440
453 4 26 110
453 4 27 110
453 5 28 90
453 5 29 90
453 5 30 90
454 1 2 150
454 1 3 150
454 2 17 200
454 2 18 200
454 3 5 440
454 3 6 440
454 3 7 440
454 3 8 440
454 3 9 440
454 3 10 440
454 3 11 440
454 3 12 440
454 3 13 440
454 4 26 110
454 4 27 110
454 5 28 90
454 5 29 90
454 5 30 90
455 1 2 150
455 1 3 150
455 2 17 200
455 2 18 200
455 3 5 440
455 3 6 440
455 3 7 440
455 3 8 440
455 3 9 440
455 3 10 440
455 3 11 440
455 3 12 440
455 3 13 440
455 4 26 110
455 4 27 110
455 5 28 90
455 5 29 90
455 5 30 90
456 1 2 150
456 1 3 150
456 2 17 200
456 2 18 200
456 3 5 440
456 3 6 440
456 3 7 440
456 3 8 440
456 3 9 440
456 3 10 440
456 3 11 440
456 3 12 440
456 3 13 440
456 4 26 110
456 4 27 110
456 5 28 90
456 5 29 90
456 5 30 90
457 1 2 150
457 1 3 150
457 2 17 200
457 2 18 200
457 3 5 440
457 3 6 440
457 3 7 440
457 3 8 440
457 3 9 440
457 3 10 440
457 3 11 440
457 3 12 440
457 3 13 440
457 4 26 110
457 4 27 110
457 5 28 90
457 5 29 90
457 5 30 90
458 1 2 150
458 1 3 150
458 2 17 200
458 2 18 200
458 3 5 440
458 3 6 440
458 3 7 440
458 3 8 440
458 3 9 440
458 3 10 440
458 3 11 440
458 3 12 440
458 3 13 440
458 4 26 110
458 4 27 110
458 5 28 90
458 5 29 90
458 5 30 90
459 1 2 150
459 1 3 150
459 2 17 200
459 2 18 200
459 3 5 440
459 3 6 440
459 3 7 440
459 3 8 440
459 3 9 440
459 3 10 440
459 3 11 440
459 3 12 440
459 3 13 440
459 4 26 110
459 4 27 110
459 5 28 90
459 5 29 90
459 5 30 90
460 1 2 150
460 1 3 150
460 2 17 200
460 2 18 200
460 3 5 440
460 3 6 440
460 3 7 440
460 3 8 440
460 3 9 440
460 3 10 440
460 3 11 440
460 3 12 440
460 3 13 440
460 4 26 110
460 4 27 110
460 5 28 90
460 5 29 90
460 5 30 90
461 1 2 150
461 1 3 150
461 2 17 200
461 2 18 200
461 3 5 440
461 3 6 440
461 3 7 440
461 3 8 440
461 3 9 440
461 3 10 440
461 3 11 440
461 3 12 440
461 3 13 440
461 4 26 110
461 4 27 110
461 5 28 90
461 5 29 90
461 5 30 90
462 1 2 150
462 1 3 150
462 2 17 200
462 2 18 200
462 3 5 440
462 3 6 440
462 3 7 440
462 3 8 440
462 3 9 440
462 3 10 440
462 3 11 440
462 3 12 440
462 3 13 440
462 4 26 110
462 4 27 110
462 5 28 90
462 5 29 90
462 5 30 90
463 1 2 150
463 1 3 150
463 2 17 200
463 2 18 200
463 3 5 440
463 3 6 440
463 3 7 440
463 3 8 440
463 3 9 440
463 3 10 440
463 3 11 440
463 3 12 440
463 3 13 440
463 4 26 110
463 4 27 110
463 5 28 90
463 5 29 90
463 5 30 90
464 1 2 150
464 1 3 150
464 2 17 200
464 2 18 200
464 3 5 440
464 3 6 440
464 3 7 440
464 3 8 440
464 3 9 440
464 3 10 440
464 3 11 440
464 3 12 440
464 3 13 440
464 4 26 110
464 4 27 110
464 5 28 90
464 5 29 90
464 5 30 90
465 1 2 150
465 1 3 150
465 2 17 200
465 2 18 200
465 3 5 440
465 3 6 440
465 3 7 440
465 3 8 440
465 3 9 440
465 3 10 440
465 3 11 440
465 3 12 440
465 3 13 440
465 4 26 110
465 4 27 110
465 5 28 90
465 5 29 90
465 5 30 90
466 1 2 150
466 1 3 150
466 2 17 200
466 2 18 200
466 3 5 440
466 3 6 440
466 3 7 440
466 3 8 440
466 3 9 440
466 3 10 440
466 3 11 440
466 3 12 440
466 3 13 440
466 4 26 110
466 4 27 110
466 5 28 90
466 5 29 90
466 5 30 90
467 1 2 150
467 1 3 150
467 2 17 200
467 2 18 200
467 3 5 440
467 3 6 440
467 3 7 440
467 3 8 440
467 3 9 440
467 3 10 440
467 3 11 440
467 3 12 440
467 3 13 440
467 4 26 110
467 4 27 110
467 5 28 90
467 5 29 90
467 5 30 90
468 1 2 150
468 1 3 150
468 2 17 200
468 2 18 200
468 3 5 440
468 3 6 440
468 3 7 440
468 3 8 440
468 3 9 440
468 3 10 440
468 3 11 440
468 3 12 440
468 3 13 440
468 4 26 110
468 4 27 110
468 5 28 90
468 5 29 90
468 5 30 90
469 1 2 150
469 1 3 150
469 2 17 200
469 2 18 200
469 3 5 440
469 3 6 440
469 3 7 440
469 3 8 440
469 3 9 440
469 3 10 440
469 3 11 440
469 3 12 440
469 3 13 440
469 4 26 110
469 4 27 110
469 5 28 90
469 5 29 90
469 5 30 90
470 1 2 150
470 1 3 150
470 2 17 200
470 2 18 200
470 3 5 440
470 3 6 440
470 3 7 440
470 3 8 440
470 3 9 440
470 3 10 440
470 3 11 440
470 3 12 440
470 3 13 440
470 4 26 110
470 4 27 110
470 5 28 90
470 5 29 90
470 5 30 90
471 1 2 150
471 1 3 150
471 2 17 200
471 2 18 200
471 3 5 440
471 3 6 440
471 3 7 440
471 3 8 440
471 3 9 440
471 3 10 440
471 3 11 440
471 3 12 440
471 3 13 440
471 4 26 110
471 4 27 110
471 5 28 90
471 5 29 90
471 5 30 90
472 1 2 150
472 1 3 150
472 2 17 200
472 2 18 200
472 3 5 440
472 3 6 440
472 3 7 440
472 3 8 440
472 3 9 440
472 3 10 440
472 3 11 440
472 3 12 440
472 3 13 440
472 4 26 110
472 4 27 110
472 5 28 90
472 5 29 90
472 5 30 90
473 1 2 150
473 1 3 150
473 2 17 200
473 2 18 200
473 3 5 440
473 3 6 440
473 3 7 440
473 3 8 440
473 3 9 440
473 3 10 440
473 3 11 440
473 3 12 440
473 3 13 440
473 4 26 110
473 4 27 110
473 5 28 90
473 5 29 90
473 5 30 90
474 1 2 150
474 1 3 150
474 2 17 200
474 2 18 200
474 3 5 440
474 3 6 440
474 3 7 440
474 3 8 440
474 3 9 440
474 3 10 440
474 3 11 440
474 3 12 440
474 3 13 440
474 4 26 110
474 4 27 110
474 5 28 90
474 5 29 90
474 5 30 90
475 1 2 150
475 1 3 150
475 2 17 200
475 2 18 200
475 3 5 440
475 3 6 440
475 3 7 440
475 3 8 440
475 3 9 440
475 3 10 440
475 3 11 440
475 3 12 440
475 3 13 440
475 4 26 110
475 4 27 110
475 5 28 90
475 5 29 90
475 5 30 90
476 1 2 150
476 1 3 150
476 2 17 200
476 2 18 200
476 3 5 440
476 3 6 440
476 3 7 440
476 3 8 440
476 3 9 440
476 3 10 440
476 3 11 440
476 3 12 440
476 3 13 440
476 4 26 110
476 4 27 110
476 5 28 90
476 5 29 90
476 5 30 90
477 1 2 150
477 1 3 150
477 2 17 200
477 2 18 200
477 3 5 440
477 3 6 440
477 3 7 440
477 3 8 440
477 3 9 440
477 3 10 440
477 3 11 440
477 3 12 440
477 3 13 440
477 4 26 110
477 4 27 110
477 5 28 90
477 5 29 90
477 5 30 90
478 1 2 150
478 1 3 150
478 2 17 200
478 2 18 200
478 3 5 440
478 3 6 440
478 3 7 440
478 3 8 440
478 3 9 440
478 3 10 440
478 3 11 440
478 3 12 440
478 3 13 440
478 4 26 110
478 4 27 110
478 5 28 90
478 5 29 90
478 5 30 90
479 1 2 150
479 1 3 150
479 2 17 200
479 2 18 200
479 3 5 440
479 3 6 440
479 3 7 440
479 3 8 440
479 3 9 440
479 3 10 440
479 3 11 440
479 3 12 440
479 3 13 440
479 4 26 110
479 4 27 110
479 5 28 90
479 5 29 90
479 5 30 90
480 1 2 150
480 1 3 150
480 2 17 200
480 2 18 200
480 3 5 440
480 3 6 440
480 3 7 440
480 3 8 440
480 3 9 440
480 3 10 440
480 3 11 440
480 3 12 440
480 3 13 440
480 4 26 110
480 4 27 110
480 5 28 90
480 5 29 90
480 5 30 90
481 1 2 150
481 1 3 150
481 2 17 200
481 2 18 200
481 3 5 440
481 3 6 440
481 3 7 440
481 3 8 440
481 3 9 440
481 3 10 440
481 3 11 440
481 3 12 440
481 3 13 440
481 4 26 110
481 4 27 110
481 5 28 90
481 5 29 90
481 5 30 90
482 1 2 150
482 1 3 150
482 2 17 200
482 2 18 200
482 3 5 440
482 3 6 440
482 3 7 440
482 3 8 440
482 3 9 440
482 3 10 440
482 3 11 440
482 3 12 440
482 3 13 440
482 4 26 110
482 4 27 110
482 5 28 90
482 5 29 90
482 5 30 90
483 1 2 150
483 1 3 150
483 2 17 200
483 2 18 200
483 3 5 440
483 3 6 440
483 3 7 440
483 3 8 440
483 3 9 440
483 3 10 440
483 3 11 440
483 3 12 440
483 3 13 440
483 4 26 110
483 4 27 110
483 5 28 90
483 5 29 90
483 5 30 90
484 1 2 150
484 1 3 150
484 2 17 200
484 2 18 200
484 3 5 440
484 3 6 440
484 3 7 440
484 3 8 440
484 3 9 440
484 3 10 440
484 3 11 440
484 3 12 440
484 3 13 440
484 4 26 110
484 4 27 110
484 5 28 90
484 5 29 90
484 5 30 90
485 1 2 150
485 1 3 150
485 2 17 200
485 2 18 200
485 3 5 440
485 3 6 440
485 3 7 440
485 3 8 440
485 3 9 440
485 3 10 440
485 3 11 440
485 3 12 440
485 3 13 440
485 4 26 110
485 4 27 110
485 5 28 90
485 5 29 90
485 5 30 90
486 1 2 150
486 1 3 150
486 2 17 200
486 2 18 200
486 3 5 440
486 3 6 440
486 3 7 440
486 3 8 440
486 3 9 440
486 3 10 440
486 3 11 440
486 3 12 440
486 3 13 440
486 4 26 110
486 4 27 110
486 5 28 90
486 5 29 90
486 5 30 90
487 1 2 150
487 1 3 150
487 2 17 200
487 2 18 200
487 3 5 440
487 3 6 440
487 3 7 440
487 3 8 440
487 3 9 440
487 3 10 440
487 3 11 440
487 3 12 440
487 3 13 440
487 4 26 110
487 4 27 110
487 5 28 90
487 5 29 90
487 5 30 90
488 1 2 150
488 1 3 150
488 2 17 200
488 2 18 200
488 3 5 440
488 3 6 440
488 3 7 440
488 3 8 440
488 3 9 440
488 3 10 440
488 3 11 440
488 3 12 440
488 3 13 440
488 4 26 110
488 4 27 110
488 5 28 90
488 5 29 90
488 5 30 90
489 1 2 150
489 1 3 150
489 2 17 200
489 2 18 200
489 3 5 440
489 3 6 440
489 3 7 440
489 3 8 440
489 3 9 440
489 3 10 440
489 3 11 440
489 3 12 440
489 3 13 440
489 4 26 110
489 4 27 110
489 5 28 90
489 5 29 90
489 5 30 90
490 1 2 150
490 1 3 150
490 2 17 200
490 2 18 200
490 3 5 440
490 3 6 440
490 3 7 440
490 3 8 440
490 3 9 440
490 3 10 440
490 3 11 440
490 3 12 440
490 3 13 440
490 4 26 110
490 4 27 110
490 5 28 90
490 5 29 90
490 5 30 90
491 1 2 150
491 1 3 150
491 2 17 200
491 2 18 200
491 3 5 440
491 3 6 440
491 3 7 440
491 3 8 440
491 3 9 440
491 3 10 440
491 3 11 440
491 3 12 440
491 3 13 440
491 4 26 110
491 4 27 110
491 5 28 90
491 5 29 90
491 5 30 90
492 1 2 150
492 1 3 150
492 2 17 200
492 2 18 200
492 3 5 440
492 3 6 440
492 3 7 440
492 3 8 440
492 3 9 440
492 3 10 440
492 3 11 440
492 3 12 440
492 3 13 440
492 4 26 110
492 4 27 110
492 5 28 90
492 5 29 90
492 5 30 90
493 1 2 150
493 1 3 150
493 2 17 200
493 2 18 200
493 3 5 440
493 3 6 440
493 3 7 440
493 3 8 440
493 3 9 440
493 3 10 440
493 3 11 440
493 3 12 440
493 3 13 440
493 4 26 110
493 4 27 110
493 5 28 90
493 5 29 90
493 5 30 90
494 1 2 150
494 1 3 150
494 2 17 200
494 2 18 200
494 3 5 440
494 3 6 440
494 3 7 440
494 3 8 440
494 3 9 440
494 3 10 440
494 3 11 440
494 3 12 440
494 3 13 440
494 4 26 110
494 4 27 110
494 5 28 90
494 5 29 90
494 5 30 90
495 1 2 150
495 1 3 150
495 2 17 200
495 2 18 200
495 3 5 440
495 3 6 440
495 3 7 440
495 3 8 440
495 3 9 440
495 3 10 440
495 3 11 440
495 3 12 440
495 3 13 440
495 4 26 110
495 4 27 110
495 5 28 90
495 5 29 90
495 5 30 90
496 1 2 150
496 1 3 150
496 2 17 200
496 2 18 200
496 3 5 440
496 3 6 440
496 3 7 440
496 3 8 440
496 3 9 440
496 3 10 440
496 3 11 440
496 3 12 440
496 3 13 440
496 4 26 110
496 4 27 110
496 5 28 90
496 5 29 90
496 5 30 90
497 1 2 150
497 1 3 150
497 2 17 200
497 2 18 200
497 3 5 440
497 3 6 440
497 3 7 440
497 3 8 440
497 3 9 440
497 3 10 440
497 3 11 440
497 3 12 440
497 3 13 440
497 4 26 110
497 4 27 110
497 5 28 90
497 5 29 90
497 5 30 90
498 1 2 150
498 1 3 150
498 2 17 200
498 2 18 200
498 3 5 440
498 3 6 440
498 3 7 440
498 3 8 440
498 3 9 440
498 3 10 440
498 3 11 440
498 3 12 440
498 3 13 440
498 4 26 110
498 4 27 110
498 5 28 90
498 5 29 90
498 5 30 90
499 1 2 150
499 1 3 150
499 2 17 200
499 2 18 200
499 3 5 440
499 3 6 440
499 3 7 440
499 3 8 440
499 3 9 440
499 3 10 440
499 3 11 440
499 3 12 440
499 3 13 440
499 4 26 110
499 4 27 110
499 5 28 90
499 5 29 90
499 5 30 90
500 1 2 150
500 1 3 150
500 2 17 200
500 2 18 200
500 3 5 440
500 3 6 440
500 3 7 440
500 3 8 440
500 3 9 440
500 3 10 440
500 3 11 440
500 3 12 440
500 3 13 440
500 4 26 110
500 4 27 110
500 5 28 90
500 5 29 90
500 5 30 90
501 1 2 150
501 1 3 150
501 2 17 200
501 2 18 200
501 3 5 440
501 3 6 440
501 3 7 440
501 3 8 440
501 3 9 440
501 3 10 440
501 3 11 440
501 3 12 440
501 3 13 440
501 4 26 110
501 4 27 110
501 5 28 90
501 5 29 90
501 5 30 90
502 1 2 150
502 1 3 150
502 2 17 200
502 2 18 200
502 3 5 440
502 3 6 440
502 3 7 440
502 3 8 440
502 3 9 440
502 3 10 440
502 3 11 440
502 3 12 440
502 3 13 440
502 4 26 110
502 4 27 110
502 5 28 90
502 5 29 90
502 5 30 90
503 1 2 150
503 1 3 150
503 2 17 200
503 2 18 200
503 3 5 440
503 3 6 440
503 3 7 440
503 3 8 440
503 3 9 440
503 3 10 440
503 3 11 440
503 3 12 440
503 3 13 440
503 4 26 110
503 4 27 110
503 5 28 90
503 5 29 90
503 5 30 90
504 1 2 150
504 1 3 150
504 2 17 200
504 2 18 200
504 3 5 440
504 3 6 440
504 3 7 440
504 3 8 440
504 3 9 440
504 3 10 440
504 3 11 440
504 3 12 440
504 3 13 440
504 4 26 110
504 4 27 110
504 5 28 90
504 5 29 90
504 5 30 90
505 1 2 150
505 1 3 150
505 2 17 200
505 2 18 200
505 3 5 440
505 3 6 440
505 3 7 440
505 3 8 440
505 3 9 440
505 3 10 440
505 3 11 440
505 3 12 440
505 3 13 440
505 4 26 110
505 4 27 110
505 5 28 90
505 5 29 90
505 5 30 90
506 1 2 150
506 1 3 150
506 2 17 200
506 2 18 200
506 3 5 440
506 3 6 440
506 3 7 440
506 3 8 440
506 3 9 440
506 3 10 440
506 3 11 440
506 3 12 440
506 3 13 440
506 4 26 110
506 4 27 110
506 5 28 90
506 5 29 90
506 5 30 90
507 1 2 150
507 1 3 150
507 2 17 200
507 2 18 200
507 3 5 440
507 3 6 440
507 3 7 440
507 3 8 440
507 3 9 440
507 3 10 440
507 3 11 440
507 3 12 440
507 3 13 440
507 4 26 110
507 4 27 110
507 5 28 90
507 5 29 90
507 5 30 90
508 1 2 150
508 1 3 150
508 2 17 200
508 2 18 200
508 3 5 440
508 3 6 440
508 3 7 440
508 3 8 440
508 3 9 440
508 3 10 440
508 3 11 440
508 3 12 440
508 3 13 440
508 4 26 110
508 4 27 110
508 5 28 90
508 5 29 90
508 5 30 90
509 1 2 150
509 1 3 150
509 2 17 200
509 2 18 200
509 3 5 440
509 3 6 440
509 3 7 440
509 3 8 440
509 3 9 440
509 3 10 440
509 3 11 440
509 3 12 440
509 3 13 440
509 4 26 110
509 4 27 110
509 5 28 90
509 5 29 90
509 5 30 90
510 1 2 150
510 1 3 150
510 2 17 200
510 2 18 200
510 3 5 440
510 3 6 440
510 3 7 440
510 3 8 440
510 3 9 440
510 3 10 440
510 3 11 440
510 3 12 440
510 3 13 440
510 4 26 110
510 4 27 110
510 5 28 90
510 5 29 90
510 5 30 90
511 1 2 150
511 1 3 150
511 2 17 200
511 2 18 200
511 3 5 440
511 3 6 440
511 3 7 440
511 3 8 440
511 3 9 440
511 3 10 440
511 3 11 440
511 3 12 440
511 3 13 440
511 4 26 110
511 4 27 110
511 5 28 90
511 5 29 90
511 5 30 90
512 1 2 150
512 1 3 150
512 2 17 200
512 2 18 200
512 3 5 440
512 3 6 440
512 3 7 440
512 3 8 440
512 3 9 440
512 3 10 440
512 3 11 440
512 3 12 440
512 3 13 440
512 4 26 110
512 4 27 110
512 5 28 90
512 5 29 90
512 5 30 90
513 1 2 150
513 1 3 150
513 2 17 200
513 2 18 200
513 3 5 440
513 3 6 440
513 3 7 440
513 3 8 440
513 3 9 440
513 3 10 440
513 3 11 440
513 3 12 440
513 3 13 440
513 4 26 110
513 4 27 110
513 5 28 90
513 5 29 90
513 5 30 90
514 1 2 150
514 1 3 150
514 2 17 200
514 2 18 200
514 3 5 440
514 3 6 440
514 3 7 440
514 3 8 440
514 3 9 440
514 3 10 440
514 3 11 440
514 3 12 440
514 3 13 440
514 4 26 110
514 4 27 110
514 5 28 90
514 5 29 90
514 5 30 90
515 1 2 150
515 1 3 150
515 2 17 200
515 2 18 200
515 3 5 440
515 3 6 440
515 3 7 440
515 3 8 440
515 3 9 440
515 3 10 440
515 3 11 440
515 3 12 440
515 3 13 440
515 4 26 110
515 4 27 110
515 5 28 90
515 5 29 90
515 5 30 90
516 1 2 150
516 1 3 150
516 2 17 200
516 2 18 200
516 3 5 440
516 3 6 440
516 3 7 440
516 3 8 440
516 3 9 440
516 3 10 440
516 3 11 440
516 3 12 440
516 3 13 440
516 4 26 110
516 4 27 110
516 5 28 90
516 5 29 90
516 5 30 90
517 1 2 150
517 1 3 150
517 2 17 200
517 2 18 200
517 3 5 440
517 3 6 440
517 3 7 440
517 3 8 440
517 3 9 440
517 3 10 440
517 3 11 440
517 3 12 440
517 3 13 440
517 4 26 110
517 4 27 110
517 5 28 90
517 5 29 90
517 5 30 90
518 1 2 150
518 1 3 150
518 2 17 200
518 2 18 200
518 3 5 440
518 3 6 440
518 3 7 440
518 3 8 440
518 3 9 440
518 3 10 440
518 3 11 440
518 3 12 440
518 3 13 440
518 4 26 110
518 4 27 110
518 5 28 90
518 5 29 90
518 5 30 90
519 1 2 150
519 1 3 150
519 2 17 200
519 2 18 200
519 3 5 440
519 3 6 440
519 3 7 440
519 3 8 440
519 3 9 440
519 3 10 440
519 3 11 440
519 3 12 440
519 3 13 440
519 4 26 110
519 4 27 110
519 5 28 90
519 5 29 90
519 5 30 90
520 1 2 150
520 1 3 150
520 2 17 200
520 2 18 200
520 3 5 440
520 3 6 440
520 3 7 440
520 3 8 440
520 3 9 440
520 3 10 440
520 3 11 440
520 3 12 440
520 3 13 440
520 4 26 110
520 4 27 110
520 5 28 90
520 5 29 90
520 5 30 90
521 1 2 150
521 1 3 150
521 2 17 200
521 2 18 200
521 3 5 440
521 3 6 440
521 3 7 440
521 3 8 440
521 3 9 440
521 3 10 440
521 3 11 440
521 3 12 440
521 3 13 440
521 4 26 110
521 4 27 110
521 5 28 90
521 5 29 90
521 5 30 90
522 1 2 150
522 1 3 150
522 2 17 200
522 2 18 200
522 3 5 440
522 3 6 440
522 3 7 440
522 3 8 440
522 3 9 440
522 3 10 440
522 3 11 440
522 3 12 440
522 3 13 440
522 4 26 110
522 4 27 110
522 5 28 90
522 5 29 90
522 5 30 90
523 1 2 150
523 1 3 150
523 2 17 200
523 2 18 200
523 3 5 440
523 3 6 440
523 3 7 440
523 3 8 440
523 3 9 440
523 3 10 440
523 3 11 440
523 3 12 440
523 3 13 440
523 4 26 110
523 4 27 110
523 5 28 90
523 5 29 90
523 5 30 90
524 1 2 150
524 1 3 150
524 2 17 200
524 2 18 200
524 3 5 440
524 3 6 440
524 3 7 440
524 3 8 440
524 3 9 440
524 3 10 440
524 3 11 440
524 3 12 440
524 3 13 440
524 4 26 110
524 4 27 110
524 5 28 90
524 5 29 90
524 5 30 90
525 1 2 150
525 1 3 150
525 2 17 200
525 2 18 200
525 3 5 440
525 3 6 440
525 3 7 440
525 3 8 440
525 3 9 440
525 3 10 440
525 3 11 440
525 3 12 440
525 3 13 440
525 4 26 110
525 4 27 110
525 5 28 90
525 5 29 90
525 5 30 90
526 1 2 150
526 1 3 150
526 2 17 200
526 2 18 200
526 3 5 440
526 3 6 440
526 3 7 440
526 3 8 440
526 3 9 440
526 3 10 440
526 3 11 440
526 3 12 440
526 3 13 440
526 4 26 110
526 4 27 110
526 5 28 90
526 5 29 90
526 5 30 90
527 1 2 150
527 1 3 150
527 2 17 200
527 2 18 200
527 3 5 440
527 3 6 440
527 3 7 440
527 3 8 440
527 3 9 440
527 3 10 440
527 3 11 440
527 3 12 440
527 3 13 440
527 4 26 110
527 4 27 110
527 5 28 90
527 5 29 90
527 5 30 90
528 1 2 150
528 1 3 150
528 2 17 200
528 2 18 200
528 3 5 440
528 3 6 440
528 3 7 440
528 3 8 440
528 3 9 440
528 3 10 440
528 3 11 440
528 3 12 440
528 3 13 440
528 4 26 110
528 4 27 110
528 5 28 90
528 5 29 90
528 5 30 90
529 1 2 150
529 1 3 150
529 2 17 200
529 2 18 200
529 3 5 440
529 3 6 440
529 3 7 440
529 3 8 440
529 3 9 440
529 3 10 440
529 3 11 440
529 3 12 440
529 3 13 440
529 4 26 110
529 4 27 110
529 5 28 90
529 5 29 90
529 5 30 90
530 1 2 150
530 1 3 150
530 2 17 200
530 2 18 200
530 3 5 440
530 3 6 440
530 3 7 440
530 3 8 440
530 3 9 440
530 3 10 440
530 3 11 440
530 3 12 440
530 3 13 440
530 4 26 110
530 4 27 110
530 5 28 90
530 5 29 90
530 5 30 90
531 1 2 150
531 1 3 150
531 2 17 200
531 2 18 200
531 3 5 440
531 3 6 440
531 3 7 440
531 3 8 440
531 3 9 440
531 3 10 440
531 3 11 440
531 3 12 440
531 3 13 440
531 4 26 110
531 4 27 110
531 5 28 90
531 5 29 90
531 5 30 90
532 1 2 150
532 1 3 150
532 2 17 200
532 2 18 200
532 3 5 440
532 3 6 440
532 3 7 440
532 3 8 440
532 3 9 440
532 3 10 440
532 3 11 440
532 3 12 440
532 3 13 440
532 4 26 110
532 4 27 110
532 5 28 90
532 5 29 90
532 5 30 90
533 1 2 150
533 1 3 150
533 2 17 200
533 2 18 200
533 3 5 440
533 3 6 440
533 3 7 440
533 3 8 440
533 3 9 440
533 3 10 440
533 3 11 440
533 3 12 440
533 3 13 440
533 4 26 110
533 4 27 110
533 5 28 90
533 5 29 90
533 5 30 90
534 1 2 150
534 1 3 150
534 2 17 200
534 2 18 200
534 3 5 440
534 3 6 440
534 3 7 440
534 3 8 440
534 3 9 440
534 3 10 440
534 3 11 440
534 3 12 440
534 3 13 440
534 4 26 110
534 4 27 110
534 5 28 90
534 5 29 90
534 5 30 90
535 1 2 150
535 1 3 150
535 2 17 200
535 2 18 200
535 3 5 440
535 3 6 440
535 3 7 440
535 3 8 440
535 3 9 440
535 3 10 440
535 3 11 440
535 3 12 440
535 3 13 440
535 4 26 110
535 4 27 110
535 5 28 90
535 5 29 90
535 5 30 90
536 1 2 150
536 1 3 150
536 2 17 200
536 2 18 200
536 3 5 440
536 3 6 440
536 3 7 440
536 3 8 440
536 3 9 440
536 3 10 440
536 3 11 440
536 3 12 440
536 3 13 440
536 4 26 110
536 4 27 110
536 5 28 90
536 5 29 90
536 5 30 90
537 1 2 150
537 1 3 150
537 2 17 200
537 2 18 200
537 3 5 440
537 3 6 440
537 3 7 440
537 3 8 440
537 3 9 440
537 3 10 440
537 3 11 440
537 3 12 440
537 3 13 440
537 4 26 110
537 4 27 110
537 5 28 90
537 5 29 90
537 5 30 90
538 1 2 150
538 1 3 150
538 2 17 200
538 2 18 200
538 3 5 440
538 3 6 440
538 3 7 440
538 3 8 440
538 3 9 440
538 3 10 440
538 3 11 440
538 3 12 440
538 3 13 440
538 4 26 110
538 4 27 110
538 5 28 90
538 5 29 90
538 5 30 90
539 1 2 150
539 1 3 150
539 2 17 200
539 2 18 200
539 3 5 440
539 3 6 440
539 3 7 440
539 3 8 440
539 3 9 440
539 3 10 440
539 3 11 440
539 3 12 440
539 3 13 440
539 4 26 110
539 4 27 110
539 5 28 90
539 5 29 90
539 5 30 90
540 1 2 150
540 1 3 150
540 2 17 200
540 2 18 200
540 3 5 440
540 3 6 440
540 3 7 440
540 3 8 440
540 3 9 440
540 3 10 440
540 3 11 440
540 3 12 440
540 3 13 440
540 4 26 110
540 4 27 110
540 5 28 90
540 5 29 90
540 5 30 90
541 1 2 150
541 1 3 150
541 2 17 200
541 2 18 200
541 3 5 440
541 3 6 440
541 3 7 440
541 3 8 440
541 3 9 440
541 3 10 440
541 3 11 440
541 3 12 440
541 3 13 440
541 4 26 110
541 4 27 110
541 5 28 90
541 5 29 90
541 5 30 90
542 1 2 150
542 1 3 150
542 2 17 200
542 2 18 200
542 3 5 440
542 3 6 440
542 3 7 440
542 3 8 440
542 3 9 440
542 3 10 440
542 3 11 440
542 3 12 440
542 3 13 440
542 4 26 110
542 4 27 110
542 5 28 90
542 5 29 90
542 5 30 90
543 1 2 150
543 1 3 150
543 2 17 200
543 2 18 200
543 3 5 440
543 3 6 440
543 3 7 440
543 3 8 440
543 3 9 440
543 3 10 440
543 3 11 440
543 3 12 440
543 3 13 440
543 4 26 110
543 4 27 110
543 5 28 90
543 5 29 90
543 5 30 90
544 1 2 150
544 1 3 150
544 2 17 200
544 2 18 200
544 3 5 440
544 3 6 440
544 3 7 440
544 3 8 440
544 3 9 440
544 3 10 440
544 3 11 440
544 3 12 440
544 3 13 440
544 4 26 110
544 4 27 110
544 5 28 90
544 5 29 90
544 5 30 90
545 1 2 150
545 1 3 150
545 2 17 200
545 2 18 200
545 3 5 440
545 3 6 440
545 3 7 440
545 3 8 440
545 3 9 440
545 3 10 440
545 3 11 440
545 3 12 440
545 3 13 440
545 4 26 110
545 4 27 110
545 5 28 90
545 5 29 90
545 5 30 90
546 1 2 150
546 1 3 150
546 2 17 200
546 2 18 200
546 3 5 440
546 3 6 440
546 3 7 440
546 3 8 440
546 3 9 440
546 3 10 440
546 3 11 440
546 3 12 440
546 3 13 440
546 4 26 110
546 4 27 110
546 5 28 90
546 5 29 90
546 5 30 90
547 1 2 150
547 1 3 150
547 2 17 200
547 2 18 200
547 3 5 440
547 3 6 440
547 3 7 440
547 3 8 440
547 3 9 440
547 3 10 440
547 3 11 440
547 3 12 440
547 3 13 440
547 4 26 110
547 4 27 110
547 5 28 90
547 5 29 90
547 5 30 90
548 1 2 150
548 1 3 150
548 2 17 200
548 2 18 200
548 3 5 440
548 3 6 440
548 3 7 440
548 3 8 440
548 3 9 440
548 3 10 440
548 3 11 440
548 3 12 440
548 3 13 440
548 4 26 110
548 4 27 110
548 5 28 90
548 5 29 90
548 5 30 90
549 1 2 150
549 1 3 150
549 2 17 200
549 2 18 200
549 3 5 440
549 3 6 440
549 3 7 440
549 3 8 440
549 3 9 440
549 3 10 440
549 3 11 440
549 3 12 440
549 3 13 440
549 4 26 110
549 4 27 110
549 5 28 90
549 5 29 90
549 5 30 90
550 1 2 150
550 1 3 150
550 2 17 200
550 2 18 200
550 3 5 440
550 3 6 440
550 3 7 440
550 3 8 440
550 3 9 440
550 3 10 440
550 3 11 440
550 3 12 440
550 3 13 440
550 4 26 110
550 4 27 110
550 5 28 90
550 5 29 90
550 5 30 90
551 1 2 150
551 1 3 150
551 2 17 200
551 2 18 200
551 3 5 440
551 3 6 440
551 3 7 440
551 3 8 440
551 3 9 440
551 3 10 440
551 3 11 440
551 3 12 440
551 3 13 440
551 4 26 110
551 4 27 110
551 5 28 90
551 5 29 90
551 5 30 90
552 1 2 150
552 1 3 150
552 2 17 200
552 2 18 200
552 3 5 440
552 3 6 440
552 3 7 440
552 3 8 440
552 3 9 440
552 3 10 440
552 3 11 440
552 3 12 440
552 3 13 440
552 4 26 110
552 4 27 110
552 5 28 90
552 5 29 90
552 5 30 90
553 1 2 150
553 1 3 150
553 2 17 200
553 2 18 200
553 3 5 440
553 3 6 440
553 3 7 440
553 3 8 440
553 3 9 440
553 3 10 440
553 3 11 440
553 3 12 440
553 3 13 440
553 4 26 110
553 4 27 110
553 5 28 90
553 5 29 90
553 5 30 90
554 1 2 150
554 1 3 150
554 2 17 200
554 2 18 200
554 3 5 440
554 3 6 440
554 3 7 440
554 3 8 440
554 3 9 440
554 3 10 440
554 3 11 440
554 3 12 440
554 3 13 440
554 4 26 110
554 4 27 110
554 5 28 90
554 5 29 90
554 5 30 90
555 1 2 150
555 1 3 150
555 2 17 200
555 2 18 200
555 3 5 440
555 3 6 440
555 3 7 440
555 3 8 440
555 3 9 440
555 3 10 440
555 3 11 440
555 3 12 440
555 3 13 440
555 4 26 110
555 4 27 110
555 5 28 90
555 5 29 90
555 5 30 90
556 1 2 150
556 1 3 150
556 2 17 200
556 2 18 200
556 3 5 440
556 3 6 440
556 3 7 440
556 3 8 440
556 3 9 440
556 3 10 440
556 3 11 440
556 3 12 440
556 3 13 440
556 4 26 110
556 4 27 110
556 5 28 90
556 5 29 90
556 5 30 90
557 1 2 150
557 1 3 150
557 2 17 200
557 2 18 200
557 3 5 440
557 3 6 440
557 3 7 440
557 3 8 440
557 3 9 440
557 3 10 440
557 3 11 440
557 3 12 440
557 3 13 440
557 4 26 110
557 4 27 110
557 5 28 90
557 5 29 90
557 5 30 90
558 1 2 150
558 1 3 150
558 2 17 200
558 2 18 200
558 3 5 440
558 3 6 440
558 3 7 440
558 3 8 440
558 3 9 440
558 3 10 440
558 3 11 440
558 3 12 440
558 3 13 440
558 4 26 110
558 4 27 110
558 5 28 90
558 5 29 90
558 5 30 90
559 1 2 150
559 1 3 150
559 2 17 200
559 2 18 200
559 3 5 440
559 3 6 440
559 3 7 440
559 3 8 440
559 3 9 440
559 3 10 440
559 3 11 440
559 3 12 440
559 3 13 440
559 4 26 110
559 4 27 110
559 5 28 90
559 5 29 90
559 5 30 90
560 1 2 150
560 1 3 150
560 2 17 200
560 2 18 200
560 3 5 440
560 3 6 440
560 3 7 440
560 3 8 440
560 3 9 440
560 3 10 440
560 3 11 440
560 3 12 440
560 3 13 440
560 4 26 110
560 4 27 110
560 5 28 90
560 5 29 90
560 5 30 90
561 1 2 150
561 1 3 150
561 2 17 200
561 2 18 200
561 3 5 440
561 3 6 440
561 3 7 440
561 3 8 440
561 3 9 440
561 3 10 440
561 3 11 440
561 3 12 440
561 3 13 440
561 4 26 110
561 4 27 110
561 5 28 90
561 5 29 90
561 5 30 90
562 1 2 150
562 1 3 150
562 2 17 200
562 2 18 200
562 3 5 440
562 3 6 440
562 3 7 440
562 3 8 440
562 3 9 440
562 3 10 440
562 3 11 440
562 3 12 440
562 3 13 440
562 4 26 110
562 4 27 110
562 5 28 90
562 5 29 90
562 5 30 90
563 1 2 150
563 1 3 150
563 2 17 200
563 2 18 200
563 3 5 440
563 3 6 440
563 3 7 440
563 3 8 440
563 3 9 440
563 3 10 440
563 3 11 440
563 3 12 440
563 3 13 440
563 4 26 110
563 4 27 110
563 5 28 90
563 5 29 90
563 5 30 90
564 1 2 150
564 1 3 150
564 2 17 200
564 2 18 200
564 3 5 440
564 3 6 440
564 3 7 440
564 3 8 440
564 3 9 440
564 3 10 440
564 3 11 440
564 3 12 440
564 3 13 440
564 4 26 110
564 4 27 110
564 5 28 90
564 5 29 90
564 5 30 90
565 1 2 150
565 1 3 150
565 2 17 200
565 2 18 200
565 3 5 440
565 3 6 440
565 3 7 440
565 3 8 440
565 3 9 440
565 3 10 440
565 3 11 440
565 3 12 440
565 3 13 440
565 4 26 110
565 4 27 110
565 5 28 90
565 5 29 90
565 5 30 90
566 1 2 150
566 1 3 150
566 2 17 200
566 2 18 200
566 3 5 440
566 3 6 440
566 3 7 440
566 3 8 440
566 3 9 440
566 3 10 440
566 3 11 440
566 3 12 440
566 3 13 440
566 4 26 110
566 4 27 110
566 5 28 90
566 5 29 90
566 5 30 90
567 1 2 150
567 1 3 150
567 2 17 200
567 2 18 200
567 3 5 440
567 3 6 440
567 3 7 440
567 3 8 440
567 3 9 440
567 3 10 440
567 3 11 440
567 3 12 440
567 3 13 440
567 4 26 110
567 4 27 110
567 5 28 90
567 5 29 90
567 5 30 90
568 1 2 150
568 1 3 150
568 2 17 200
568 2 18 200
568 3 5 440
568 3 6 440
568 3 7 440
568 3 8 440
568 3 9 440
568 3 10 440
568 3 11 440
568 3 12 440
568 3 13 440
568 4 26 110
568 4 27 110
568 5 28 90
568 5 29 90
568 5 30 90
569 1 2 150
569 1 3 150
569 2 17 200
569 2 18 200
569 3 5 440
569 3 6 440
569 3 7 440
569 3 8 440
569 3 9 440
569 3 10 440
569 3 11 440
569 3 12 440
569 3 13 440
569 4 26 110
569 4 27 110
569 5 28 90
569 5 29 90
569 5 30 90
570 1 2 150
570 1 3 150
570 2 17 200
570 2 18 200
570 3 5 440
570 3 6 440
570 3 7 440
570 3 8 440
570 3 9 440
570 3 10 440
570 3 11 440
570 3 12 440
570 3 13 440
570 4 26 110
570 4 27 110
570 5 28 90
570 5 29 90
570 5 30 90
571 1 2 150
571 1 3 150
571 2 17 200
571 2 18 200
571 3 5 440
571 3 6 440
571 3 7 440
571 3 8 440
571 3 9 440
571 3 10 440
571 3 11 440
571 3 12 440
571 3 13 440
571 4 26 110
571 4 27 110
571 5 28 90
571 5 29 90
571 5 30 90
572 1 2 150
572 1 3 150
572 2 17 200
572 2 18 200
572 3 5 440
572 3 6 440
572 3 7 440
572 3 8 440
572 3 9 440
572 3 10 440
572 3 11 440
572 3 12 440
572 3 13 440
572 4 26 110
572 4 27 110
572 5 28 90
572 5 29 90
572 5 30 90
573 1 2 150
573 1 3 150
573 2 17 200
573 2 18 200
573 3 5 440
573 3 6 440
573 3 7 440
573 3 8 440
573 3 9 440
573 3 10 440
573 3 11 440
573 3 12 440
573 3 13 440
573 4 26 110
573 4 27 110
573 5 28 90
573 5 29 90
573 5 30 90
574 1 2 150
574 1 3 150
574 2 17 200
574 2 18 200
574 3 5 440
574 3 6 440
574 3 7 440
574 3 8 440
574 3 9 440
574 3 10 440
574 3 11 440
574 3 12 440
574 3 13 440
574 4 26 110
574 4 27 110
574 5 28 90
574 5 29 90
574 5 30 90
575 1 2 150
575 1 3 150
575 2 17 200
575 2 18 200
575 3 5 440
575 3 6 440
575 3 7 440
575 3 8 440
575 3 9 440
575 3 10 440
575 3 11 440
575 3 12 440
575 3 13 440
575 4 26 110
575 4 27 110
575 5 28 90
575 5 29 90
575 5 30 90
576 1 2 150
576 1 3 150
576 2 17 200
576 2 18 200
576 3 5 440
576 3 6 440
576 3 7 440
576 3 8 440
576 3 9 440
576 3 10 440
576 3 11 440
576 3 12 440
576 3 13 440
576 4 26 110
576 4 27 110
576 5 28 90
576 5 29 90
576 5 30 90
577 1 2 150
577 1 3 150
577 2 17 200
577 2 18 200
577 3 5 440
577 3 6 440
577 3 7 440
577 3 8 440
577 3 9 440
577 3 10 440
577 3 11 440
577 3 12 440
577 3 13 440
577 4 26 110
577 4 27 110
577 5 28 90
577 5 29 90
577 5 30 90
578 1 2 150
578 1 3 150
578 2 17 200
578 2 18 200
578 3 5 440
578 3 6 440
578 3 7 440
578 3 8 440
578 3 9 440
578 3 10 440
578 3 11 440
578 3 12 440
578 3 13 440
578 4 26 110
578 4 27 110
578 5 28 90
578 5 29 90
578 5 30 90
579 1 2 150
579 1 3 150
579 2 17 200
579 2 18 200
579 3 5 440
579 3 6 440
579 3 7 440
579 3 8 440
579 3 9 440
579 3 10 440
579 3 11 440
579 3 12 440
579 3 13 440
579 4 26 110
579 4 27 110
579 5 28 90
579 5 29 90
579 5 30 90
580 1 2 150
580 1 3 150
580 2 17 200
580 2 18 200
580 3 5 440
580 3 6 440
580 3 7 440
580 3 8 440
580 3 9 440
580 3 10 440
580 3 11 440
580 3 12 440
580 3 13 440
580 4 26 110
580 4 27 110
580 5 28 90
580 5 29 90
580 5 30 90
581 1 2 150
581 1 3 150
581 2 17 200
581 2 18 200
581 3 5 440
581 3 6 440
581 3 7 440
581 3 8 440
581 3 9 440
581 3 10 440
581 3 11 440
581 3 12 440
581 3 13 440
581 4 26 110
581 4 27 110
581 5 28 90
581 5 29 90
581 5 30 90
582 1 2 150
582 1 3 150
582 2 17 200
582 2 18 200
582 3 5 440
582 3 6 440
582 3 7 440
582 3 8 440
582 3 9 440
582 3 10 440
582 3 11 440
582 3 12 440
582 3 13 440
582 4 26 110
582 4 27 110
582 5 28 90
582 5 29 90
582 5 30 90
583 1 2 150
583 1 3 150
583 2 17 200
583 2 18 200
583 3 5 440
583 3 6 440
583 3 7 440
583 3 8 440
583 3 9 440
583 3 10 440
583 3 11 440
583 3 12 440
583 3 13 440
583 4 26 110
583 4 27 110
583 5 28 90
583 5 29 90
583 5 30 90
584 1 2 150
584 1 3 150
584 2 17 200
584 2 18 200
584 3 5 440
584 3 6 440
584 3 7 440
584 3 8 440
584 3 9 440
584 3 10 440
584 3 11 440
584 3 12 440
584 3 13 440
584 4 26 110
584 4 27 110
584 5 28 90
584 5 29 90
584 5 30 90
585 1 2 150
585 1 3 150
585 2 17 200
585 2 18 200
585 3 5 440
585 3 6 440
585 3 7 440
585 3 8 440
585 3 9 440
585 3 10 440
585 3 11 440
585 3 12 440
585 3 13 440
585 4 26 110
585 4 27 110
585 5 28 90
585 5 29 90
585 5 30 90
586 1 2 150
586 1 3 150
586 2 17 200
586 2 18 200
586 3 5 440
586 3 6 440
586 3 7 440
586 3 8 440
586 3 9 440
586 3 10 440
586 3 11 440
586 3 12 440
586 3 13 440
586 4 26 110
586 4 27 110
586 5 28 90
586 5 29 90
586 5 30 90
587 1 2 150
587 1 3 150
587 2 17 200
587 2 18 200
587 3 5 440
587 3 6 440
587 3 7 440
587 3 8 440
587 3 9 440
587 3 10 440
587 3 11 440
587 3 12 440
587 3 13 440
587 4 26 110
587 4 27 110
587 5 28 90
587 5 29 90
587 5 30 90
588 1 2 150
588 1 3 150
588 2 17 200
588 2 18 200
588 3 5 440
588 3 6 440
588 3 7 440
588 3 8 440
588 3 9 440
588 3 10 440
588 3 11 440
588 3 12 440
588 3 13 440
588 4 26 110
588 4 27 110
588 5 28 90
588 5 29 90
588 5 30 90
589 1 2 150
589 1 3 150
589 2 17 200
589 2 18 200
589 3 5 440
589 3 6 440
589 3 7 440
589 3 8 440
589 3 9 440
589 3 10 440
589 3 11 440
589 3 12 440
589 3 13 440
589 4 26 110
589 4 27 110
589 5 28 90
589 5 29 90
589 5 30 90
590 1 2 150
590 1 3 150
590 2 17 200
590 2 18 200
590 3 5 440
590 3 6 440
590 3 7 440
590 3 8 440
590 3 9 440
590 3 10 440
590 3 11 440
590 3 12 440
590 3 13 440
590 4 26 110
590 4 27 110
590 5 28 90
590 5 29 90
590 5 30 90
591 1 2 150
591 1 3 150
591 2 17 200
591 2 18 200
591 3 5 440
591 3 6 440
591 3 7 440
591 3 8 440
591 3 9 440
591 3 10 440
591 3 11 440
591 3 12 440
591 3 13 440
591 4 26 110
591 4 27 110
591 5 28 90
591 5 29 90
591 5 30 90
592 1 2 150
592 1 3 150
592 2 17 200
592 2 18 200
592 3 5 440
592 3 6 440
592 3 7 440
592 3 8 440
592 3 9 440
592 3 10 440
592 3 11 440
592 3 12 440
592 3 13 440
592 4 26 110
592 4 27 110
592 5 28 90
592 5 29 90
592 5 30 90
593 1 2 150
593 1 3 150
593 2 17 200
593 2 18 200
593 3 5 440
593 3 6 440
593 3 7 440
593 3 8 440
593 3 9 440
593 3 10 440
593 3 11 440
593 3 12 440
593 3 13 440
593 4 26 110
593 4 27 110
593 5 28 90
593 5 29 90
593 5 30 90
594 1 2 150
594 1 3 150
594 2 17 200
594 2 18 200
594 3 5 440
594 3 6 440
594 3 7 440
594 3 8 440
594 3 9 440
594 3 10 440
594 3 11 440
594 3 12 440
594 3 13 440
594 4 26 110
594 4 27 110
594 5 28 90
594 5 29 90
594 5 30 90
595 1 2 150
595 1 3 150
595 2 17 200
595 2 18 200
595 3 5 440
595 3 6 440
595 3 7 440
595 3 8 440
595 3 9 440
595 3 10 440
595 3 11 440
595 3 12 440
595 3 13 440
595 4 26 110
595 4 27 110
595 5 28 90
595 5 29 90
595 5 30 90
596 1 2 150
596 1 3 150
596 2 17 200
596 2 18 200
596 3 5 440
596 3 6 440
596 3 7 440
596 3 8 440
596 3 9 440
596 3 10 440
596 3 11 440
596 3 12 440
596 3 13 440
596 4 26 110
596 4 27 110
596 5 28 90
596 5 29 90
596 5 30 90
597 1 2 150
597 1 3 150
597 2 17 200
597 2 18 200
597 3 5 440
597 3 6 440
597 3 7 440
597 3 8 440
597 3 9 440
597 3 10 440
597 3 11 440
597 3 12 440
597 3 13 440
597 4 26 110
597 4 27 110
597 5 28 90
597 5 29 90
597 5 30 90
598 1 2 150
598 1 3 150
598 2 17 200
598 2 18 200
598 3 5 440
598 3 6 440
598 3 7 440
598 3 8 440
598 3 9 440
598 3 10 440
598 3 11 440
598 3 12 440
598 3 13 440
598 4 26 110
598 4 27 110
598 5 28 90
598 5 29 90
598 5 30 90
599 1 2 150
599 1 3 150
599 2 17 200
599 2 18 200
599 3 5 440
599 3 6 440
599 3 7 440
599 3 8 440
599 3 9 440
599 3 10 440
599 3 11 440
599 3 12 440
599 3 13 440
599 4 26 110
599 4 27 110
599 5 28 90
599 5 29 90
599 5 30 90
600 1 2 150
600 1 3 150
600 2 17 200
600 2 18 200
600 3 5 440
600 3 6 440
600 3 7 440
600 3 8 440
600 3 9 440
600 3 10 440
600 3 11 440
600 3 12 440
600 3 13 440
600 4 26 110
600 4 27 110
600 5 28 90
600 5 29 90
600 5 30 90
601 1 2 150
601 1 3 150
601 2 17 200
601 2 18 200
601 3 5 440
601 3 6 440
601 3 7 440
601 3 8 440
601 3 9 440
601 3 10 440
601 3 11 440
601 3 12 440
601 3 13 440
601 4 26 110
601 4 27 110
601 5 28 90
601 5 29 90
601 5 30 90
602 1 2 150
602 1 3 150
602 2 17 200
602 2 18 200
602 3 5 440
602 3 6 440
602 3 7 440
602 3 8 440
602 3 9 440
602 3 10 440
602 3 11 440
602 3 12 440
602 3 13 440
602 4 26 110
602 4 27 110
602 5 28 90
602 5 29 90
602 5 30 90
603 1 2 150
603 1 3 150
603 2 17 200
603 2 18 200
603 3 5 440
603 3 6 440
603 3 7 440
603 3 8 440
603 3 9 440
603 3 10 440
603 3 11 440
603 3 12 440
603 3 13 440
603 4 26 110
603 4 27 110
603 5 28 90
603 5 29 90
603 5 30 90
604 1 2 150
604 1 3 150
604 2 17 200
604 2 18 200
604 3 5 440
604 3 6 440
604 3 7 440
604 3 8 440
604 3 9 440
604 3 10 440
604 3 11 440
604 3 12 440
604 3 13 440
604 4 26 110
604 4 27 110
604 5 28 90
604 5 29 90
604 5 30 90
