640
30
5 5 5 5 5 5 5 5 5 5 5 5 5 5 5 5 5 5 5 5 5 5 5 5 5 5 5 5 5 5 5 5 5 5 5 5 5 5 5 5 5 5 5 5 5 5 5 5 5 5 5 5 5 5 5 5 5 5 5 5 5 5 5 5 5 5 5 5 5 5 5 5 5 5 5 5 5 5 5 5 5 5 5 5 5 5 5 5 5 5 5 5 5 5 5 5 5 5 5 5 5 5 5 5 5 5 5 5 5 5 5 5 5 5 5 5 5 5 5 5 5 5 5 5 5 5 5 5 5 5 5 5 5 5 5 5 5 5 5 5 5 5 5 5 5 5 5 5 5 5 5 5 5 5 5 5 5 5 5 5 5 5 5 5 5 5 5 5 5 5 5 5 5 5 5 5 5 5 5 5 5 5 5 5 5 5 5 5 5 5 5 5 5 5 5 5 5 5 5 5 5 5 5 5 5 5 5 5 5 5 5 5 5 5 5 5 5 5 5 5 5 5 5 5 5 5 5 5 5 5 5 5 5 5 5 5 5 5 5 5 5 5 5 5 5 5 5 5 5 5 5 5 5 5 5 5 5 5 5 5 5 5 5 5 5 5 5 5 5 5 5 5 5 5 5 5 5 5 5 5 5 5 5 5 5 5 5 5 5 5 5 5 5 5 5 5 5 5 5 5 2 2 2 2 2 2 2 2 2 2 2 2 2 2 2 2 2 2 2 2 2 2 2 2 2 2 2 2 2 2 2 2 2 2 2 2 2 2 2 2 2 2 2 2 2 2 2 2 2 2 2 2 2 2 2 2 2 2 2 2 2 2 2 2 2 2 2 2 2 2 2 2 2 2 2 2 2 2 2 2 2 2 2 2 2 2 2 2 2 2 2 2 2 2 2 2 2 2 2 2 2 2 2 2 2 2 2 2 2 2 2 2 2 2 2 2 2 2 2 2 2 2 2 2 2 2 2 2 2 2 2 2 2 2 2 2 2 2 2 2 2 2 2 2 2 2 2 2 2 2 2 2 2 2 2 2 2 2 2 2 2 2 2 2 2 2 2 2 2 2 2 2 2 2 2 2 2 2 2 2 2 2 2 2 2 2 2 2 2 2 2 2 2 2 2 2 2 2 2 2 6 6 6 6 6 6 6 6 6 6 6 6 6 6 6 6 6 6 6 6 6 6 6 6 6 6 6 6 6 6 6 6 6 6 6 6 6 6 6 6 6 6 6 6 6 6 6 6 6 6 6 6 6 6 6 6 6 6 6 6 6 6 6 6 6 6 6 6 6 6 6 6 6 6 6 6 6 6 6 6 6 6 6 6 6 6 6 6 6 6 6 6 6 6 6 6 6 6 6 6 6 6 6 6 6 6 6 6 6 6 6 6 6 6 6 6 6 6 6 6 6 6 6 6 6 6 6 6 6 6 6 6 6 6 6 6 6 6 6 6
28800 28800 28800 28800 28800 28800 28800 28800 28800 28800 28800 28800 28800 28800 28800 28800 28800 28800 28800 28800 28800 28800 28800 28800 28800 28800 28800 28800 28800 28800 28800 28800 28800 28800 28800 28800 28800 28800 28800 28800 28800 28800 28800 28800 28800 28800 28800 28800 28800 28800 28800 28800 28800 28800 28800 28800 28800 28800 28800 28800 28800 28800 28800 28800 28800 28800 28800 28800 28800 28800 28800 28800 28800 28800 28800 28800 28800 28800 28800 28800 28800 28800 28800 28800 28800 28800 28800 28800 28800 28800 28800 28800 28800 28800 28800 28800 28800 28800 28800 28800 28800 28800 28800 28800 28800 28800 28800 28800 28800 28800 28800 28800 28800 28800 28800 28800 28800 28800 28800 28800 28800 28800 28800 28800 28800 28800 28800 28800 28800 28800 28800 28800 28800 28800 28800 28800 28800 28800 28800 28800 28800 28800 28800 28800 28800 28800 28800 28800 28800 28800 28800 28800 28800 28800 28800 28800 28800 28800 28800 28800 28800 28800 28800 28800 28800 28800 28800 28800 28800 28800 28800 28800 28800 28800 28800 28800 28800 28800 28800 28800 28800 28800 28800 28800 28800 28800 28800 28800 28800 28800 28800 28800 28800 28800 28800 28800 28800 28800 28800 28800 28800 28800 28800 28800 28800 28800 28800 28800 28800 28800 28800 28800 28800 28800 28800 28800 28800 28800 28800 28800 28800 28800 28800 28800 28800 28800 28800 28800 28800 28800 28800 28800 28800 28800 28800 28800 28800 28800 28800 28800 28800 28800 28800 28800 28800 28800 28800 28800 28800 28800 28800 28800 28800 28800 28800 28800 28800 28800 28800 28800 28800 28800 28800 28800 28800 28800 28800 28800 28800 28800 28800 28800 28800 28800 28800 28800 28800 28800 28800 28800 28800 28800 28800 28800 28800 28800 28800 28800 28800 28800 28800 28800 28800 28800 28800 28800 28800 28800 28800 28800 28800 28800 28800 28800 28800 28800 28800 28800 28800 28800 28800 28800 28800 28800 28800 28800 28800 28800 28800 28800 28800 28800 28800 28800 28800 28800 28800 28800 28800 28800 28800 28800 28800 28800 28800 28800 28800 28800 28800 28800 28800 28800 28800 28800 28800 28800 28800 28800 28800 28800 28800 28800 28800 28800 28800 28800 28800 28800 28800 28800 28800 28800 28800 28800 28800 28800 28800 28800 28800 28800 28800 28800 28800 28800 28800 28800 28800 28800 28800 28800 28800 28800 28800 28800 28800 28800 28800 28800 28800 28800 28800 28800 28800 28800 28800 28800 28800 28800 28800 28800 28800 28800 28800 28800 28800 28800 28800 28800 28800 28800 28800 28800 28800 28800 28800 28800 28800 28800 28800 28800 28800 28800 28800 28800 28800 28800 28800 28800 28800 28800 28800 28800 28800 28800 28800 28800 28800 28800 28800 28800 28800 28800 28800 28800 28800 28800 28800 28800 28800 28800 28800 28800 28800 28800 28800 28800 28800 28800 28800 28800 28800 28800 28800 28800 28800 28800 28800 28800 28800 28800 28800 28800 28800 28800 28800 28800 28800 28800 28800 28800 28800 28800 28800 28800 28800 28800 28800 28800 28800 28800 28800 28800 28800 28800 28800 28800 28800 28800 28800 28800 28800 28800 28800 28800 28800 28800 28800 28800 28800 28800 28800 28800 28800 28800 28800 28800 28800 28800 28800 28800 28800 28800 28800 28800 28800 28800 28800 28800 28800 28800 28800 28800 28800 28800 28800 28800 28800 28800 28800 28800 28800 28800 28800 28800 28800 28800 28800 28800 28800 28800 28800 28800 28800 28800 28800 28800 28800 28800 28800 28800 28800 28800 28800 28800 28800 28800 28800 28800 28800 28800 28800 28800 28800 28800 28800 28800 28800 28800 28800 28800 28800 28800 28800 28800 28800 28800 28800 28800 28800 28800 28800 28800 28800 28800 28800 28800 28800 28800 28800 28800 28800 28800 28800 28800 28800 28800 28800 28800 28800 28800 28800 28800 28800 28800 28800 28800 28800 28800 28800 28800 28800 28800 28800 28800 28800 28800 28800 28800 28800 28800 28800 28800 28800 28800 28800 28800 28800 28800 28800 28800
1 1 2 75
1 1 3 75
1 2 17 100
1 2 18 100
1 3 5 220
1 3 6 220
1 3 7 220
1 3 8 220
1 3 9 220
1 3 10 220
1 3 11 220
1 3 12 220
1 3 13 220
1 4 26 55
1 4 27 55
1 5 28 45
1 5 29 45
1 5 30 45
2 1 2 75
2 1 3 75
2 2 17 100
2 2 18 100
2 3 5 220
2 3 6 220
2 3 7 220
2 3 8 220
2 3 9 220
2 3 10 220
2 3 11 220
2 3 12 220
2 3 13 220
2 4 26 55
2 4 27 55
2 5 28 45
2 5 29 45
2 5 30 45
3 1 2 75
3 1 3 75
3 2 17 100
3 2 18 100
3 3 5 220
3 3 6 220
3 3 7 220
3 3 8 220
3 3 9 220
3 3 10 220
3 3 11 220
3 3 12 220
3 3 13 220
3 4 26 55
3 4 27 55
3 5 28 45
3 5 29 45
3 5 30 45
4 1 2 75
4 1 3 75
4 2 17 100
4 2 18 100
4 3 5 220
4 3 6 220
4 3 7 220
4 3 8 220
4 3 9 220
4 3 10 220
4 3 11 220
4 3 12 220
4 3 13 220
4 4 26 55
4 4 27 55
4 5 28 45
4 5 29 45
4 5 30 45
5 1 2 75
5 1 3 75
5 2 17 100
5 2 18 100
5 3 5 220
5 3 6 220
5 3 7 220
5 3 8 220
5 3 9 220
5 3 10 220
5 3 11 220
5 3 12 220
5 3 13 220
5 4 26 55
5 4 27 55
5 5 28 45
5 5 29 45
5 5 30 45
6 1 2 75
6 1 3 75
6 2 17 100
6 2 18 100
6 3 5 220
6 3 6 220
6 3 7 220
6 3 8 220
6 3 9 220
6 3 10 220
6 3 11 220
6 3 12 220
6 3 13 220
6 4 26 55
6 4 27 55
6 5 28 45
6 5 29 45
6 5 30 45
7 1 2 75
7 1 3 75
7 2 17 100
7 2 18 100
7 3 5 220
7 3 6 220
7 3 7 220
7 3 8 220
7 3 9 220
7 3 10 220
7 3 11 220
7 3 12 220
7 3 13 220
7 4 26 55
7 4 27 55
7 5 28 45
7 5 29 45
7 5 30 45
8 1 2 75
8 1 3 75
8 2 17 100
8 2 18 100
8 3 5 220
8 3 6 220
8 3 7 220
8 3 8 220
8 3 9 220
8 3 10 220
8 3 11 220
8 3 12 220
8 3 13 220
8 4 26 55
8 4 27 55
8 5 28 45
8 5 29 45
8 5 30 45
9 1 2 75
9 1 3 75
9 2 17 100
9 2 18 100
9 3 5 220
9 3 6 220
9 3 7 220
9 3 8 220
9 3 9 220
9 3 10 220
9 3 11 220
9 3 12 220
9 3 13 220
9 4 26 55
9 4 27 55
9 5 28 45
9 5 29 45
9 5 30 45
10 1 2 75
10 1 3 75
10 2 17 100
10 2 18 100
10 3 5 220
10 3 6 220
10 3 7 220
10 3 8 220
10 3 9 220
10 3 10 220
10 3 11 220
10 3 12 220
10 3 13 220
10 4 26 55
10 4 27 55
10 5 28 45
10 5 29 45
10 5 30 45
11 1 2 75
11 1 3 75
11 2 17 100
11 2 18 100
11 3 5 220
11 3 6 220
11 3 7 220
11 3 8 220
11 3 9 220
11 3 10 220
11 3 11 220
11 3 12 220
11 3 13 220
11 4 26 55
11 4 27 55
11 5 28 45
11 5 29 45
11 5 30 45
12 1 2 75
12 1 3 75
12 2 17 100
12 2 18 100
12 3 5 220
12 3 6 220
12 3 7 220
12 3 8 220
12 3 9 220
12 3 10 220
12 3 11 220
12 3 12 220
12 3 13 220
12 4 26 55
12 4 27 55
12 5 28 45
12 5 29 45
12 5 30 45
13 1 2 75
13 1 3 75
13 2 17 100
13 2 18 100
13 3 5 220
13 3 6 220
13 3 7 220
13 3 8 220
13 3 9 220
13 3 10 220
13 3 11 220
13 3 12 220
13 3 13 220
13 4 26 55
13 4 27 55
13 5 28 45
13 5 29 45
13 5 30 45
14 1 2 75
14 1 3 75
14 2 17 100
14 2 18 100
14 3 5 220
14 3 6 220
14 3 7 220
14 3 8 220
14 3 9 220
14 3 10 220
14 3 11 220
14 3 12 220
14 3 13 220
14 4 26 55
14 4 27 55
14 5 28 45
14 5 29 45
14 5 30 45
15 1 2 75
15 1 3 75
15 2 17 100
15 2 18 100
15 3 5 220
15 3 6 220
15 3 7 220
15 3 8 220
15 3 9 220
15 3 10 220
15 3 11 220
15 3 12 220
15 3 13 220
15 4 26 55
15 4 27 55
15 5 28 45
15 5 29 45
15 5 30 45
16 1 2 75
16 1 3 75
16 2 17 100
16 2 18 100
16 3 5 220
16 3 6 220
16 3 7 220
16 3 8 220
16 3 9 220
16 3 10 220
16 3 11 220
16 3 12 220
16 3 13 220
16 4 26 55
16 4 27 55
16 5 28 45
16 5 29 45
16 5 30 45
17 1 2 75
17 1 3 75
17 2 17 100
17 2 18 100
17 3 5 220
17 3 6 220
17 3 7 220
17 3 8 220
17 3 9 220
17 3 10 220
17 3 11 220
17 3 12 220
17 3 13 220
17 4 26 55
17 4 27 55
17 5 28 45
17 5 29 45
17 5 30 45
18 1 2 75
18 1 3 75
18 2 17 100
18 2 18 100
18 3 5 220
18 3 6 220
18 3 7 220
18 3 8 220
18 3 9 220
18 3 10 220
18 3 11 220
18 3 12 220
18 3 13 220
18 4 26 55
18 4 27 55
18 5 28 45
18 5 29 45
18 5 30 45
19 1 2 75
19 1 3 75
19 2 17 100
19 2 18 100
19 3 5 220
19 3 6 220
19 3 7 220
19 3 8 220
19 3 9 220
19 3 10 220
19 3 11 220
19 3 12 220
19 3 13 220
19 4 26 55
19 4 27 55
19 5 28 45
19 5 29 45
19 5 30 45
20 1 2 75
20 1 3 75
20 2 17 100
20 2 18 100
20 3 5 220
20 3 6 220
20 3 7 220
20 3 8 220
20 3 9 220
20 3 10 220
20 3 11 220
20 3 12 220
20 3 13 220
20 4 26 55
20 4 27 55
20 5 28 45
20 5 29 45
20 5 30 45
21 1 2 75
21 1 3 75
21 2 17 100
21 2 18 100
21 3 5 220
21 3 6 220
21 3 7 220
21 3 8 220
21 3 9 220
21 3 10 220
21 3 11 220
21 3 12 220
21 3 13 220
21 4 26 55
21 4 27 55
21 5 28 45
21 5 29 45
21 5 30 45
22 1 2 75
22 1 3 75
22 2 17 100
22 2 18 100
22 3 5 220
22 3 6 220
22 3 7 220
22 3 8 220
22 3 9 220
22 3 10 220
22 3 11 220
22 3 12 220
22 3 13 220
22 4 26 55
22 4 27 55
22 5 28 45
22 5 29 45
22 5 30 45
23 1 2 75
23 1 3 75
23 2 17 100
23 2 18 100
23 3 5 220
23 3 6 220
23 3 7 220
23 3 8 220
23 3 9 220
23 3 10 220
23 3 11 220
23 3 12 220
23 3 13 220
23 4 26 55
23 4 27 55
23 5 28 45
23 5 29 45
23 5 30 45
24 1 2 75
24 1 3 75
24 2 17 100
24 2 18 100
24 3 5 220
24 3 6 220
24 3 7 220
24 3 8 220
24 3 9 220
24 3 10 220
24 3 11 220
24 3 12 220
24 3 13 220
24 4 26 55
24 4 27 55
24 5 28 45
24 5 29 45
24 5 30 45
25 1 2 75
25 1 3 75
25 2 17 100
25 2 18 100
25 3 5 220
25 3 6 220
25 3 7 220
25 3 8 220
25 3 9 220
25 3 10 220
25 3 11 220
25 3 12 220
25 3 13 220
25 4 26 55
25 4 27 55
25 5 28 45
25 5 29 45
25 5 30 45
26 1 2 75
26 1 3 75
26 2 17 100
26 2 18 100
26 3 5 220
26 3 6 220
26 3 7 220
26 3 8 220
26 3 9 220
26 3 10 220
26 3 11 220
26 3 12 220
26 3 13 220
26 4 26 55
26 4 27 55
26 5 28 45
26 5 29 45
26 5 30 45
27 1 2 75
27 1 3 75
27 2 17 100
27 2 18 100
27 3 5 220
27 3 6 220
27 3 7 220
27 3 8 220
27 3 9 220
27 3 10 220
27 3 11 220
27 3 12 220
27 3 13 220
27 4 26 55
27 4 27 55
27 5 28 45
27 5 29 45
27 5 30 45
28 1 2 75
28 1 3 75
28 2 17 100
28 2 18 100
28 3 5 220
28 3 6 220
28 3 7 220
28 3 8 220
28 3 9 220
28 3 10 220
28 3 11 220
28 3 12 220
28 3 13 220
28 4 26 55
28 4 27 55
28 5 28 45
28 5 29 45
28 5 30 45
29 1 2 75
29 1 3 75
29 2 17 100
29 2 18 100
29 3 5 220
29 3 6 220
29 3 7 220
29 3 8 220
29 3 9 220
29 3 10 220
29 3 11 220
29 3 12 220
29 3 13 220
29 4 26 55
29 4 27 55
29 5 28 45
29 5 29 45
29 5 30 45
30 1 2 75
30 1 3 75
30 2 17 100
30 2 18 100
30 3 5 220
30 3 6 220
30 3 7 220
30 3 8 220
30 3 9 220
30 3 10 220
30 3 11 220
30 3 12 220
30 3 13 220
30 4 26 55
30 4 27 55
30 5 28 45
30 5 29 45
30 5 30 45
31 1 2 75
31 1 3 75
31 2 17 100
31 2 18 100
31 3 5 220
31 3 6 220
31 3 7 220
31 3 8 220
31 3 9 220
31 3 10 220
31 3 11 220
31 3 12 220
31 3 13 220
31 4 26 55
31 4 27 55
31 5 28 45
31 5 29 45
31 5 30 45
32 1 2 75
32 1 3 75
32 2 17 100
32 2 18 100
32 3 5 220
32 3 6 220
32 3 7 220
32 3 8 220
32 3 9 220
32 3 10 220
32 3 11 220
32 3 12 220
32 3 13 220
32 4 26 55
32 4 27 55
32 5 28 45
32 5 29 45
32 5 30 45
33 1 2 75
33 1 3 75
33 2 17 100
33 2 18 100
33 3 5 220
33 3 6 220
33 3 7 220
33 3 8 220
33 3 9 220
33 3 10 220
33 3 11 220
33 3 12 220
33 3 13 220
33 4 26 55
33 4 27 55
33 5 28 45
33 5 29 45
33 5 30 45
34 1 2 75
34 1 3 75
34 2 17 100
34 2 18 100
34 3 5 220
34 3 6 220
34 3 7 220
34 3 8 220
34 3 9 220
34 3 10 220
34 3 11 220
34 3 12 220
34 3 13 220
34 4 26 55
34 4 27 55
34 5 28 45
34 5 29 45
34 5 30 45
35 1 2 75
35 1 3 75
35 2 17 100
35 2 18 100
35 3 5 220
35 3 6 220
35 3 7 220
35 3 8 220
35 3 9 220
35 3 10 220
35 3 11 220
35 3 12 220
35 3 13 220
35 4 26 55
35 4 27 55
35 5 28 45
35 5 29 45
35 5 30 45
36 1 2 75
36 1 3 75
36 2 17 100
36 2 18 100
36 3 5 220
36 3 6 220
36 3 7 220
36 3 8 220
36 3 9 220
36 3 10 220
36 3 11 220
36 3 12 220
36 3 13 220
36 4 26 55
36 4 27 55
36 5 28 45
36 5 29 45
36 5 30 45
37 1 2 75
37 1 3 75
37 2 17 100
37 2 18 100
37 3 5 220
37 3 6 220
37 3 7 220
37 3 8 220
37 3 9 220
37 3 10 220
37 3 11 220
37 3 12 220
37 3 13 220
37 4 26 55
37 4 27 55
37 5 28 45
37 5 29 45
37 5 30 45
38 1 2 75
38 1 3 75
38 2 17 100
38 2 18 100
38 3 5 220
38 3 6 220
38 3 7 220
38 3 8 220
38 3 9 220
38 3 10 220
38 3 11 220
38 3 12 220
38 3 13 220
38 4 26 55
38 4 27 55
38 5 28 45
38 5 29 45
38 5 30 45
39 1 2 75
39 1 3 75
39 2 17 100
39 2 18 100
39 3 5 220
39 3 6 220
39 3 7 220
39 3 8 220
39 3 9 220
39 3 10 220
39 3 11 220
39 3 12 220
39 3 13 220
39 4 26 55
39 4 27 55
39 5 28 45
39 5 29 45
39 5 30 45
40 1 2 75
40 1 3 75
40 2 17 100
40 2 18 100
40 3 5 220
40 3 6 220
40 3 7 220
40 3 8 220
40 3 9 220
40 3 10 220
40 3 11 220
40 3 12 220
40 3 13 220
40 4 26 55
40 4 27 55
40 5 28 45
40 5 29 45
40 5 30 45
41 1 2 75
41 1 3 75
41 2 17 100
41 2 18 100
41 3 5 220
41 3 6 220
41 3 7 220
41 3 8 220
41 3 9 220
41 3 10 220
41 3 11 220
41 3 12 220
41 3 13 220
41 4 26 55
41 4 27 55
41 5 28 45
41 5 29 45
41 5 30 45
42 1 2 75
42 1 3 75
42 2 17 100
42 2 18 100
42 3 5 220
42 3 6 220
42 3 7 220
42 3 8 220
42 3 9 220
42 3 10 220
42 3 11 220
42 3 12 220
42 3 13 220
42 4 26 55
42 4 27 55
42 5 28 45
42 5 29 45
42 5 30 45
43 1 2 75
43 1 3 75
43 2 17 100
43 2 18 100
43 3 5 220
43 3 6 220
43 3 7 220
43 3 8 220
43 3 9 220
43 3 10 220
43 3 11 220
43 3 12 220
43 3 13 220
43 4 26 55
43 4 27 55
43 5 28 45
43 5 29 45
43 5 30 45
44 1 2 75
44 1 3 75
44 2 17 100
44 2 18 100
44 3 5 220
44 3 6 220
44 3 7 220
44 3 8 220
44 3 9 220
44 3 10 220
44 3 11 220
44 3 12 220
44 3 13 220
44 4 26 55
44 4 27 55
44 5 28 45
44 5 29 45
44 5 30 45
45 1 2 75
45 1 3 75
45 2 17 100
45 2 18 100
45 3 5 220
45 3 6 220
45 3 7 220
45 3 8 220
45 3 9 220
45 3 10 220
45 3 11 220
45 3 12 220
45 3 13 220
45 4 26 55
45 4 27 55
45 5 28 45
45 5 29 45
45 5 30 45
46 1 2 75
46 1 3 75
46 2 17 100
46 2 18 100
46 3 5 220
46 3 6 220
46 3 7 220
46 3 8 220
46 3 9 220
46 3 10 220
46 3 11 220
46 3 12 220
46 3 13 220
46 4 26 55
46 4 27 55
46 5 28 45
46 5 29 45
46 5 30 45
47 1 2 75
47 1 3 75
47 2 17 100
47 2 18 100
47 3 5 220
47 3 6 220
47 3 7 220
47 3 8 220
47 3 9 220
47 3 10 220
47 3 11 220
47 3 12 220
47 3 13 220
47 4 26 55
47 4 27 55
47 5 28 45
47 5 29 45
47 5 30 45
48 1 2 75
48 1 3 75
48 2 17 100
48 2 18 100
48 3 5 220
48 3 6 220
48 3 7 220
48 3 8 220
48 3 9 220
48 3 10 220
48 3 11 220
48 3 12 220
48 3 13 220
48 4 26 55
48 4 27 55
48 5 28 45
48 5 29 45
48 5 30 45
49 1 2 75
49 1 3 75
49 2 17 100
49 2 18 100
49 3 5 220
49 3 6 220
49 3 7 220
49 3 8 220
49 3 9 220
49 3 10 220
49 3 11 220
49 3 12 220
49 3 13 220
49 4 26 55
49 4 27 55
49 5 28 45
49 5 29 45
49 5 30 45
50 1 2 75
50 1 3 75
50 2 17 100
50 2 18 100
50 3 5 220
50 3 6 220
50 3 7 220
50 3 8 220
50 3 9 220
50 3 10 220
50 3 11 220
50 3 12 220
50 3 13 220
50 4 26 55
50 4 27 55
50 5 28 45
50 5 29 45
50 5 30 45
51 1 2 75
51 1 3 75
51 2 17 100
51 2 18 100
51 3 5 220
51 3 6 220
51 3 7 220
51 3 8 220
51 3 9 220
51 3 10 220
51 3 11 220
51 3 12 220
51 3 13 220
51 4 26 55
51 4 27 55
51 5 28 45
51 5 29 45
51 5 30 45
52 1 2 75
52 1 3 75
52 2 17 100
52 2 18 100
52 3 5 220
52 3 6 220
52 3 7 220
52 3 8 220
52 3 9 220
52 3 10 220
52 3 11 220
52 3 12 220
52 3 13 220
52 4 26 55
52 4 27 55
52 5 28 45
52 5 29 45
52 5 30 45
53 1 2 75
53 1 3 75
53 2 17 100
53 2 18 100
53 3 5 220
53 3 6 220
53 3 7 220
53 3 8 220
53 3 9 220
53 3 10 220
53 3 11 220
53 3 12 220
53 3 13 220
53 4 26 55
53 4 27 55
53 5 28 45
53 5 29 45
53 5 30 45
54 1 2 75
54 1 3 75
54 2 17 100
54 2 18 100
54 3 5 220
54 3 6 220
54 3 7 220
54 3 8 220
54 3 9 220
54 3 10 220
54 3 11 220
54 3 12 220
54 3 13 220
54 4 26 55
54 4 27 55
54 5 28 45
54 5 29 45
54 5 30 45
55 1 2 75
55 1 3 75
55 2 17 100
55 2 18 100
55 3 5 220
55 3 6 220
55 3 7 220
55 3 8 220
55 3 9 220
55 3 10 220
55 3 11 220
55 3 12 220
55 3 13 220
55 4 26 55
55 4 27 55
55 5 28 45
55 5 29 45
55 5 30 45
56 1 2 75
56 1 3 75
56 2 17 100
56 2 18 100
56 3 5 220
56 3 6 220
56 3 7 220
56 3 8 220
56 3 9 220
56 3 10 220
56 3 11 220
56 3 12 220
56 3 13 220
56 4 26 55
56 4 27 55
56 5 28 45
56 5 29 45
56 5 30 45
57 1 2 75
57 1 3 75
57 2 17 100
57 2 18 100
57 3 5 220
57 3 6 220
57 3 7 220
57 3 8 220
57 3 9 220
57 3 10 220
57 3 11 220
57 3 12 220
57 3 13 220
57 4 26 55
57 4 27 55
57 5 28 45
57 5 29 45
57 5 30 45
58 1 2 75
58 1 3 75
58 2 17 100
58 2 18 100
58 3 5 220
58 3 6 220
58 3 7 220
58 3 8 220
58 3 9 220
58 3 10 220
58 3 11 220
58 3 12 220
58 3 13 220
58 4 26 55
58 4 27 55
58 5 28 45
58 5 29 45
58 5 30 45
59 1 2 75
59 1 3 75
59 2 17 100
59 2 18 100
59 3 5 220
59 3 6 220
59 3 7 220
59 3 8 220
59 3 9 220
59 3 10 220
59 3 11 220
59 3 12 220
59 3 13 220
59 4 26 55
59 4 27 55
59 5 28 45
59 5 29 45
59 5 30 45
60 1 2 75
60 1 3 75
60 2 17 100
60 2 18 100
60 3 5 220
60 3 6 220
60 3 7 220
60 3 8 220
60 3 9 220
60 3 10 220
60 3 11 220
60 3 12 220
60 3 13 220
60 4 26 55
60 4 27 55
60 5 28 45
60 5 29 45
60 5 30 45
61 1 2 75
61 1 3 75
61 2 17 100
61 2 18 100
61 3 5 220
61 3 6 220
61 3 7 220
61 3 8 220
61 3 9 220
61 3 10 220
61 3 11 220
61 3 12 220
61 3 13 220
61 4 26 55
61 4 27 55
61 5 28 45
61 5 29 45
61 5 30 45
62 1 2 75
62 1 3 75
62 2 17 100
62 2 18 100
62 3 5 220
62 3 6 220
62 3 7 220
62 3 8 220
62 3 9 220
62 3 10 220
62 3 11 220
62 3 12 220
62 3 13 220
62 4 26 55
62 4 27 55
62 5 28 45
62 5 29 45
62 5 30 45
63 1 2 75
63 1 3 75
63 2 17 100
63 2 18 100
63 3 5 220
63 3 6 220
63 3 7 220
63 3 8 220
63 3 9 220
63 3 10 220
63 3 11 220
63 3 12 220
63 3 13 220
63 4 26 55
63 4 27 55
63 5 28 45
63 5 29 45
63 5 30 45
64 1 2 75
64 1 3 75
64 2 17 100
64 2 18 100
64 3 5 220
64 3 6 220
64 3 7 220
64 3 8 220
64 3 9 220
64 3 10 220
64 3 11 220
64 3 12 220
64 3 13 220
64 4 26 55
64 4 27 55
64 5 28 45
64 5 29 45
64 5 30 45
65 1 2 75
65 1 3 75
65 2 17 100
65 2 18 100
65 3 5 220
65 3 6 220
65 3 7 220
65 3 8 220
65 3 9 220
65 3 10 220
65 3 11 220
65 3 12 220
65 3 13 220
65 4 26 55
65 4 27 55
65 5 28 45
65 5 29 45
65 5 30 45
66 1 2 75
66 1 3 75
66 2 17 100
66 2 18 100
66 3 5 220
66 3 6 220
66 3 7 220
66 3 8 220
66 3 9 220
66 3 10 220
66 3 11 220
66 3 12 220
66 3 13 220
66 4 26 55
66 4 27 55
66 5 28 45
66 5 29 45
66 5 30 45
67 1 2 75
67 1 3 75
67 2 17 100
67 2 18 100
67 3 5 220
67 3 6 220
67 3 7 220
67 3 8 220
67 3 9 220
67 3 10 220
67 3 11 220
67 3 12 220
67 3 13 220
67 4 26 55
67 4 27 55
67 5 28 45
67 5 29 45
67 5 30 45
68 1 2 75
68 1 3 75
68 2 17 100
68 2 18 100
68 3 5 220
68 3 6 220
68 3 7 220
68 3 8 220
68 3 9 220
68 3 10 220
68 3 11 220
68 3 12 220
68 3 13 220
68 4 26 55
68 4 27 55
68 5 28 45
68 5 29 45
68 5 30 45
69 1 2 75
69 1 3 75
69 2 17 100
69 2 18 100
69 3 5 220
69 3 6 220
69 3 7 220
69 3 8 220
69 3 9 220
69 3 10 220
69 3 11 220
69 3 12 220
69 3 13 220
69 4 26 55
69 4 27 55
69 5 28 45
69 5 29 45
69 5 30 45
70 1 2 75
70 1 3 75
70 2 17 100
70 2 18 100
70 3 5 220
70 3 6 220
70 3 7 220
70 3 8 220
70 3 9 220
70 3 10 220
70 3 11 220
70 3 12 220
70 3 13 220
70 4 26 55
70 4 27 55
70 5 28 45
70 5 29 45
70 5 30 45
71 1 2 75
71 1 3 75
71 2 17 100
71 2 18 100
71 3 5 220
71 3 6 220
71 3 7 220
71 3 8 220
71 3 9 220
71 3 10 220
71 3 11 220
71 3 12 220
71 3 13 220
71 4 26 55
71 4 27 55
71 5 28 45
71 5 29 45
71 5 30 45
72 1 2 75
72 1 3 75
72 2 17 100
72 2 18 100
72 3 5 220
72 3 6 220
72 3 7 220
72 3 8 220
72 3 9 220
72 3 10 220
72 3 11 220
72 3 12 220
72 3 13 220
72 4 26 55
72 4 27 55
72 5 28 45
72 5 29 45
72 5 30 45
73 1 2 75
73 1 3 75
73 2 17 100
73 2 18 100
73 3 5 220
73 3 6 220
73 3 7 220
73 3 8 220
73 3 9 220
73 3 10 220
73 3 11 220
73 3 12 220
73 3 13 220
73 4 26 55
73 4 27 55
73 5 28 45
73 5 29 45
73 5 30 45
74 1 2 75
74 1 3 75
74 2 17 100
74 2 18 100
74 3 5 220
74 3 6 220
74 3 7 220
74 3 8 220
74 3 9 220
74 3 10 220
74 3 11 220
74 3 12 220
74 3 13 220
74 4 26 55
74 4 27 55
74 5 28 45
74 5 29 45
74 5 30 45
75 1 2 75
75 1 3 75
75 2 17 100
75 2 18 100
75 3 5 220
75 3 6 220
75 3 7 220
75 3 8 220
75 3 9 220
75 3 10 220
75 3 11 220
75 3 12 220
75 3 13 220
75 4 26 55
75 4 27 55
75 5 28 45
75 5 29 45
75 5 30 45
76 1 2 75
76 1 3 75
76 2 17 100
76 2 18 100
76 3 5 220
76 3 6 220
76 3 7 220
76 3 8 220
76 3 9 220
76 3 10 220
76 3 11 220
76 3 12 220
76 3 13 220
76 4 26 55
76 4 27 55
76 5 28 45
76 5 29 45
76 5 30 45
77 1 2 75
77 1 3 75
77 2 17 100
77 2 18 100
77 3 5 220
77 3 6 220
77 3 7 220
77 3 8 220
77 3 9 220
77 3 10 220
77 3 11 220
77 3 12 220
77 3 13 220
77 4 26 55
77 4 27 55
77 5 28 45
77 5 29 45
77 5 30 45
78 1 2 75
78 1 3 75
78 2 17 100
78 2 18 100
78 3 5 220
78 3 6 220
78 3 7 220
78 3 8 220
78 3 9 220
78 3 10 220
78 3 11 220
78 3 12 220
78 3 13 220
78 4 26 55
78 4 27 55
78 5 28 45
78 5 29 45
78 5 30 45
79 1 2 75
79 1 3 75
79 2 17 100
79 2 18 100
79 3 5 220
79 3 6 220
79 3 7 220
79 3 8 220
79 3 9 220
79 3 10 220
79 3 11 220
79 3 12 220
79 3 13 220
79 4 26 55
79 4 27 55
79 5 28 45
79 5 29 45
79 5 30 45
80 1 2 75
80 1 3 75
80 2 17 100
80 2 18 100
80 3 5 220
80 3 6 220
80 3 7 220
80 3 8 220
80 3 9 220
80 3 10 220
80 3 11 220
80 3 12 220
80 3 13 220
80 4 26 55
80 4 27 55
80 5 28 45
80 5 29 45
80 5 30 45
81 1 2 75
81 1 3 75
81 2 17 100
81 2 18 100
81 3 5 220
81 3 6 220
81 3 7 220
81 3 8 220
81 3 9 220
81 3 10 220
81 3 11 220
81 3 12 220
81 3 13 220
81 4 26 55
81 4 27 55
81 5 28 45
81 5 29 45
81 5 30 45
82 1 2 75
82 1 3 75
82 2 17 100
82 2 18 100
82 3 5 220
82 3 6 220
82 3 7 220
82 3 8 220
82 3 9 220
82 3 10 220
82 3 11 220
82 3 12 220
82 3 13 220
82 4 26 55
82 4 27 55
82 5 28 45
82 5 29 45
82 5 30 45
83 1 2 75
83 1 3 75
83 2 17 100
83 2 18 100
83 3 5 220
83 3 6 220
83 3 7 220
83 3 8 220
83 3 9 220
83 3 10 220
83 3 11 220
83 3 12 220
83 3 13 220
83 4 26 55
83 4 27 55
83 5 28 45
83 5 29 45
83 5 30 45
84 1 2 75
84 1 3 75
84 2 17 100
84 2 18 100
84 3 5 220
84 3 6 220
84 3 7 220
84 3 8 220
84 3 9 220
84 3 10 220
84 3 11 220
84 3 12 220
84 3 13 220
84 4 26 55
84 4 27 55
84 5 28 45
84 5 29 45
84 5 30 45
85 1 2 75
85 1 3 75
85 2 17 100
85 2 18 100
85 3 5 220
85 3 6 220
85 3 7 220
85 3 8 220
85 3 9 220
85 3 10 220
85 3 11 220
85 3 12 220
85 3 13 220
85 4 26 55
85 4 27 55
85 5 28 45
85 5 29 45
85 5 30 45
86 1 2 75
86 1 3 75
86 2 17 100
86 2 18 100
86 3 5 220
86 3 6 220
86 3 7 220
86 3 8 220
86 3 9 220
86 3 10 220
86 3 11 220
86 3 12 220
86 3 13 220
86 4 26 55
86 4 27 55
86 5 28 45
86 5 29 45
86 5 30 45
87 1 2 75
87 1 3 75
87 2 17 100
87 2 18 100
87 3 5 220
87 3 6 220
87 3 7 220
87 3 8 220
87 3 9 220
87 3 10 220
87 3 11 220
87 3 12 220
87 3 13 220
87 4 26 55
87 4 27 55
87 5 28 45
87 5 29 45
87 5 30 45
88 1 2 75
88 1 3 75
88 2 17 100
88 2 18 100
88 3 5 220
88 3 6 220
88 3 7 220
88 3 8 220
88 3 9 220
88 3 10 220
88 3 11 220
88 3 12 220
88 3 13 220
88 4 26 55
88 4 27 55
88 5 28 45
88 5 29 45
88 5 30 45
89 1 2 75
89 1 3 75
89 2 17 100
89 2 18 100
89 3 5 220
89 3 6 220
89 3 7 220
89 3 8 220
89 3 9 220
89 3 10 220
89 3 11 220
89 3 12 220
89 3 13 220
89 4 26 55
89 4 27 55
89 5 28 45
89 5 29 45
89 5 30 45
90 1 2 75
90 1 3 75
90 2 17 100
90 2 18 100
90 3 5 220
90 3 6 220
90 3 7 220
90 3 8 220
90 3 9 220
90 3 10 220
90 3 11 220
90 3 12 220
90 3 13 220
90 4 26 55
90 4 27 55
90 5 28 45
90 5 29 45
90 5 30 45
91 1 2 75
91 1 3 75
91 2 17 100
91 2 18 100
91 3 5 220
91 3 6 220
91 3 7 220
91 3 8 220
91 3 9 220
91 3 10 220
91 3 11 220
91 3 12 220
91 3 13 220
91 4 26 55
91 4 27 55
91 5 28 45
91 5 29 45
91 5 30 45
92 1 2 75
92 1 3 75
92 2 17 100
92 2 18 100
92 3 5 220
92 3 6 220
92 3 7 220
92 3 8 220
92 3 9 220
92 3 10 220
92 3 11 220
92 3 12 220
92 3 13 220
92 4 26 55
92 4 27 55
92 5 28 45
92 5 29 45
92 5 30 45
93 1 2 75
93 1 3 75
93 2 17 100
93 2 18 100
93 3 5 220
93 3 6 220
93 3 7 220
93 3 8 220
93 3 9 220
93 3 10 220
93 3 11 220
93 3 12 220
93 3 13 220
93 4 26 55
93 4 27 55
93 5 28 45
93 5 29 45
93 5 30 45
94 1 2 75
94 1 3 75
94 2 17 100
94 2 18 100
94 3 5 220
94 3 6 220
94 3 7 220
94 3 8 220
94 3 9 220
94 3 10 220
94 3 11 220
94 3 12 220
94 3 13 220
94 4 26 55
94 4 27 55
94 5 28 45
94 5 29 45
94 5 30 45
95 1 2 75
95 1 3 75
95 2 17 100
95 2 18 100
95 3 5 220
95 3 6 220
95 3 7 220
95 3 8 220
95 3 9 220
95 3 10 220
95 3 11 220
95 3 12 220
95 3 13 220
95 4 26 55
95 4 27 55
95 5 28 45
95 5 29 45
95 5 30 45
96 1 2 75
96 1 3 75
96 2 17 100
96 2 18 100
96 3 5 220
96 3 6 220
96 3 7 220
96 3 8 220
96 3 9 220
96 3 10 220
96 3 11 220
96 3 12 220
96 3 13 220
96 4 26 55
96 4 27 55
96 5 28 45
96 5 29 45
96 5 30 45
97 1 2 75
97 1 3 75
97 2 17 100
97 2 18 100
97 3 5 220
97 3 6 220
97 3 7 220
97 3 8 220
97 3 9 220
97 3 10 220
97 3 11 220
97 3 12 220
97 3 13 220
97 4 26 55
97 4 27 55
97 5 28 45
97 5 29 45
97 5 30 45
98 1 2 75
98 1 3 75
98 2 17 100
98 2 18 100
98 3 5 220
98 3 6 220
98 3 7 220
98 3 8 220
98 3 9 220
98 3 10 220
98 3 11 220
98 3 12 220
98 3 13 220
98 4 26 55
98 4 27 55
98 5 28 45
98 5 29 45
98 5 30 45
99 1 2 75
99 1 3 75
99 2 17 100
99 2 18 100
99 3 5 220
99 3 6 220
99 3 7 220
99 3 8 220
99 3 9 220
99 3 10 220
99 3 11 220
99 3 12 220
99 3 13 220
99 4 26 55
99 4 27 55
99 5 28 45
99 5 29 45
99 5 30 45
100 1 2 75
100 1 3 75
100 2 17 100
100 2 18 100
100 3 5 220
100 3 6 220
100 3 7 220
100 3 8 220
100 3 9 220
100 3 10 220
100 3 11 220
100 3 12 220
100 3 13 220
100 4 26 55
100 4 27 55
100 5 28 45
100 5 29 45
100 5 30 45
101 1 2 75
101 1 3 75
101 2 17 100
101 2 18 100
101 3 5 220
101 3 6 220
101 3 7 220
101 3 8 220
101 3 9 220
101 3 10 220
101 3 11 220
101 3 12 220
101 3 13 220
101 4 26 55
101 4 27 55
101 5 28 45
101 5 29 45
101 5 30 45
102 1 2 75
102 1 3 75
102 2 17 100
102 2 18 100
102 3 5 220
102 3 6 220
102 3 7 220
102 3 8 220
102 3 9 220
102 3 10 220
102 3 11 220
102 3 12 220
102 3 13 220
102 4 26 55
102 4 27 55
102 5 28 45
102 5 29 45
102 5 30 45
103 1 2 75
103 1 3 75
103 2 17 100
103 2 18 100
103 3 5 220
103 3 6 220
103 3 7 220
103 3 8 220
103 3 9 220
103 3 10 220
103 3 11 220
103 3 12 220
103 3 13 220
103 4 26 55
103 4 27 55
103 5 28 45
103 5 29 45
103 5 30 45
104 1 2 75
104 1 3 75
104 2 17 100
104 2 18 100
104 3 5 220
104 3 6 220
104 3 7 220
104 3 8 220
104 3 9 220
104 3 10 220
104 3 11 220
104 3 12 220
104 3 13 220
104 4 26 55
104 4 27 55
104 5 28 45
104 5 29 45
104 5 30 45
105 1 2 75
105 1 3 75
105 2 17 100
105 2 18 100
105 3 5 220
105 3 6 220
105 3 7 220
105 3 8 220
105 3 9 220
105 3 10 220
105 3 11 220
105 3 12 220
105 3 13 220
105 4 26 55
105 4 27 55
105 5 28 45
105 5 29 45
105 5 30 45
106 1 2 75
106 1 3 75
106 2 17 100
106 2 18 100
106 3 5 220
106 3 6 220
106 3 7 220
106 3 8 220
106 3 9 220
106 3 10 220
106 3 11 220
106 3 12 220
106 3 13 220
106 4 26 55
106 4 27 55
106 5 28 45
106 5 29 45
106 5 30 45
107 1 2 75
107 1 3 75
107 2 17 100
107 2 18 100
107 3 5 220
107 3 6 220
107 3 7 220
107 3 8 220
107 3 9 220
107 3 10 220
107 3 11 220
107 3 12 220
107 3 13 220
107 4 26 55
107 4 27 55
107 5 28 45
107 5 29 45
107 5 30 45
108 1 2 75
108 1 3 75
108 2 17 100
108 2 18 100
108 3 5 220
108 3 6 220
108 3 7 220
108 3 8 220
108 3 9 220
108 3 10 220
108 3 11 220
108 3 12 220
108 3 13 220
108 4 26 55
108 4 27 55
108 5 28 45
108 5 29 45
108 5 30 45
109 1 2 75
109 1 3 75
109 2 17 100
109 2 18 100
109 3 5 220
109 3 6 220
109 3 7 220
109 3 8 220
109 3 9 220
109 3 10 220
109 3 11 220
109 3 12 220
109 3 13 220
109 4 26 55
109 4 27 55
109 5 28 45
109 5 29 45
109 5 30 45
110 1 2 75
110 1 3 75
110 2 17 100
110 2 18 100
110 3 5 220
110 3 6 220
110 3 7 220
110 3 8 220
110 3 9 220
110 3 10 220
110 3 11 220
110 3 12 220
110 3 13 220
110 4 26 55
110 4 27 55
110 5 28 45
110 5 29 45
110 5 30 45
111 1 2 75
111 1 3 75
111 2 17 100
111 2 18 100
111 3 5 220
111 3 6 220
111 3 7 220
111 3 8 220
111 3 9 220
111 3 10 220
111 3 11 220
111 3 12 220
111 3 13 220
111 4 26 55
111 4 27 55
111 5 28 45
111 5 29 45
111 5 30 45
112 1 2 75
112 1 3 75
112 2 17 100
112 2 18 100
112 3 5 220
112 3 6 220
112 3 7 220
112 3 8 220
112 3 9 220
112 3 10 220
112 3 11 220
112 3 12 220
112 3 13 220
112 4 26 55
112 4 27 55
112 5 28 45
112 5 29 45
112 5 30 45
113 1 2 75
113 1 3 75
113 2 17 100
113 2 18 100
113 3 5 220
113 3 6 220
113 3 7 220
113 3 8 220
113 3 9 220
113 3 10 220
113 3 11 220
113 3 12 220
113 3 13 220
113 4 26 55
113 4 27 55
113 5 28 45
113 5 29 45
113 5 30 45
114 1 2 75
114 1 3 75
114 2 17 100
114 2 18 100
114 3 5 220
114 3 6 220
114 3 7 220
114 3 8 220
114 3 9 220
114 3 10 220
114 3 11 220
114 3 12 220
114 3 13 220
114 4 26 55
114 4 27 55
114 5 28 45
114 5 29 45
114 5 30 45
115 1 2 75
115 1 3 75
115 2 17 100
115 2 18 100
115 3 5 220
115 3 6 220
115 3 7 220
115 3 8 220
115 3 9 220
115 3 10 220
115 3 11 220
115 3 12 220
115 3 13 220
115 4 26 55
115 4 27 55
115 5 28 45
115 5 29 45
115 5 30 45
116 1 2 75
116 1 3 75
116 2 17 100
116 2 18 100
116 3 5 220
116 3 6 220
116 3 7 220
116 3 8 220
116 3 9 220
116 3 10 220
116 3 11 220
116 3 12 220
116 3 13 220
116 4 26 55
116 4 27 55
116 5 28 45
116 5 29 45
116 5 30 45
117 1 2 75
117 1 3 75
117 2 17 100
117 2 18 100
117 3 5 220
117 3 6 220
117 3 7 220
117 3 8 220
117 3 9 220
117 3 10 220
117 3 11 220
117 3 12 220
117 3 13 220
117 4 26 55
117 4 27 55
117 5 28 45
117 5 29 45
117 5 30 45
118 1 2 75
118 1 3 75
118 2 17 100
118 2 18 100
118 3 5 220
118 3 6 220
118 3 7 220
118 3 8 220
118 3 9 220
118 3 10 220
118 3 11 220
118 3 12 220
118 3 13 220
118 4 26 55
118 4 27 55
118 5 28 45
118 5 29 45
118 5 30 45
119 1 2 75
119 1 3 75
119 2 17 100
119 2 18 100
119 3 5 220
119 3 6 220
119 3 7 220
119 3 8 220
119 3 9 220
119 3 10 220
119 3 11 220
119 3 12 220
119 3 13 220
119 4 26 55
119 4 27 55
119 5 28 45
119 5 29 45
119 5 30 45
120 1 2 75
120 1 3 75
120 2 17 100
120 2 18 100
120 3 5 220
120 3 6 220
120 3 7 220
120 3 8 220
120 3 9 220
120 3 10 220
120 3 11 220
120 3 12 220
120 3 13 220
120 4 26 55
120 4 27 55
120 5 28 45
120 5 29 45
120 5 30 45
121 1 2 75
121 1 3 75
121 2 17 100
121 2 18 100
121 3 5 220
121 3 6 220
121 3 7 220
121 3 8 220
121 3 9 220
121 3 10 220
121 3 11 220
121 3 12 220
121 3 13 220
121 4 26 55
121 4 27 55
121 5 28 45
121 5 29 45
121 5 30 45
122 1 2 75
122 1 3 75
122 2 17 100
122 2 18 100
122 3 5 220
122 3 6 220
122 3 7 220
122 3 8 220
122 3 9 220
122 3 10 220
122 3 11 220
122 3 12 220
122 3 13 220
122 4 26 55
122 4 27 55
122 5 28 45
122 5 29 45
122 5 30 45
123 1 2 75
123 1 3 75
123 2 17 100
123 2 18 100
123 3 5 220
123 3 6 220
123 3 7 220
123 3 8 220
123 3 9 220
123 3 10 220
123 3 11 220
123 3 12 220
123 3 13 220
123 4 26 55
123 4 27 55
123 5 28 45
123 5 29 45
123 5 30 45
124 1 2 75
124 1 3 75
124 2 17 100
124 2 18 100
124 3 5 220
124 3 6 220
124 3 7 220
124 3 8 220
124 3 9 220
124 3 10 220
124 3 11 220
124 3 12 220
124 3 13 220
124 4 26 55
124 4 27 55
124 5 28 45
124 5 29 45
124 5 30 45
125 1 2 75
125 1 3 75
125 2 17 100
125 2 18 100
125 3 5 220
125 3 6 220
125 3 7 220
125 3 8 220
125 3 9 220
125 3 10 220
125 3 11 220
125 3 12 220
125 3 13 220
125 4 26 55
125 4 27 55
125 5 28 45
125 5 29 45
125 5 30 45
126 1 2 75
126 1 3 75
126 2 17 100
126 2 18 100
126 3 5 220
126 3 6 220
126 3 7 220
126 3 8 220
126 3 9 220
126 3 10 220
126 3 11 220
126 3 12 220
126 3 13 220
126 4 26 55
126 4 27 55
126 5 28 45
126 5 29 45
126 5 30 45
127 1 2 75
127 1 3 75
127 2 17 100
127 2 18 100
127 3 5 220
127 3 6 220
127 3 7 220
127 3 8 220
127 3 9 220
127 3 10 220
127 3 11 220
127 3 12 220
127 3 13 220
127 4 26 55
127 4 27 55
127 5 28 45
127 5 29 45
127 5 30 45
128 1 2 75
128 1 3 75
128 2 17 100
128 2 18 100
128 3 5 220
128 3 6 220
128 3 7 220
128 3 8 220
128 3 9 220
128 3 10 220
128 3 11 220
128 3 12 220
128 3 13 220
128 4 26 55
128 4 27 55
128 5 28 45
128 5 29 45
128 5 30 45
129 1 2 75
129 1 3 75
129 2 17 100
129 2 18 100
129 3 5 220
129 3 6 220
129 3 7 220
129 3 8 220
129 3 9 220
129 3 10 220
129 3 11 220
129 3 12 220
129 3 13 220
129 4 26 55
129 4 27 55
129 5 28 45
129 5 29 45
129 5 30 45
130 1 2 75
130 1 3 75
130 2 17 100
130 2 18 100
130 3 5 220
130 3 6 220
130 3 7 220
130 3 8 220
130 3 9 220
130 3 10 220
130 3 11 220
130 3 12 220
130 3 13 220
130 4 26 55
130 4 27 55
130 5 28 45
130 5 29 45
130 5 30 45
131 1 2 75
131 1 3 75
131 2 17 100
131 2 18 100
131 3 5 220
131 3 6 220
131 3 7 220
131 3 8 220
131 3 9 220
131 3 10 220
131 3 11 220
131 3 12 220
131 3 13 220
131 4 26 55
131 4 27 55
131 5 28 45
131 5 29 45
131 5 30 45
132 1 2 75
132 1 3 75
132 2 17 100
132 2 18 100
132 3 5 220
132 3 6 220
132 3 7 220
132 3 8 220
132 3 9 220
132 3 10 220
132 3 11 220
132 3 12 220
132 3 13 220
132 4 26 55
132 4 27 55
132 5 28 45
132 5 29 45
132 5 30 45
133 1 2 75
133 1 3 75
133 2 17 100
133 2 18 100
133 3 5 220
133 3 6 220
133 3 7 220
133 3 8 220
133 3 9 220
133 3 10 220
133 3 11 220
133 3 12 220
133 3 13 220
133 4 26 55
133 4 27 55
133 5 28 45
133 5 29 45
133 5 30 45
134 1 2 75
134 1 3 75
134 2 17 100
134 2 18 100
134 3 5 220
134 3 6 220
134 3 7 220
134 3 8 220
134 3 9 220
134 3 10 220
134 3 11 220
134 3 12 220
134 3 13 220
134 4 26 55
134 4 27 55
134 5 28 45
134 5 29 45
134 5 30 45
135 1 2 75
135 1 3 75
135 2 17 100
135 2 18 100
135 3 5 220
135 3 6 220
135 3 7 220
135 3 8 220
135 3 9 220
135 3 10 220
135 3 11 220
135 3 12 220
135 3 13 220
135 4 26 55
135 4 27 55
135 5 28 45
135 5 29 45
135 5 30 45
136 1 2 75
136 1 3 75
136 2 17 100
136 2 18 100
136 3 5 220
136 3 6 220
136 3 7 220
136 3 8 220
136 3 9 220
136 3 10 220
136 3 11 220
136 3 12 220
136 3 13 220
136 4 26 55
136 4 27 55
136 5 28 45
136 5 29 45
136 5 30 45
137 1 2 75
137 1 3 75
137 2 17 100
137 2 18 100
137 3 5 220
137 3 6 220
137 3 7 220
137 3 8 220
137 3 9 220
137 3 10 220
137 3 11 220
137 3 12 220
137 3 13 220
137 4 26 55
137 4 27 55
137 5 28 45
137 5 29 45
137 5 30 45
138 1 2 75
138 1 3 75
138 2 17 100
138 2 18 100
138 3 5 220
138 3 6 220
138 3 7 220
138 3 8 220
138 3 9 220
138 3 10 220
138 3 11 220
138 3 12 220
138 3 13 220
138 4 26 55
138 4 27 55
138 5 28 45
138 5 29 45
138 5 30 45
139 1 2 75
139 1 3 75
139 2 17 100
139 2 18 100
139 3 5 220
139 3 6 220
139 3 7 220
139 3 8 220
139 3 9 220
139 3 10 220
139 3 11 220
139 3 12 220
139 3 13 220
139 4 26 55
139 4 27 55
139 5 28 45
139 5 29 45
139 5 30 45
140 1 2 75
140 1 3 75
140 2 17 100
140 2 18 100
140 3 5 220
140 3 6 220
140 3 7 220
140 3 8 220
140 3 9 220
140 3 10 220
140 3 11 220
140 3 12 220
140 3 13 220
140 4 26 55
140 4 27 55
140 5 28 45
140 5 29 45
140 5 30 45
141 1 2 75
141 1 3 75
141 2 17 100
141 2 18 100
141 3 5 220
141 3 6 220
141 3 7 220
141 3 8 220
141 3 9 220
141 3 10 220
141 3 11 220
141 3 12 220
141 3 13 220
141 4 26 55
141 4 27 55
141 5 28 45
141 5 29 45
141 5 30 45
142 1 2 75
142 1 3 75
142 2 17 100
142 2 18 100
142 3 5 220
142 3 6 220
142 3 7 220
142 3 8 220
142 3 9 220
142 3 10 220
142 3 11 220
142 3 12 220
142 3 13 220
142 4 26 55
142 4 27 55
142 5 28 45
142 5 29 45
142 5 30 45
143 1 2 75
143 1 3 75
143 2 17 100
143 2 18 100
143 3 5 220
143 3 6 220
143 3 7 220
143 3 8 220
143 3 9 220
143 3 10 220
143 3 11 220
143 3 12 220
143 3 13 220
143 4 26 55
143 4 27 55
143 5 28 45
143 5 29 45
143 5 30 45
144 1 2 75
144 1 3 75
144 2 17 100
144 2 18 100
144 3 5 220
144 3 6 220
144 3 7 220
144 3 8 220
144 3 9 220
144 3 10 220
144 3 11 220
144 3 12 220
144 3 13 220
144 4 26 55
144 4 27 55
144 5 28 45
144 5 29 45
144 5 30 45
145 1 2 75
145 1 3 75
145 2 17 100
145 2 18 100
145 3 5 220
145 3 6 220
145 3 7 220
145 3 8 220
145 3 9 220
145 3 10 220
145 3 11 220
145 3 12 220
145 3 13 220
145 4 26 55
145 4 27 55
145 5 28 45
145 5 29 45
145 5 30 45
146 1 2 75
146 1 3 75
146 2 17 100
146 2 18 100
146 3 5 220
146 3 6 220
146 3 7 220
146 3 8 220
146 3 9 220
146 3 10 220
146 3 11 220
146 3 12 220
146 3 13 220
146 4 26 55
146 4 27 55
146 5 28 45
146 5 29 45
146 5 30 45
147 1 2 75
147 1 3 75
147 2 17 100
147 2 18 100
147 3 5 220
147 3 6 220
147 3 7 220
147 3 8 220
147 3 9 220
147 3 10 220
147 3 11 220
147 3 12 220
147 3 13 220
147 4 26 55
147 4 27 55
147 5 28 45
147 5 29 45
147 5 30 45
148 1 2 75
148 1 3 75
148 2 17 100
148 2 18 100
148 3 5 220
148 3 6 220
148 3 7 220
148 3 8 220
148 3 9 220
148 3 10 220
148 3 11 220
148 3 12 220
148 3 13 220
148 4 26 55
148 4 27 55
148 5 28 45
148 5 29 45
148 5 30 45
149 1 2 75
149 1 3 75
149 2 17 100
149 2 18 100
149 3 5 220
149 3 6 220
149 3 7 220
149 3 8 220
149 3 9 220
149 3 10 220
149 3 11 220
149 3 12 220
149 3 13 220
149 4 26 55
149 4 27 55
149 5 28 45
149 5 29 45
149 5 30 45
150 1 2 75
150 1 3 75
150 2 17 100
150 2 18 100
150 3 5 220
150 3 6 220
150 3 7 220
150 3 8 220
150 3 9 220
150 3 10 220
150 3 11 220
150 3 12 220
150 3 13 220
150 4 26 55
150 4 27 55
150 5 28 45
150 5 29 45
150 5 30 45
151 1 2 75
151 1 3 75
151 2 17 100
151 2 18 100
151 3 5 220
151 3 6 220
151 3 7 220
151 3 8 220
151 3 9 220
151 3 10 220
151 3 11 220
151 3 12 220
151 3 13 220
151 4 26 55
151 4 27 55
151 5 28 45
151 5 29 45
151 5 30 45
152 1 2 75
152 1 3 75
152 2 17 100
152 2 18 100
152 3 5 220
152 3 6 220
152 3 7 220
152 3 8 220
152 3 9 220
152 3 10 220
152 3 11 220
152 3 12 220
152 3 13 220
152 4 26 55
152 4 27 55
152 5 28 45
152 5 29 45
152 5 30 45
153 1 2 75
153 1 3 75
153 2 17 100
153 2 18 100
153 3 5 220
153 3 6 220
153 3 7 220
153 3 8 220
153 3 9 220
153 3 10 220
153 3 11 220
153 3 12 220
153 3 13 220
153 4 26 55
153 4 27 55
153 5 28 45
153 5 29 45
153 5 30 45
154 1 2 75
154 1 3 75
154 2 17 100
154 2 18 100
154 3 5 220
154 3 6 220
154 3 7 220
154 3 8 220
154 3 9 220
154 3 10 220
154 3 11 220
154 3 12 220
154 3 13 220
154 4 26 55
154 4 27 55
154 5 28 45
154 5 29 45
154 5 30 45
155 1 2 75
155 1 3 75
155 2 17 100
155 2 18 100
155 3 5 220
155 3 6 220
155 3 7 220
155 3 8 220
155 3 9 220
155 3 10 220
155 3 11 220
155 3 12 220
155 3 13 220
155 4 26 55
155 4 27 55
155 5 28 45
155 5 29 45
155 5 30 45
156 1 2 75
156 1 3 75
156 2 17 100
156 2 18 100
156 3 5 220
156 3 6 220
156 3 7 220
156 3 8 220
156 3 9 220
156 3 10 220
156 3 11 220
156 3 12 220
156 3 13 220
156 4 26 55
156 4 27 55
156 5 28 45
156 5 29 45
156 5 30 45
157 1 2 75
157 1 3 75
157 2 17 100
157 2 18 100
157 3 5 220
157 3 6 220
157 3 7 220
157 3 8 220
157 3 9 220
157 3 10 220
157 3 11 220
157 3 12 220
157 3 13 220
157 4 26 55
157 4 27 55
157 5 28 45
157 5 29 45
157 5 30 45
158 1 2 75
158 1 3 75
158 2 17 100
158 2 18 100
158 3 5 220
158 3 6 220
158 3 7 220
158 3 8 220
158 3 9 220
158 3 10 220
158 3 11 220
158 3 12 220
158 3 13 220
158 4 26 55
158 4 27 55
158 5 28 45
158 5 29 45
158 5 30 45
159 1 2 75
159 1 3 75
159 2 17 100
159 2 18 100
159 3 5 220
159 3 6 220
159 3 7 220
159 3 8 220
159 3 9 220
159 3 10 220
159 3 11 220
159 3 12 220
159 3 13 220
159 4 26 55
159 4 27 55
159 5 28 45
159 5 29 45
159 5 30 45
160 1 2 75
160 1 3 75
160 2 17 100
160 2 18 100
160 3 5 220
160 3 6 220
160 3 7 220
160 3 8 220
160 3 9 220
160 3 10 220
160 3 11 220
160 3 12 220
160 3 13 220
160 4 26 55
160 4 27 55
160 5 28 45
160 5 29 45
160 5 30 45
161 1 2 75
161 1 3 75
161 2 17 100
161 2 18 100
161 3 5 220
161 3 6 220
161 3 7 220
161 3 8 220
161 3 9 220
161 3 10 220
161 3 11 220
161 3 12 220
161 3 13 220
161 4 26 55
161 4 27 55
161 5 28 45
161 5 29 45
161 5 30 45
162 1 2 75
162 1 3 75
162 2 17 100
162 2 18 100
162 3 5 220
162 3 6 220
162 3 7 220
162 3 8 220
162 3 9 220
162 3 10 220
162 3 11 220
162 3 12 220
162 3 13 220
162 4 26 55
162 4 27 55
162 5 28 45
162 5 29 45
162 5 30 45
163 1 2 75
163 1 3 75
163 2 17 100
163 2 18 100
163 3 5 220
163 3 6 220
163 3 7 220
163 3 8 220
163 3 9 220
163 3 10 220
163 3 11 220
163 3 12 220
163 3 13 220
163 4 26 55
163 4 27 55
163 5 28 45
163 5 29 45
163 5 30 45
164 1 2 75
164 1 3 75
164 2 17 100
164 2 18 100
164 3 5 220
164 3 6 220
164 3 7 220
164 3 8 220
164 3 9 220
164 3 10 220
164 3 11 220
164 3 12 220
164 3 13 220
164 4 26 55
164 4 27 55
164 5 28 45
164 5 29 45
164 5 30 45
165 1 2 75
165 1 3 75
165 2 17 100
165 2 18 100
165 3 5 220
165 3 6 220
165 3 7 220
165 3 8 220
165 3 9 220
165 3 10 220
165 3 11 220
165 3 12 220
165 3 13 220
165 4 26 55
165 4 27 55
165 5 28 45
165 5 29 45
165 5 30 45
166 1 2 75
166 1 3 75
166 2 17 100
166 2 18 100
166 3 5 220
166 3 6 220
166 3 7 220
166 3 8 220
166 3 9 220
166 3 10 220
166 3 11 220
166 3 12 220
166 3 13 220
166 4 26 55
166 4 27 55
166 5 28 45
166 5 29 45
166 5 30 45
167 1 2 75
167 1 3 75
167 2 17 100
167 2 18 100
167 3 5 220
167 3 6 220
167 3 7 220
167 3 8 220
167 3 9 220
167 3 10 220
167 3 11 220
167 3 12 220
167 3 13 220
167 4 26 55
167 4 27 55
167 5 28 45
167 5 29 45
167 5 30 45
168 1 2 75
168 1 3 75
168 2 17 100
168 2 18 100
168 3 5 220
168 3 6 220
168 3 7 220
168 3 8 220
168 3 9 220
168 3 10 220
168 3 11 220
168 3 12 220
168 3 13 220
168 4 26 55
168 4 27 55
168 5 28 45
168 5 29 45
168 5 30 45
169 1 2 75
169 1 3 75
169 2 17 100
169 2 18 100
169 3 5 220
169 3 6 220
169 3 7 220
169 3 8 220
169 3 9 220
169 3 10 220
169 3 11 220
169 3 12 220
169 3 13 220
169 4 26 55
169 4 27 55
169 5 28 45
169 5 29 45
169 5 30 45
170 1 2 75
170 1 3 75
170 2 17 100
170 2 18 100
170 3 5 220
170 3 6 220
170 3 7 220
170 3 8 220
170 3 9 220
170 3 10 220
170 3 11 220
170 3 12 220
170 3 13 220
170 4 26 55
170 4 27 55
170 5 28 45
170 5 29 45
170 5 30 45
171 1 2 75
171 1 3 75
171 2 17 100
171 2 18 100
171 3 5 220
171 3 6 220
171 3 7 220
171 3 8 220
171 3 9 220
171 3 10 220
171 3 11 220
171 3 12 220
171 3 13 220
171 4 26 55
171 4 27 55
171 5 28 45
171 5 29 45
171 5 30 45
172 1 2 75
172 1 3 75
172 2 17 100
172 2 18 100
172 3 5 220
172 3 6 220
172 3 7 220
172 3 8 220
172 3 9 220
172 3 10 220
172 3 11 220
172 3 12 220
172 3 13 220
172 4 26 55
172 4 27 55
172 5 28 45
172 5 29 45
172 5 30 45
173 1 2 75
173 1 3 75
173 2 17 100
173 2 18 100
173 3 5 220
173 3 6 220
173 3 7 220
173 3 8 220
173 3 9 220
173 3 10 220
173 3 11 220
173 3 12 220
173 3 13 220
173 4 26 55
173 4 27 55
173 5 28 45
173 5 29 45
173 5 30 45
174 1 2 75
174 1 3 75
174 2 17 100
174 2 18 100
174 3 5 220
174 3 6 220
174 3 7 220
174 3 8 220
174 3 9 220
174 3 10 220
174 3 11 220
174 3 12 220
174 3 13 220
174 4 26 55
174 4 27 55
174 5 28 45
174 5 29 45
174 5 30 45
175 1 2 75
175 1 3 75
175 2 17 100
175 2 18 100
175 3 5 220
175 3 6 220
175 3 7 220
175 3 8 220
175 3 9 220
175 3 10 220
175 3 11 220
175 3 12 220
175 3 13 220
175 4 26 55
175 4 27 55
175 5 28 45
175 5 29 45
175 5 30 45
176 1 2 75
176 1 3 75
176 2 17 100
176 2 18 100
176 3 5 220
176 3 6 220
176 3 7 220
176 3 8 220
176 3 9 220
176 3 10 220
176 3 11 220
176 3 12 220
176 3 13 220
176 4 26 55
176 4 27 55
176 5 28 45
176 5 29 45
176 5 30 45
177 1 2 75
177 1 3 75
177 2 17 100
177 2 18 100
177 3 5 220
177 3 6 220
177 3 7 220
177 3 8 220
177 3 9 220
177 3 10 220
177 3 11 220
177 3 12 220
177 3 13 220
177 4 26 55
177 4 27 55
177 5 28 45
177 5 29 45
177 5 30 45
178 1 2 75
178 1 3 75
178 2 17 100
178 2 18 100
178 3 5 220
178 3 6 220
178 3 7 220
178 3 8 220
178 3 9 220
178 3 10 220
178 3 11 220
178 3 12 220
178 3 13 220
178 4 26 55
178 4 27 55
178 5 28 45
178 5 29 45
178 5 30 45
179 1 2 75
179 1 3 75
179 2 17 100
179 2 18 100
179 3 5 220
179 3 6 220
179 3 7 220
179 3 8 220
179 3 9 220
179 3 10 220
179 3 11 220
179 3 12 220
179 3 13 220
179 4 26 55
179 4 27 55
179 5 28 45
179 5 29 45
179 5 30 45
180 1 2 75
180 1 3 75
180 2 17 100
180 2 18 100
180 3 5 220
180 3 6 220
180 3 7 220
180 3 8 220
180 3 9 220
180 3 10 220
180 3 11 220
180 3 12 220
180 3 13 220
180 4 26 55
180 4 27 55
180 5 28 45
180 5 29 45
180 5 30 45
181 1 2 75
181 1 3 75
181 2 17 100
181 2 18 100
181 3 5 220
181 3 6 220
181 3 7 220
181 3 8 220
181 3 9 220
181 3 10 220
181 3 11 220
181 3 12 220
181 3 13 220
181 4 26 55
181 4 27 55
181 5 28 45
181 5 29 45
181 5 30 45
182 1 2 75
182 1 3 75
182 2 17 100
182 2 18 100
182 3 5 220
182 3 6 220
182 3 7 220
182 3 8 220
182 3 9 220
182 3 10 220
182 3 11 220
182 3 12 220
182 3 13 220
182 4 26 55
182 4 27 55
182 5 28 45
182 5 29 45
182 5 30 45
183 1 2 75
183 1 3 75
183 2 17 100
183 2 18 100
183 3 5 220
183 3 6 220
183 3 7 220
183 3 8 220
183 3 9 220
183 3 10 220
183 3 11 220
183 3 12 220
183 3 13 220
183 4 26 55
183 4 27 55
183 5 28 45
183 5 29 45
183 5 30 45
184 1 2 75
184 1 3 75
184 2 17 100
184 2 18 100
184 3 5 220
184 3 6 220
184 3 7 220
184 3 8 220
184 3 9 220
184 3 10 220
184 3 11 220
184 3 12 220
184 3 13 220
184 4 26 55
184 4 27 55
184 5 28 45
184 5 29 45
184 5 30 45
185 1 2 75
185 1 3 75
185 2 17 100
185 2 18 100
185 3 5 220
185 3 6 220
185 3 7 220
185 3 8 220
185 3 9 220
185 3 10 220
185 3 11 220
185 3 12 220
185 3 13 220
185 4 26 55
185 4 27 55
185 5 28 45
185 5 29 45
185 5 30 45
186 1 2 75
186 1 3 75
186 2 17 100
186 2 18 100
186 3 5 220
186 3 6 220
186 3 7 220
186 3 8 220
186 3 9 220
186 3 10 220
186 3 11 220
186 3 12 220
186 3 13 220
186 4 26 55
186 4 27 55
186 5 28 45
186 5 29 45
186 5 30 45
187 1 2 75
187 1 3 75
187 2 17 100
187 2 18 100
187 3 5 220
187 3 6 220
187 3 7 220
187 3 8 220
187 3 9 220
187 3 10 220
187 3 11 220
187 3 12 220
187 3 13 220
187 4 26 55
187 4 27 55
187 5 28 45
187 5 29 45
187 5 30 45
188 1 2 75
188 1 3 75
188 2 17 100
188 2 18 100
188 3 5 220
188 3 6 220
188 3 7 220
188 3 8 220
188 3 9 220
188 3 10 220
188 3 11 220
188 3 12 220
188 3 13 220
188 4 26 55
188 4 27 55
188 5 28 45
188 5 29 45
188 5 30 45
189 1 2 75
189 1 3 75
189 2 17 100
189 2 18 100
189 3 5 220
189 3 6 220
189 3 7 220
189 3 8 220
189 3 9 220
189 3 10 220
189 3 11 220
189 3 12 220
189 3 13 220
189 4 26 55
189 4 27 55
189 5 28 45
189 5 29 45
189 5 30 45
190 1 2 75
190 1 3 75
190 2 17 100
190 2 18 100
190 3 5 220
190 3 6 220
190 3 7 220
190 3 8 220
190 3 9 220
190 3 10 220
190 3 11 220
190 3 12 220
190 3 13 220
190 4 26 55
190 4 27 55
190 5 28 45
190 5 29 45
190 5 30 45
191 1 2 75
191 1 3 75
191 2 17 100
191 2 18 100
191 3 5 220
191 3 6 220
191 3 7 220
191 3 8 220
191 3 9 220
191 3 10 220
191 3 11 220
191 3 12 220
191 3 13 220
191 4 26 55
191 4 27 55
191 5 28 45
191 5 29 45
191 5 30 45
192 1 2 75
192 1 3 75
192 2 17 100
192 2 18 100
192 3 5 220
192 3 6 220
192 3 7 220
192 3 8 220
192 3 9 220
192 3 10 220
192 3 11 220
192 3 12 220
192 3 13 220
192 4 26 55
192 4 27 55
192 5 28 45
192 5 29 45
192 5 30 45
193 1 2 75
193 1 3 75
193 2 17 100
193 2 18 100
193 3 5 220
193 3 6 220
193 3 7 220
193 3 8 220
193 3 9 220
193 3 10 220
193 3 11 220
193 3 12 220
193 3 13 220
193 4 26 55
193 4 27 55
193 5 28 45
193 5 29 45
193 5 30 45
194 1 2 75
194 1 3 75
194 2 17 100
194 2 18 100
194 3 5 220
194 3 6 220
194 3 7 220
194 3 8 220
194 3 9 220
194 3 10 220
194 3 11 220
194 3 12 220
194 3 13 220
194 4 26 55
194 4 27 55
194 5 28 45
194 5 29 45
194 5 30 45
195 1 2 75
195 1 3 75
195 2 17 100
195 2 18 100
195 3 5 220
195 3 6 220
195 3 7 220
195 3 8 220
195 3 9 220
195 3 10 220
195 3 11 220
195 3 12 220
195 3 13 220
195 4 26 55
195 4 27 55
195 5 28 45
195 5 29 45
195 5 30 45
196 1 2 75
196 1 3 75
196 2 17 100
196 2 18 100
196 3 5 220
196 3 6 220
196 3 7 220
196 3 8 220
196 3 9 220
196 3 10 220
196 3 11 220
196 3 12 220
196 3 13 220
196 4 26 55
196 4 27 55
196 5 28 45
196 5 29 45
196 5 30 45
197 1 2 75
197 1 3 75
197 2 17 100
197 2 18 100
197 3 5 220
197 3 6 220
197 3 7 220
197 3 8 220
197 3 9 220
197 3 10 220
197 3 11 220
197 3 12 220
197 3 13 220
197 4 26 55
197 4 27 55
197 5 28 45
197 5 29 45
197 5 30 45
198 1 2 75
198 1 3 75
198 2 17 100
198 2 18 100
198 3 5 220
198 3 6 220
198 3 7 220
198 3 8 220
198 3 9 220
198 3 10 220
198 3 11 220
198 3 12 220
198 3 13 220
198 4 26 55
198 4 27 55
198 5 28 45
198 5 29 45
198 5 30 45
199 1 2 75
199 1 3 75
199 2 17 100
199 2 18 100
199 3 5 220
199 3 6 220
199 3 7 220
199 3 8 220
199 3 9 220
199 3 10 220
199 3 11 220
199 3 12 220
199 3 13 220
199 4 26 55
199 4 27 55
199 5 28 45
199 5 29 45
199 5 30 45
200 1 2 75
200 1 3 75
200 2 17 100
200 2 18 100
200 3 5 220
200 3 6 220
200 3 7 220
200 3 8 220
200 3 9 220
200 3 10 220
200 3 11 220
200 3 12 220
200 3 13 220
200 4 26 55
200 4 27 55
200 5 28 45
200 5 29 45
200 5 30 45
201 1 2 75
201 1 3 75
201 2 17 100
201 2 18 100
201 3 5 220
201 3 6 220
201 3 7 220
201 3 8 220
201 3 9 220
201 3 10 220
201 3 11 220
201 3 12 220
201 3 13 220
201 4 26 55
201 4 27 55
201 5 28 45
201 5 29 45
201 5 30 45
202 1 2 75
202 1 3 75
202 2 17 100
202 2 18 100
202 3 5 220
202 3 6 220
202 3 7 220
202 3 8 220
202 3 9 220
202 3 10 220
202 3 11 220
202 3 12 220
202 3 13 220
202 4 26 55
202 4 27 55
202 5 28 45
202 5 29 45
202 5 30 45
203 1 2 75
203 1 3 75
203 2 17 100
203 2 18 100
203 3 5 220
203 3 6 220
203 3 7 220
203 3 8 220
203 3 9 220
203 3 10 220
203 3 11 220
203 3 12 220
203 3 13 220
203 4 26 55
203 4 27 55
203 5 28 45
203 5 29 45
203 5 30 45
204 1 2 75
204 1 3 75
204 2 17 100
204 2 18 100
204 3 5 220
204 3 6 220
204 3 7 220
204 3 8 220
204 3 9 220
204 3 10 220
204 3 11 220
204 3 12 220
204 3 13 220
204 4 26 55
204 4 27 55
204 5 28 45
204 5 29 45
204 5 30 45
205 1 2 75
205 1 3 75
205 2 17 100
205 2 18 100
205 3 5 220
205 3 6 220
205 3 7 220
205 3 8 220
205 3 9 220
205 3 10 220
205 3 11 220
205 3 12 220
205 3 13 220
205 4 26 55
205 4 27 55
205 5 28 45
205 5 29 45
205 5 30 45
206 1 2 75
206 1 3 75
206 2 17 100
206 2 18 100
206 3 5 220
206 3 6 220
206 3 7 220
206 3 8 220
206 3 9 220
206 3 10 220
206 3 11 220
206 3 12 220
206 3 13 220
206 4 26 55
206 4 27 55
206 5 28 45
206 5 29 45
206 5 30 45
207 1 2 75
207 1 3 75
207 2 17 100
207 2 18 100
207 3 5 220
207 3 6 220
207 3 7 220
207 3 8 220
207 3 9 220
207 3 10 220
207 3 11 220
207 3 12 220
207 3 13 220
207 4 26 55
207 4 27 55
207 5 28 45
207 5 29 45
207 5 30 45
208 1 2 75
208 1 3 75
208 2 17 100
208 2 18 100
208 3 5 220
208 3 6 220
208 3 7 220
208 3 8 220
208 3 9 220
208 3 10 220
208 3 11 220
208 3 12 220
208 3 13 220
208 4 26 55
208 4 27 55
208 5 28 45
208 5 29 45
208 5 30 45
209 1 2 75
209 1 3 75
209 2 17 100
209 2 18 100
209 3 5 220
209 3 6 220
209 3 7 220
209 3 8 220
209 3 9 220
209 3 10 220
209 3 11 220
209 3 12 220
209 3 13 220
209 4 26 55
209 4 27 55
209 5 28 45
209 5 29 45
209 5 30 45
210 1 2 75
210 1 3 75
210 2 17 100
210 2 18 100
210 3 5 220
210 3 6 220
210 3 7 220
210 3 8 220
210 3 9 220
210 3 10 220
210 3 11 220
210 3 12 220
210 3 13 220
210 4 26 55
210 4 27 55
210 5 28 45
210 5 29 45
210 5 30 45
211 1 2 75
211 1 3 75
211 2 17 100
211 2 18 100
211 3 5 220
211 3 6 220
211 3 7 220
211 3 8 220
211 3 9 220
211 3 10 220
211 3 11 220
211 3 12 220
211 3 13 220
211 4 26 55
211 4 27 55
211 5 28 45
211 5 29 45
211 5 30 45
212 1 2 75
212 1 3 75
212 2 17 100
212 2 18 100
212 3 5 220
212 3 6 220
212 3 7 220
212 3 8 220
212 3 9 220
212 3 10 220
212 3 11 220
212 3 12 220
212 3 13 220
212 4 26 55
212 4 27 55
212 5 28 45
212 5 29 45
212 5 30 45
213 1 2 75
213 1 3 75
213 2 17 100
213 2 18 100
213 3 5 220
213 3 6 220
213 3 7 220
213 3 8 220
213 3 9 220
213 3 10 220
213 3 11 220
213 3 12 220
213 3 13 220
213 4 26 55
213 4 27 55
213 5 28 45
213 5 29 45
213 5 30 45
214 1 2 75
214 1 3 75
214 2 17 100
214 2 18 100
214 3 5 220
214 3 6 220
214 3 7 220
214 3 8 220
214 3 9 220
214 3 10 220
214 3 11 220
214 3 12 220
214 3 13 220
214 4 26 55
214 4 27 55
214 5 28 45
214 5 29 45
214 5 30 45
215 1 2 75
215 1 3 75
215 2 17 100
215 2 18 100
215 3 5 220
215 3 6 220
215 3 7 220
215 3 8 220
215 3 9 220
215 3 10 220
215 3 11 220
215 3 12 220
215 3 13 220
215 4 26 55
215 4 27 55
215 5 28 45
215 5 29 45
215 5 30 45
216 1 2 75
216 1 3 75
216 2 17 100
216 2 18 100
216 3 5 220
216 3 6 220
216 3 7 220
216 3 8 220
216 3 9 220
216 3 10 220
216 3 11 220
216 3 12 220
216 3 13 220
216 4 26 55
216 4 27 55
216 5 28 45
216 5 29 45
216 5 30 45
217 1 2 75
217 1 3 75
217 2 17 100
217 2 18 100
217 3 5 220
217 3 6 220
217 3 7 220
217 3 8 220
217 3 9 220
217 3 10 220
217 3 11 220
217 3 12 220
217 3 13 220
217 4 26 55
217 4 27 55
217 5 28 45
217 5 29 45
217 5 30 45
218 1 2 75
218 1 3 75
218 2 17 100
218 2 18 100
218 3 5 220
218 3 6 220
218 3 7 220
218 3 8 220
218 3 9 220
218 3 10 220
218 3 11 220
218 3 12 220
218 3 13 220
218 4 26 55
218 4 27 55
218 5 28 45
218 5 29 45
218 5 30 45
219 1 2 75
219 1 3 75
219 2 17 100
219 2 18 100
219 3 5 220
219 3 6 220
219 3 7 220
219 3 8 220
219 3 9 220
219 3 10 220
219 3 11 220
219 3 12 220
219 3 13 220
219 4 26 55
219 4 27 55
219 5 28 45
219 5 29 45
219 5 30 45
220 1 2 75
220 1 3 75
220 2 17 100
220 2 18 100
220 3 5 220
220 3 6 220
220 3 7 220
220 3 8 220
220 3 9 220
220 3 10 220
220 3 11 220
220 3 12 220
220 3 13 220
220 4 26 55
220 4 27 55
220 5 28 45
220 5 29 45
220 5 30 45
221 1 2 75
221 1 3 75
221 2 17 100
221 2 18 100
221 3 5 220
221 3 6 220
221 3 7 220
221 3 8 220
221 3 9 220
221 3 10 220
221 3 11 220
221 3 12 220
221 3 13 220
221 4 26 55
221 4 27 55
221 5 28 45
221 5 29 45
221 5 30 45
222 1 2 75
222 1 3 75
222 2 17 100
222 2 18 100
222 3 5 220
222 3 6 220
222 3 7 220
222 3 8 220
222 3 9 220
222 3 10 220
222 3 11 220
222 3 12 220
222 3 13 220
222 4 26 55
222 4 27 55
222 5 28 45
222 5 29 45
222 5 30 45
223 1 2 75
223 1 3 75
223 2 17 100
223 2 18 100
223 3 5 220
223 3 6 220
223 3 7 220
223 3 8 220
223 3 9 220
223 3 10 220
223 3 11 220
223 3 12 220
223 3 13 220
223 4 26 55
223 4 27 55
223 5 28 45
223 5 29 45
223 5 30 45
224 1 2 75
224 1 3 75
224 2 17 100
224 2 18 100
224 3 5 220
224 3 6 220
224 3 7 220
224 3 8 220
224 3 9 220
224 3 10 220
224 3 11 220
224 3 12 220
224 3 13 220
224 4 26 55
224 4 27 55
224 5 28 45
224 5 29 45
224 5 30 45
225 1 2 75
225 1 3 75
225 2 17 100
225 2 18 100
225 3 5 220
225 3 6 220
225 3 7 220
225 3 8 220
225 3 9 220
225 3 10 220
225 3 11 220
225 3 12 220
225 3 13 220
225 4 26 55
225 4 27 55
225 5 28 45
225 5 29 45
225 5 30 45
226 1 2 75
226 1 3 75
226 2 17 100
226 2 18 100
226 3 5 220
226 3 6 220
226 3 7 220
226 3 8 220
226 3 9 220
226 3 10 220
226 3 11 220
226 3 12 220
226 3 13 220
226 4 26 55
226 4 27 55
226 5 28 45
226 5 29 45
226 5 30 45
227 1 2 75
227 1 3 75
227 2 17 100
227 2 18 100
227 3 5 220
227 3 6 220
227 3 7 220
227 3 8 220
227 3 9 220
227 3 10 220
227 3 11 220
227 3 12 220
227 3 13 220
227 4 26 55
227 4 27 55
227 5 28 45
227 5 29 45
227 5 30 45
228 1 2 75
228 1 3 75
228 2 17 100
228 2 18 100
228 3 5 220
228 3 6 220
228 3 7 220
228 3 8 220
228 3 9 220
228 3 10 220
228 3 11 220
228 3 12 220
228 3 13 220
228 4 26 55
228 4 27 55
228 5 28 45
228 5 29 45
228 5 30 45
229 1 2 75
229 1 3 75
229 2 17 100
229 2 18 100
229 3 5 220
229 3 6 220
229 3 7 220
229 3 8 220
229 3 9 220
229 3 10 220
229 3 11 220
229 3 12 220
229 3 13 220
229 4 26 55
229 4 27 55
229 5 28 45
229 5 29 45
229 5 30 45
230 1 2 75
230 1 3 75
230 2 17 100
230 2 18 100
230 3 5 220
230 3 6 220
230 3 7 220
230 3 8 220
230 3 9 220
230 3 10 220
230 3 11 220
230 3 12 220
230 3 13 220
230 4 26 55
230 4 27 55
230 5 28 45
230 5 29 45
230 5 30 45
231 1 2 75
231 1 3 75
231 2 17 100
231 2 18 100
231 3 5 220
231 3 6 220
231 3 7 220
231 3 8 220
231 3 9 220
231 3 10 220
231 3 11 220
231 3 12 220
231 3 13 220
231 4 26 55
231 4 27 55
231 5 28 45
231 5 29 45
231 5 30 45
232 1 2 75
232 1 3 75
232 2 17 100
232 2 18 100
232 3 5 220
232 3 6 220
232 3 7 220
232 3 8 220
232 3 9 220
232 3 10 220
232 3 11 220
232 3 12 220
232 3 13 220
232 4 26 55
232 4 27 55
232 5 28 45
232 5 29 45
232 5 30 45
233 1 2 75
233 1 3 75
233 2 17 100
233 2 18 100
233 3 5 220
233 3 6 220
233 3 7 220
233 3 8 220
233 3 9 220
233 3 10 220
233 3 11 220
233 3 12 220
233 3 13 220
233 4 26 55
233 4 27 55
233 5 28 45
233 5 29 45
233 5 30 45
234 1 2 75
234 1 3 75
234 2 17 100
234 2 18 100
234 3 5 220
234 3 6 220
234 3 7 220
234 3 8 220
234 3 9 220
234 3 10 220
234 3 11 220
234 3 12 220
234 3 13 220
234 4 26 55
234 4 27 55
234 5 28 45
234 5 29 45
234 5 30 45
235 1 2 75
235 1 3 75
235 2 17 100
235 2 18 100
235 3 5 220
235 3 6 220
235 3 7 220
235 3 8 220
235 3 9 220
235 3 10 220
235 3 11 220
235 3 12 220
235 3 13 220
235 4 26 55
235 4 27 55
235 5 28 45
235 5 29 45
235 5 30 45
236 1 2 75
236 1 3 75
236 2 17 100
236 2 18 100
236 3 5 220
236 3 6 220
236 3 7 220
236 3 8 220
236 3 9 220
236 3 10 220
236 3 11 220
236 3 12 220
236 3 13 220
236 4 26 55
236 4 27 55
236 5 28 45
236 5 29 45
236 5 30 45
237 1 2 75
237 1 3 75
237 2 17 100
237 2 18 100
237 3 5 220
237 3 6 220
237 3 7 220
237 3 8 220
237 3 9 220
237 3 10 220
237 3 11 220
237 3 12 220
237 3 13 220
237 4 26 55
237 4 27 55
237 5 28 45
237 5 29 45
237 5 30 45
238 1 2 75
238 1 3 75
238 2 17 100
238 2 18 100
238 3 5 220
238 3 6 220
238 3 7 220
238 3 8 220
238 3 9 220
238 3 10 220
238 3 11 220
238 3 12 220
238 3 13 220
238 4 26 55
238 4 27 55
238 5 28 45
238 5 29 45
238 5 30 45
239 1 2 75
239 1 3 75
239 2 17 100
239 2 18 100
239 3 5 220
239 3 6 220
239 3 7 220
239 3 8 220
239 3 9 220
239 3 10 220
239 3 11 220
239 3 12 220
239 3 13 220
239 4 26 55
239 4 27 55
239 5 28 45
239 5 29 45
239 5 30 45
240 1 2 75
240 1 3 75
240 2 17 100
240 2 18 100
240 3 5 220
240 3 6 220
240 3 7 220
240 3 8 220
240 3 9 220
240 3 10 220
240 3 11 220
240 3 12 220
240 3 13 220
240 4 26 55
240 4 27 55
240 5 28 45
240 5 29 45
240 5 30 45
241 1 2 75
241 1 3 75
241 2 17 100
241 2 18 100
241 3 5 220
241 3 6 220
241 3 7 220
241 3 8 220
241 3 9 220
241 3 10 220
241 3 11 220
241 3 12 220
241 3 13 220
241 4 26 55
241 4 27 55
241 5 28 45
241 5 29 45
241 5 30 45
242 1 2 75
242 1 3 75
242 2 17 100
242 2 18 100
242 3 5 220
242 3 6 220
242 3 7 220
242 3 8 220
242 3 9 220
242 3 10 220
242 3 11 220
242 3 12 220
242 3 13 220
242 4 26 55
242 4 27 55
242 5 28 45
242 5 29 45
242 5 30 45
243 1 2 75
243 1 3 75
243 2 17 100
243 2 18 100
243 3 5 220
243 3 6 220
243 3 7 220
243 3 8 220
243 3 9 220
243 3 10 220
243 3 11 220
243 3 12 220
243 3 13 220
243 4 26 55
243 4 27 55
243 5 28 45
243 5 29 45
243 5 30 45
244 1 2 75
244 1 3 75
244 2 17 100
244 2 18 100
244 3 5 220
244 3 6 220
244 3 7 220
244 3 8 220
244 3 9 220
244 3 10 220
244 3 11 220
244 3 12 220
244 3 13 220
244 4 26 55
244 4 27 55
244 5 28 45
244 5 29 45
244 5 30 45
245 1 2 75
245 1 3 75
245 2 17 100
245 2 18 100
245 3 5 220
245 3 6 220
245 3 7 220
245 3 8 220
245 3 9 220
245 3 10 220
245 3 11 220
245 3 12 220
245 3 13 220
245 4 26 55
245 4 27 55
245 5 28 45
245 5 29 45
245 5 30 45
246 1 2 75
246 1 3 75
246 2 17 100
246 2 18 100
246 3 5 220
246 3 6 220
246 3 7 220
246 3 8 220
246 3 9 220
246 3 10 220
246 3 11 220
246 3 12 220
246 3 13 220
246 4 26 55
246 4 27 55
246 5 28 45
246 5 29 45
246 5 30 45
247 1 2 75
247 1 3 75
247 2 17 100
247 2 18 100
247 3 5 220
247 3 6 220
247 3 7 220
247 3 8 220
247 3 9 220
247 3 10 220
247 3 11 220
247 3 12 220
247 3 13 220
247 4 26 55
247 4 27 55
247 5 28 45
247 5 29 45
247 5 30 45
248 1 2 75
248 1 3 75
248 2 17 100
248 2 18 100
248 3 5 220
248 3 6 220
248 3 7 220
248 3 8 220
248 3 9 220
248 3 10 220
248 3 11 220
248 3 12 220
248 3 13 220
248 4 26 55
248 4 27 55
248 5 28 45
248 5 29 45
248 5 30 45
249 1 2 75
249 1 3 75
249 2 17 100
249 2 18 100
249 3 5 220
249 3 6 220
249 3 7 220
249 3 8 220
249 3 9 220
249 3 10 220
249 3 11 220
249 3 12 220
249 3 13 220
249 4 26 55
249 4 27 55
249 5 28 45
249 5 29 45
249 5 30 45
250 1 2 75
250 1 3 75
250 2 17 100
250 2 18 100
250 3 5 220
250 3 6 220
250 3 7 220
250 3 8 220
250 3 9 220
250 3 10 220
250 3 11 220
250 3 12 220
250 3 13 220
250 4 26 55
250 4 27 55
250 5 28 45
250 5 29 45
250 5 30 45
251 1 2 75
251 1 3 75
251 2 17 100
251 2 18 100
251 3 5 220
251 3 6 220
251 3 7 220
251 3 8 220
251 3 9 220
251 3 10 220
251 3 11 220
251 3 12 220
251 3 13 220
251 4 26 55
251 4 27 55
251 5 28 45
251 5 29 45
251 5 30 45
252 1 2 75
252 1 3 75
252 2 17 100
252 2 18 100
252 3 5 220
252 3 6 220
252 3 7 220
252 3 8 220
252 3 9 220
252 3 10 220
252 3 11 220
252 3 12 220
252 3 13 220
252 4 26 55
252 4 27 55
252 5 28 45
252 5 29 45
252 5 30 45
253 1 2 75
253 1 3 75
253 2 17 100
253 2 18 100
253 3 5 220
253 3 6 220
253 3 7 220
253 3 8 220
253 3 9 220
253 3 10 220
253 3 11 220
253 3 12 220
253 3 13 220
253 4 26 55
253 4 27 55
253 5 28 45
253 5 29 45
253 5 30 45
254 1 2 75
254 1 3 75
254 2 17 100
254 2 18 100
254 3 5 220
254 3 6 220
254 3 7 220
254 3 8 220
254 3 9 220
254 3 10 220
254 3 11 220
254 3 12 220
254 3 13 220
254 4 26 55
254 4 27 55
254 5 28 45
254 5 29 45
254 5 30 45
255 1 2 75
255 1 3 75
255 2 17 100
255 2 18 100
255 3 5 220
255 3 6 220
255 3 7 220
255 3 8 220
255 3 9 220
255 3 10 220
255 3 11 220
255 3 12 220
255 3 13 220
255 4 26 55
255 4 27 55
255 5 28 45
255 5 29 45
255 5 30 45
256 1 2 75
256 1 3 75
256 2 17 100
256 2 18 100
256 3 5 220
256 3 6 220
256 3 7 220
256 3 8 220
256 3 9 220
256 3 10 220
256 3 11 220
256 3 12 220
256 3 13 220
256 4 26 55
256 4 27 55
256 5 28 45
256 5 29 45
256 5 30 45
257 1 2 75
257 1 3 75
257 2 17 100
257 2 18 100
257 3 5 220
257 3 6 220
257 3 7 220
257 3 8 220
257 3 9 220
257 3 10 220
257 3 11 220
257 3 12 220
257 3 13 220
257 4 26 55
257 4 27 55
257 5 28 45
257 5 29 45
257 5 30 45
258 1 2 75
258 1 3 75
258 2 17 100
258 2 18 100
258 3 5 220
258 3 6 220
258 3 7 220
258 3 8 220
258 3 9 220
258 3 10 220
258 3 11 220
258 3 12 220
258 3 13 220
258 4 26 55
258 4 27 55
258 5 28 45
258 5 29 45
258 5 30 45
259 1 2 75
259 1 3 75
259 2 17 100
259 2 18 100
259 3 5 220
259 3 6 220
259 3 7 220
259 3 8 220
259 3 9 220
259 3 10 220
259 3 11 220
259 3 12 220
259 3 13 220
259 4 26 55
259 4 27 55
259 5 28 45
259 5 29 45
259 5 30 45
260 1 2 75
260 1 3 75
260 2 17 100
260 2 18 100
260 3 5 220
260 3 6 220
260 3 7 220
260 3 8 220
260 3 9 220
260 3 10 220
260 3 11 220
260 3 12 220
260 3 13 220
260 4 26 55
260 4 27 55
260 5 28 45
260 5 29 45
260 5 30 45
261 1 2 75
261 1 3 75
261 2 17 100
261 2 18 100
261 3 5 220
261 3 6 220
261 3 7 220
261 3 8 220
261 3 9 220
261 3 10 220
261 3 11 220
261 3 12 220
261 3 13 220
261 4 26 55
261 4 27 55
261 5 28 45
261 5 29 45
261 5 30 45
262 1 2 75
262 1 3 75
262 2 17 100
262 2 18 100
262 3 5 220
262 3 6 220
262 3 7 220
262 3 8 220
262 3 9 220
262 3 10 220
262 3 11 220
262 3 12 220
262 3 13 220
262 4 26 55
262 4 27 55
262 5 28 45
262 5 29 45
262 5 30 45
263 1 2 75
263 1 3 75
263 2 17 100
263 2 18 100
263 3 5 220
263 3 6 220
263 3 7 220
263 3 8 220
263 3 9 220
263 3 10 220
263 3 11 220
263 3 12 220
263 3 13 220
263 4 26 55
263 4 27 55
263 5 28 45
263 5 29 45
263 5 30 45
264 1 2 75
264 1 3 75
264 2 17 100
264 2 18 100
264 3 5 220
264 3 6 220
264 3 7 220
264 3 8 220
264 3 9 220
264 3 10 220
264 3 11 220
264 3 12 220
264 3 13 220
264 4 26 55
264 4 27 55
264 5 28 45
264 5 29 45
264 5 30 45
265 1 2 75
265 1 3 75
265 2 17 100
265 2 18 100
265 3 5 220
265 3 6 220
265 3 7 220
265 3 8 220
265 3 9 220
265 3 10 220
265 3 11 220
265 3 12 220
265 3 13 220
265 4 26 55
265 4 27 55
265 5 28 45
265 5 29 45
265 5 30 45
266 1 2 75
266 1 3 75
266 2 17 100
266 2 18 100
266 3 5 220
266 3 6 220
266 3 7 220
266 3 8 220
266 3 9 220
266 3 10 220
266 3 11 220
266 3 12 220
266 3 13 220
266 4 26 55
266 4 27 55
266 5 28 45
266 5 29 45
266 5 30 45
267 1 2 75
267 1 3 75
267 2 17 100
267 2 18 100
267 3 5 220
267 3 6 220
267 3 7 220
267 3 8 220
267 3 9 220
267 3 10 220
267 3 11 220
267 3 12 220
267 3 13 220
267 4 26 55
267 4 27 55
267 5 28 45
267 5 29 45
267 5 30 45
268 1 2 75
268 1 3 75
268 2 17 100
268 2 18 100
268 3 5 220
268 3 6 220
268 3 7 220
268 3 8 220
268 3 9 220
268 3 10 220
268 3 11 220
268 3 12 220
268 3 13 220
268 4 26 55
268 4 27 55
268 5 28 45
268 5 29 45
268 5 30 45
269 1 2 75
269 1 3 75
269 2 17 100
269 2 18 100
269 3 5 220
269 3 6 220
269 3 7 220
269 3 8 220
269 3 9 220
269 3 10 220
269 3 11 220
269 3 12 220
269 3 13 220
269 4 26 55
269 4 27 55
269 5 28 45
269 5 29 45
269 5 30 45
270 1 2 75
270 1 3 75
270 2 17 100
270 2 18 100
270 3 5 220
270 3 6 220
270 3 7 220
270 3 8 220
270 3 9 220
270 3 10 220
270 3 11 220
270 3 12 220
270 3 13 220
270 4 26 55
270 4 27 55
270 5 28 45
270 5 29 45
270 5 30 45
271 1 2 75
271 1 3 75
271 2 17 100
271 2 18 100
271 3 5 220
271 3 6 220
271 3 7 220
271 3 8 220
271 3 9 220
271 3 10 220
271 3 11 220
271 3 12 220
271 3 13 220
271 4 26 55
271 4 27 55
271 5 28 45
271 5 29 45
271 5 30 45
272 1 2 75
272 1 3 75
272 2 17 100
272 2 18 100
272 3 5 220
272 3 6 220
272 3 7 220
272 3 8 220
272 3 9 220
272 3 10 220
272 3 11 220
272 3 12 220
272 3 13 220
272 4 26 55
272 4 27 55
272 5 28 45
272 5 29 45
272 5 30 45
273 1 2 75
273 1 3 75
273 2 17 100
273 2 18 100
273 3 5 220
273 3 6 220
273 3 7 220
273 3 8 220
273 3 9 220
273 3 10 220
273 3 11 220
273 3 12 220
273 3 13 220
273 4 26 55
273 4 27 55
273 5 28 45
273 5 29 45
273 5 30 45
274 1 2 75
274 1 3 75
274 2 17 100
274 2 18 100
274 3 5 220
274 3 6 220
274 3 7 220
274 3 8 220
274 3 9 220
274 3 10 220
274 3 11 220
274 3 12 220
274 3 13 220
274 4 26 55
274 4 27 55
274 5 28 45
274 5 29 45
274 5 30 45
275 1 2 75
275 1 3 75
275 2 17 100
275 2 18 100
275 3 5 220
275 3 6 220
275 3 7 220
275 3 8 220
275 3 9 220
275 3 10 220
275 3 11 220
275 3 12 220
275 3 13 220
275 4 26 55
275 4 27 55
275 5 28 45
275 5 29 45
275 5 30 45
276 1 2 75
276 1 3 75
276 2 17 100
276 2 18 100
276 3 5 220
276 3 6 220
276 3 7 220
276 3 8 220
276 3 9 220
276 3 10 220
276 3 11 220
276 3 12 220
276 3 13 220
276 4 26 55
276 4 27 55
276 5 28 45
276 5 29 45
276 5 30 45
277 1 2 75
277 1 3 75
277 2 17 100
277 2 18 100
277 3 5 220
277 3 6 220
277 3 7 220
277 3 8 220
277 3 9 220
277 3 10 220
277 3 11 220
277 3 12 220
277 3 13 220
277 4 26 55
277 4 27 55
277 5 28 45
277 5 29 45
277 5 30 45
278 1 2 75
278 1 3 75
278 2 17 100
278 2 18 100
278 3 5 220
278 3 6 220
278 3 7 220
278 3 8 220
278 3 9 220
278 3 10 220
278 3 11 220
278 3 12 220
278 3 13 220
278 4 26 55
278 4 27 55
278 5 28 45
278 5 29 45
278 5 30 45
279 1 2 75
279 1 3 75
279 2 17 100
279 2 18 100
279 3 5 220
279 3 6 220
279 3 7 220
279 3 8 220
279 3 9 220
279 3 10 220
279 3 11 220
279 3 12 220
279 3 13 220
279 4 26 55
279 4 27 55
279 5 28 45
279 5 29 45
279 5 30 45
280 1 2 75
280 1 3 75
280 2 17 100
280 2 18 100
280 3 5 220
280 3 6 220
280 3 7 220
280 3 8 220
280 3 9 220
280 3 10 220
280 3 11 220
280 3 12 220
280 3 13 220
280 4 26 55
280 4 27 55
280 5 28 45
280 5 29 45
280 5 30 45
281 1 2 75
281 1 3 75
281 2 17 100
281 2 18 100
281 3 5 220
281 3 6 220
281 3 7 220
281 3 8 220
281 3 9 220
281 3 10 220
281 3 11 220
281 3 12 220
281 3 13 220
281 4 26 55
281 4 27 55
281 5 28 45
281 5 29 45
281 5 30 45
282 1 2 75
282 1 3 75
282 2 17 100
282 2 18 100
282 3 5 220
282 3 6 220
282 3 7 220
282 3 8 220
282 3 9 220
282 3 10 220
282 3 11 220
282 3 12 220
282 3 13 220
282 4 26 55
282 4 27 55
282 5 28 45
282 5 29 45
282 5 30 45
283 1 2 75
283 1 3 75
283 2 17 100
283 2 18 100
283 3 5 220
283 3 6 220
283 3 7 220
283 3 8 220
283 3 9 220
283 3 10 220
283 3 11 220
283 3 12 220
283 3 13 220
283 4 26 55
283 4 27 55
283 5 28 45
283 5 29 45
283 5 30 45
284 1 2 75
284 1 3 75
284 2 17 100
284 2 18 100
284 3 5 220
284 3 6 220
284 3 7 220
284 3 8 220
284 3 9 220
284 3 10 220
284 3 11 220
284 3 12 220
284 3 13 220
284 4 26 55
284 4 27 55
284 5 28 45
284 5 29 45
284 5 30 45
285 1 2 75
285 1 3 75
285 2 17 100
285 2 18 100
285 3 5 220
285 3 6 220
285 3 7 220
285 3 8 220
285 3 9 220
285 3 10 220
285 3 11 220
285 3 12 220
285 3 13 220
285 4 26 55
285 4 27 55
285 5 28 45
285 5 29 45
285 5 30 45
286 1 2 75
286 1 3 75
286 2 17 100
286 2 18 100
286 3 5 220
286 3 6 220
286 3 7 220
286 3 8 220
286 3 9 220
286 3 10 220
286 3 11 220
286 3 12 220
286 3 13 220
286 4 26 55
286 4 27 55
286 5 28 45
286 5 29 45
286 5 30 45
287 1 2 75
287 1 3 75
287 2 17 100
287 2 18 100
287 3 5 220
287 3 6 220
287 3 7 220
287 3 8 220
287 3 9 220
287 3 10 220
287 3 11 220
287 3 12 220
287 3 13 220
287 4 26 55
287 4 27 55
287 5 28 45
287 5 29 45
287 5 30 45
288 1 2 75
288 1 3 75
288 2 17 100
288 2 18 100
288 3 5 220
288 3 6 220
288 3 7 220
288 3 8 220
288 3 9 220
288 3 10 220
288 3 11 220
288 3 12 220
288 3 13 220
288 4 26 55
288 4 27 55
288 5 28 45
288 5 29 45
288 5 30 45
289 1 2 75
289 1 3 75
289 2 17 100
289 2 18 100
289 3 5 220
289 3 6 220
289 3 7 220
289 3 8 220
289 3 9 220
289 3 10 220
289 3 11 220
289 3 12 220
289 3 13 220
289 4 26 55
289 4 27 55
289 5 28 45
289 5 29 45
289 5 30 45
290 1 2 75
290 1 3 75
290 2 17 100
290 2 18 100
290 3 5 220
290 3 6 220
290 3 7 220
290 3 8 220
290 3 9 220
290 3 10 220
290 3 11 220
290 3 12 220
290 3 13 220
290 4 26 55
290 4 27 55
290 5 28 45
290 5 29 45
290 5 30 45
291 1 2 75
291 1 3 75
291 2 17 100
291 2 18 100
291 3 5 220
291 3 6 220
291 3 7 220
291 3 8 220
291 3 9 220
291 3 10 220
291 3 11 220
291 3 12 220
291 3 13 220
291 4 26 55
291 4 27 55
291 5 28 45
291 5 29 45
291 5 30 45
292 1 2 75
292 1 3 75
292 2 17 100
292 2 18 100
292 3 5 220
292 3 6 220
292 3 7 220
292 3 8 220
292 3 9 220
292 3 10 220
292 3 11 220
292 3 12 220
292 3 13 220
292 4 26 55
292 4 27 55
292 5 28 45
292 5 29 45
292 5 30 45
293 1 2 75
293 1 3 75
293 2 17 100
293 2 18 100
293 3 5 220
293 3 6 220
293 3 7 220
293 3 8 220
293 3 9 220
293 3 10 220
293 3 11 220
293 3 12 220
293 3 13 220
293 4 26 55
293 4 27 55
293 5 28 45
293 5 29 45
293 5 30 45
294 1 2 75
294 1 3 75
294 2 17 100
294 2 18 100
294 3 5 220
294 3 6 220
294 3 7 220
294 3 8 220
294 3 9 220
294 3 10 220
294 3 11 220
294 3 12 220
294 3 13 220
294 4 26 55
294 4 27 55
294 5 28 45
294 5 29 45
294 5 30 45
295 1 2 75
295 1 3 75
295 2 17 100
295 2 18 100
295 3 5 220
295 3 6 220
295 3 7 220
295 3 8 220
295 3 9 220
295 3 10 220
295 3 11 220
295 3 12 220
295 3 13 220
295 4 26 55
295 4 27 55
295 5 28 45
295 5 29 45
295 5 30 45
296 1 2 75
296 1 3 75
296 2 17 100
296 2 18 100
296 3 5 220
296 3 6 220
296 3 7 220
296 3 8 220
296 3 9 220
296 3 10 220
296 3 11 220
296 3 12 220
296 3 13 220
296 4 26 55
296 4 27 55
296 5 28 45
296 5 29 45
296 5 30 45
297 1 2 75
297 1 3 75
297 2 17 100
297 2 18 100
297 3 5 220
297 3 6 220
297 3 7 220
297 3 8 220
297 3 9 220
297 3 10 220
297 3 11 220
297 3 12 220
297 3 13 220
297 4 26 55
297 4 27 55
297 5 28 45
297 5 29 45
297 5 30 45
298 1 2 75
298 1 3 75
298 2 17 100
298 2 18 100
298 3 5 220
298 3 6 220
298 3 7 220
298 3 8 220
298 3 9 220
298 3 10 220
298 3 11 220
298 3 12 220
298 3 13 220
298 4 26 55
298 4 27 55
298 5 28 45
298 5 29 45
298 5 30 45
299 1 2 75
299 1 3 75
299 2 17 100
299 2 18 100
299 3 5 220
299 3 6 220
299 3 7 220
299 3 8 220
299 3 9 220
299 3 10 220
299 3 11 220
299 3 12 220
299 3 13 220
299 4 26 55
299 4 27 55
299 5 28 45
299 5 29 45
299 5 30 45
300 1 2 75
300 1 3 75
300 2 17 100
300 2 18 100
300 3 5 220
300 3 6 220
300 3 7 220
300 3 8 220
300 3 9 220
300 3 10 220
300 3 11 220
300 3 12 220
300 3 13 220
300 4 26 55
300 4 27 55
300 5 28 45
300 5 29 45
300 5 30 45
301 1 4 5
301 2 17 25
301 2 18 25
302 1 4 5
302 2 17 25
302 2 18 25
303 1 4 5
303 2 17 25
303 2 18 25
304 1 4 5
304 2 17 25
304 2 18 25
305 1 4 5
305 2 17 25
305 2 18 25
306 1 4 5
306 2 17 25
306 2 18 25
307 1 4 5
307 2 17 25
307 2 18 25
308 1 4 5
308 2 17 25
308 2 18 25
309 1 4 5
309 2 17 25
309 2 18 25
310 1 4 5
310 2 17 25
310 2 18 25
311 1 4 5
311 2 17 25
311 2 18 25
312 1 4 5
312 2 17 25
312 2 18 25
313 1 4 5
313 2 17 25
313 2 18 25
314 1 4 5
314 2 17 25
314 2 18 25
315 1 4 5
315 2 17 25
315 2 18 25
316 1 4 5
316 2 17 25
316 2 18 25
317 1 4 5
317 2 17 25
317 2 18 25
318 1 4 5
318 2 17 25
318 2 18 25
319 1 4 5
319 2 17 25
319 2 18 25
320 1 4 5
320 2 17 25
320 2 18 25
321 1 4 5
321 2 17 25
321 2 18 25
322 1 4 5
322 2 17 25
322 2 18 25
323 1 4 5
323 2 17 25
323 2 18 25
324 1 4 5
324 2 17 25
324 2 18 25
325 1 4 5
325 2 17 25
325 2 18 25
326 1 4 5
326 2 17 25
326 2 18 25
327 1 4 5
327 2 17 25
327 2 18 25
328 1 4 5
328 2 17 25
328 2 18 25
329 1 4 5
329 2 17 25
329 2 18 25
330 1 4 5
330 2 17 25
330 2 18 25
331 1 4 5
331 2 17 25
331 2 18 25
332 1 4 5
332 2 17 25
332 2 18 25
333 1 4 5
333 2 17 25
333 2 18 25
334 1 4 5
334 2 17 25
334 2 18 25
335 1 4 5
335 2 17 25
335 2 18 25
336 1 4 5
336 2 17 25
336 2 18 25
337 1 4 5
337 2 17 25
337 2 18 25
338 1 4 5
338 2 17 25
338 2 18 25
339 1 4 5
339 2 17 25
339 2 18 25
340 1 4 5
340 2 17 25
340 2 18 25
341 1 4 5
341 2 17 25
341 2 18 25
342 1 4 5
342 2 17 25
342 2 18 25
343 1 4 5
343 2 17 25
343 2 18 25
344 1 4 5
344 2 17 25
344 2 18 25
345 1 4 5
345 2 17 25
345 2 18 25
346 1 4 5
346 2 17 25
346 2 18 25
347 1 4 5
347 2 17 25
347 2 18 25
348 1 4 5
348 2 17 25
348 2 18 25
349 1 4 5
349 2 17 25
349 2 18 25
350 1 4 5
350 2 17 25
350 2 18 25
351 1 4 5
351 2 17 25
351 2 18 25
352 1 4 5
352 2 17 25
352 2 18 25
353 1 4 5
353 2 17 25
353 2 18 25
354 1 4 5
354 2 17 25
354 2 18 25
355 1 4 5
355 2 17 25
355 2 18 25
356 1 4 5
356 2 17 25
356 2 18 25
357 1 4 5
357 2 17 25
357 2 18 25
358 1 4 5
358 2 17 25
358 2 18 25
359 1 4 5
359 2 17 25
359 2 18 25
360 1 4 5
360 2 17 25
360 2 18 25
361 1 4 5
361 2 17 25
361 2 18 25
362 1 4 5
362 2 17 25
362 2 18 25
363 1 4 5
363 2 17 25
363 2 18 25
364 1 4 5
364 2 17 25
364 2 18 25
365 1 4 5
365 2 17 25
365 2 18 25
366 1 4 5
366 2 17 25
366 2 18 25
367 1 4 5
367 2 17 25
367 2 18 25
368 1 4 5
368 2 17 25
368 2 18 25
369 1 4 5
369 2 17 25
369 2 18 25
370 1 4 5
370 2 17 25
370 2 18 25
371 1 4 5
371 2 17 25
371 2 18 25
372 1 4 5
372 2 17 25
372 2 18 25
373 1 4 5
373 2 17 25
373 2 18 25
374 1 4 5
374 2 17 25
374 2 18 25
375 1 4 5
375 2 17 25
375 2 18 25
376 1 4 5
376 2 17 25
376 2 18 25
377 1 4 5
377 2 17 25
377 2 18 25
378 1 4 5
378 2 17 25
378 2 18 25
379 1 4 5
379 2 17 25
379 2 18 25
380 1 4 5
380 2 17 25
380 2 18 25
381 1 4 5
381 2 17 25
381 2 18 25
382 1 4 5
382 2 17 25
382 2 18 25
383 1 4 5
383 2 17 25
383 2 18 25
384 1 4 5
384 2 17 25
384 2 18 25
385 1 4 5
385 2 17 25
385 2 18 25
386 1 4 5
386 2 17 25
386 2 18 25
387 1 4 5
387 2 17 25
387 2 18 25
388 1 4 5
388 2 17 25
388 2 18 25
389 1 4 5
389 2 17 25
389 2 18 25
390 1 4 5
390 2 17 25
390 2 18 25
391 1 4 5
391 2 17 25
391 2 18 25
392 1 4 5
392 2 17 25
392 2 18 25
393 1 4 5
393 2 17 25
393 2 18 25
394 1 4 5
394 2 17 25
394 2 18 25
395 1 4 5
395 2 17 25
395 2 18 25
396 1 4 5
396 2 17 25
396 2 18 25
397 1 4 5
397 2 17 25
397 2 18 25
398 1 4 5
398 2 17 25
398 2 18 25
399 1 4 5
399 2 17 25
399 2 18 25
400 1 4 5
400 2 17 25
400 2 18 25
401 1 4 5
401 2 17 25
401 2 18 25
402 1 4 5
402 2 17 25
402 2 18 25
403 1 4 5
403 2 17 25
403 2 18 25
404 1 4 5
404 2 17 25
404 2 18 25
405 1 4 5
405 2 17 25
405 2 18 25
406 1 4 5
406 2 17 25
406 2 18 25
407 1 4 5
407 2 17 25
407 2 18 25
408 1 4 5
408 2 17 25
408 2 18 25
409 1 4 5
409 2 17 25
409 2 18 25
410 1 4 5
410 2 17 25
410 2 18 25
411 1 4 5
411 2 17 25
411 2 18 25
412 1 4 5
412 2 17 25
412 2 18 25
413 1 4 5
413 2 17 25
413 2 18 25
414 1 4 5
414 2 17 25
414 2 18 25
415 1 4 5
415 2 17 25
415 2 18 25
416 1 4 5
416 2 17 25
416 2 18 25
417 1 4 5
417 2 17 25
417 2 18 25
418 1 4 5
418 2 17 25
418 2 18 25
419 1 4 5
419 2 17 25
419 2 18 25
420 1 4 5
420 2 17 25
420 2 18 25
421 1 4 5
421 2 17 25
421 2 18 25
422 1 4 5
422 2 17 25
422 2 18 25
423 1 4 5
423 2 17 25
423 2 18 25
424 1 4 5
424 2 17 25
424 2 18 25
425 1 4 5
425 2 17 25
425 2 18 25
426 1 4 5
426 2 17 25
426 2 18 25
427 1 4 5
427 2 17 25
427 2 18 25
428 1 4 5
428 2 17 25
428 2 18 25
429 1 4 5
429 2 17 25
429 2 18 25
430 1 4 5
430 2 17 25
430 2 18 25
431 1 4 5
431 2 17 25
431 2 18 25
432 1 4 5
432 2 17 25
432 2 18 25
433 1 4 5
433 2 17 25
433 2 18 25
434 1 4 5
434 2 17 25
434 2 18 25
435 1 4 5
435 2 17 25
435 2 18 25
436 1 4 5
436 2 17 25
436 2 18 25
437 1 4 5
437 2 17 25
437 2 18 25
438 1 4 5
438 2 17 25
438 2 18 25
439 1 4 5
439 2 17 25
439 2 18 25
440 1 4 5
440 2 17 25
440 2 18 25
441 1 4 5
441 2 17 25
441 2 18 25
442 1 4 5
442 2 17 25
442 2 18 25
443 1 4 5
443 2 17 25
443 2 18 25
444 1 4 5
444 2 17 25
444 2 18 25
445 1 4 5
445 2 17 25
445 2 18 25
446 1 4 5
446 2 17 25
446 2 18 25
447 1 4 5
447 2 17 25
447 2 18 25
448 1 4 5
448 2 17 25
448 2 18 25
449 1 4 5
449 2 17 25
449 2 18 25
450 1 4 5
450 2 17 25
450 2 18 25
451 1 4 5
451 2 17 25
451 2 18 25
452 1 4 5
452 2 17 25
452 2 18 25
453 1 4 5
453 2 17 25
453 2 18 25
454 1 4 5
454 2 17 25
454 2 18 25
455 1 4 5
455 2 17 25
455 2 18 25
456 1 4 5
456 2 17 25
456 2 18 25
457 1 4 5
457 2 17 25
457 2 18 25
458 1 4 5
458 2 17 25
458 2 18 25
459 1 4 5
459 2 17 25
459 2 18 25
460 1 4 5
460 2 17 25
460 2 18 25
461 1 4 5
461 2 17 25
461 2 18 25
462 1 4 5
462 2 17 25
462 2 18 25
463 1 4 5
463 2 17 25
463 2 18 25
464 1 4 5
464 2 17 25
464 2 18 25
465 1 4 5
465 2 17 25
465 2 18 25
466 1 4 5
466 2 17 25
466 2 18 25
467 1 4 5
467 2 17 25
467 2 18 25
468 1 4 5
468 2 17 25
468 2 18 25
469 1 4 5
469 2 17 25
469 2 18 25
470 1 4 5
470 2 17 25
470 2 18 25
471 1 4 5
471 2 17 25
471 2 18 25
472 1 4 5
472 2 17 25
472 2 18 25
473 1 4 5
473 2 17 25
473 2 18 25
474 1 4 5
474 2 17 25
474 2 18 25
475 1 4 5
475 2 17 25
475 2 18 25
476 1 4 5
476 2 17 25
476 2 18 25
477 1 4 5
477 2 17 25
477 2 18 25
478 1 4 5
478 2 17 25
478 2 18 25
479 1 4 5
479 2 17 25
479 2 18 25
480 1 4 5
480 2 17 25
480 2 18 25
481 1 4 5
481 2 17 25
481 2 18 25
482 1 4 5
482 2 17 25
482 2 18 25
483 1 4 5
483 2 17 25
483 2 18 25
484 1 4 5
484 2 17 25
484 2 18 25
485 1 4 5
485 2 17 25
485 2 18 25
486 1 4 5
486 2 17 25
486 2 18 25
487 1 4 5
487 2 17 25
487 2 18 25
488 1 4 5
488 2 17 25
488 2 18 25
489 1 4 5
489 2 17 25
489 2 18 25
490 1 4 5
490 2 17 25
490 2 18 25
491 1 4 5
491 2 17 25
491 2 18 25
492 1 4 5
492 2 17 25
492 2 18 25
493 1 4 5
493 2 17 25
493 2 18 25
494 1 4 5
494 2 17 25
494 2 18 25
495 1 4 5
495 2 17 25
495 2 18 25
496 1 4 5
496 2 17 25
496 2 18 25
497 1 4 5
497 2 17 25
497 2 18 25
498 1 4 5
498 2 17 25
498 2 18 25
499 1 4 5
499 2 17 25
499 2 18 25
500 1 4 5
500 2 17 25
500 2 18 25
501 1 4 10
501 2 14 70
501 2 15 70
501 2 16 70
501 3 21 205
501 3 22 205
501 4 23 55
501 4 24 55
501 4 25 55
501 5 26 135
501 5 27 135
501 6 28 90
501 6 29 90
501 6 30 90
502 1 4 10
502 2 14 70
502 2 15 70
502 2 16 70
502 3 21 205
502 3 22 205
502 4 23 55
502 4 24 55
502 4 25 55
502 5 26 135
502 5 27 135
502 6 28 90
502 6 29 90
502 6 30 90
503 1 4 10
503 2 14 70
503 2 15 70
503 2 16 70
503 3 21 205
503 3 22 205
503 4 23 55
503 4 24 55
503 4 25 55
503 5 26 135
503 5 27 135
503 6 28 90
503 6 29 90
503 6 30 90
504 1 4 10
504 2 14 70
504 2 15 70
504 2 16 70
504 3 21 205
504 3 22 205
504 4 23 55
504 4 24 55
504 4 25 55
504 5 26 135
504 5 27 135
504 6 28 90
504 6 29 90
504 6 30 90
505 1 4 10
505 2 14 70
505 2 15 70
505 2 16 70
505 3 21 205
505 3 22 205
505 4 23 55
505 4 24 55
505 4 25 55
505 5 26 135
505 5 27 135
505 6 28 90
505 6 29 90
505 6 30 90
506 1 4 10
506 2 14 70
506 2 15 70
506 2 16 70
506 3 21 205
506 3 22 205
506 4 23 55
506 4 24 55
506 4 25 55
506 5 26 135
506 5 27 135
506 6 28 90
506 6 29 90
506 6 30 90
507 1 4 10
507 2 14 70
507 2 15 70
507 2 16 70
507 3 21 205
507 3 22 205
507 4 23 55
507 4 24 55
507 4 25 55
507 5 26 135
507 5 27 135
507 6 28 90
507 6 29 90
507 6 30 90
508 1 4 10
508 2 14 70
508 2 15 70
508 2 16 70
508 3 21 205
508 3 22 205
508 4 23 55
508 4 24 55
508 4 25 55
508 5 26 135
508 5 27 135
508 6 28 90
508 6 29 90
508 6 30 90
509 1 4 10
509 2 14 70
509 2 15 70
509 2 16 70
509 3 21 205
509 3 22 205
509 4 23 55
509 4 24 55
509 4 25 55
509 5 26 135
509 5 27 135
509 6 28 90
509 6 29 90
509 6 30 90
510 1 4 10
510 2 14 70
510 2 15 70
510 2 16 70
510 3 21 205
510 3 22 205
510 4 23 55
510 4 24 55
510 4 25 55
510 5 26 135
510 5 27 135
510 6 28 90
510 6 29 90
510 6 30 90
511 1 4 10
511 2 14 70
511 2 15 70
511 2 16 70
511 3 21 205
511 3 22 205
511 4 23 55
511 4 24 55
511 4 25 55
511 5 26 135
511 5 27 135
511 6 28 90
511 6 29 90
511 6 30 90
512 1 4 10
512 2 14 70
512 2 15 70
512 2 16 70
512 3 21 205
512 3 22 205
512 4 23 55
512 4 24 55
512 4 25 55
512 5 26 135
512 5 27 135
512 6 28 90
512 6 29 90
512 6 30 90
513 1 4 10
513 2 14 70
513 2 15 70
513 2 16 70
513 3 21 205
513 3 22 205
513 4 23 55
513 4 24 55
513 4 25 55
513 5 26 135
513 5 27 135
513 6 28 90
513 6 29 90
513 6 30 90
514 1 4 10
514 2 14 70
514 2 15 70
514 2 16 70
514 3 21 205
514 3 22 205
514 4 23 55
514 4 24 55
514 4 25 55
514 5 26 135
514 5 27 135
514 6 28 90
514 6 29 90
514 6 30 90
515 1 4 10
515 2 14 70
515 2 15 70
515 2 16 70
515 3 21 205
515 3 22 205
515 4 23 55
515 4 24 55
515 4 25 55
515 5 26 135
515 5 27 135
515 6 28 90
515 6 29 90
515 6 30 90
516 1 4 10
516 2 14 70
516 2 15 70
516 2 16 70
516 3 21 205
516 3 22 205
516 4 23 55
516 4 24 55
516 4 25 55
516 5 26 135
516 5 27 135
516 6 28 90
516 6 29 90
516 6 30 90
517 1 4 10
517 2 14 70
517 2 15 70
517 2 16 70
517 3 21 205
517 3 22 205
517 4 23 55
517 4 24 55
517 4 25 55
517 5 26 135
517 5 27 135
517 6 28 90
517 6 29 90
517 6 30 90
518 1 4 10
518 2 14 70
518 2 15 70
518 2 16 70
518 3 21 205
518 3 22 205
518 4 23 55
518 4 24 55
518 4 25 55
518 5 26 135
518 5 27 135
518 6 28 90
518 6 29 90
518 6 30 90
519 1 4 10
519 2 14 70
519 2 15 70
519 2 16 70
519 3 21 205
519 3 22 205
519 4 23 55
519 4 24 55
519 4 25 55
519 5 26 135
519 5 27 135
519 6 28 90
519 6 29 90
519 6 30 90
520 1 4 10
520 2 14 70
520 2 15 70
520 2 16 70
520 3 21 205
520 3 22 205
520 4 23 55
520 4 24 55
520 4 25 55
520 5 26 135
520 5 27 135
520 6 28 90
520 6 29 90
520 6 30 90
521 1 4 10
521 2 14 70
521 2 15 70
521 2 16 70
521 3 21 205
521 3 22 205
521 4 23 55
521 4 24 55
521 4 25 55
521 5 26 135
521 5 27 135
521 6 28 90
521 6 29 90
521 6 30 90
522 1 4 10
522 2 14 70
522 2 15 70
522 2 16 70
522 3 21 205
522 3 22 205
522 4 23 55
522 4 24 55
522 4 25 55
522 5 26 135
522 5 27 135
522 6 28 90
522 6 29 90
522 6 30 90
523 1 4 10
523 2 14 70
523 2 15 70
523 2 16 70
523 3 21 205
523 3 22 205
523 4 23 55
523 4 24 55
523 4 25 55
523 5 26 135
523 5 27 135
523 6 28 90
523 6 29 90
523 6 30 90
524 1 4 10
524 2 14 70
524 2 15 70
524 2 16 70
524 3 21 205
524 3 22 205
524 4 23 55
524 4 24 55
524 4 25 55
524 5 26 135
524 5 27 135
524 6 28 90
524 6 29 90
524 6 30 90
525 1 4 10
525 2 14 70
525 2 15 70
525 2 16 70
525 3 21 205
525 3 22 205
525 4 23 55
525 4 24 55
525 4 25 55
525 5 26 135
525 5 27 135
525 6 28 90
525 6 29 90
525 6 30 90
526 1 4 10
526 2 14 70
526 2 15 70
526 2 16 70
526 3 21 205
526 3 22 205
526 4 23 55
526 4 24 55
526 4 25 55
526 5 26 135
526 5 27 135
526 6 28 90
526 6 29 90
526 6 30 90
527 1 4 10
527 2 14 70
527 2 15 70
527 2 16 70
527 3 21 205
527 3 22 205
527 4 23 55
527 4 24 55
527 4 25 55
527 5 26 135
527 5 27 135
527 6 28 90
527 6 29 90
527 6 30 90
528 1 4 10
528 2 14 70
528 2 15 70
528 2 16 70
528 3 21 205
528 3 22 205
528 4 23 55
528 4 24 55
528 4 25 55
528 5 26 135
528 5 27 135
528 6 28 90
528 6 29 90
528 6 30 90
529 1 4 10
529 2 14 70
529 2 15 70
529 2 16 70
529 3 21 205
529 3 22 205
529 4 23 55
529 4 24 55
529 4 25 55
529 5 26 135
529 5 27 135
529 6 28 90
529 6 29 90
529 6 30 90
530 1 4 10
530 2 14 70
530 2 15 70
530 2 16 70
530 3 21 205
530 3 22 205
530 4 23 55
530 4 24 55
530 4 25 55
530 5 26 135
530 5 27 135
530 6 28 90
530 6 29 90
530 6 30 90
531 1 4 10
531 2 14 70
531 2 15 70
531 2 16 70
531 3 21 205
531 3 22 205
531 4 23 55
531 4 24 55
531 4 25 55
531 5 26 135
531 5 27 135
531 6 28 90
531 6 29 90
531 6 30 90
532 1 4 10
532 2 14 70
532 2 15 70
532 2 16 70
532 3 21 205
532 3 22 205
532 4 23 55
532 4 24 55
532 4 25 55
532 5 26 135
532 5 27 135
532 6 28 90
532 6 29 90
532 6 30 90
533 1 4 10
533 2 14 70
533 2 15 70
533 2 16 70
533 3 21 205
533 3 22 205
533 4 23 55
533 4 24 55
533 4 25 55
533 5 26 135
533 5 27 135
533 6 28 90
533 6 29 90
533 6 30 90
534 1 4 10
534 2 14 70
534 2 15 70
534 2 16 70
534 3 21 205
534 3 22 205
534 4 23 55
534 4 24 55
534 4 25 55
534 5 26 135
534 5 27 135
534 6 28 90
534 6 29 90
534 6 30 90
535 1 4 10
535 2 14 70
535 2 15 70
535 2 16 70
535 3 21 205
535 3 22 205
535 4 23 55
535 4 24 55
535 4 25 55
535 5 26 135
535 5 27 135
535 6 28 90
535 6 29 90
535 6 30 90
536 1 4 10
536 2 14 70
536 2 15 70
536 2 16 70
536 3 21 205
536 3 22 205
536 4 23 55
536 4 24 55
536 4 25 55
536 5 26 135
536 5 27 135
536 6 28 90
536 6 29 90
536 6 30 90
537 1 4 10
537 2 14 70
537 2 15 70
537 2 16 70
537 3 21 205
537 3 22 205
537 4 23 55
537 4 24 55
537 4 25 55
537 5 26 135
537 5 27 135
537 6 28 90
537 6 29 90
537 6 30 90
538 1 4 10
538 2 14 70
538 2 15 70
538 2 16 70
538 3 21 205
538 3 22 205
538 4 23 55
538 4 24 55
538 4 25 55
538 5 26 135
538 5 27 135
538 6 28 90
538 6 29 90
538 6 30 90
539 1 4 10
539 2 14 70
539 2 15 70
539 2 16 70
539 3 21 205
539 3 22 205
539 4 23 55
539 4 24 55
539 4 25 55
539 5 26 135
539 5 27 135
539 6 28 90
539 6 29 90
539 6 30 90
540 1 4 10
540 2 14 70
540 2 15 70
540 2 16 70
540 3 21 205
540 3 22 205
540 4 23 55
540 4 24 55
540 4 25 55
540 5 26 135
540 5 27 135
540 6 28 90
540 6 29 90
540 6 30 90
541 1 4 10
541 2 14 70
541 2 15 70
541 2 16 70
541 3 21 205
541 3 22 205
541 4 23 55
541 4 24 55
541 4 25 55
541 5 26 135
541 5 27 135
541 6 28 90
541 6 29 90
541 6 30 90
542 1 4 10
542 2 14 70
542 2 15 70
542 2 16 70
542 3 21 205
542 3 22 205
542 4 23 55
542 4 24 55
542 4 25 55
542 5 26 135
542 5 27 135
542 6 28 90
542 6 29 90
542 6 30 90
543 1 4 10
543 2 14 70
543 2 15 70
543 2 16 70
543 3 21 205
543 3 22 205
543 4 23 55
543 4 24 55
543 4 25 55
543 5 26 135
543 5 27 135
543 6 28 90
543 6 29 90
543 6 30 90
544 1 4 10
544 2 14 70
544 2 15 70
544 2 16 70
544 3 21 205
544 3 22 205
544 4 23 55
544 4 24 55
544 4 25 55
544 5 26 135
544 5 27 135
544 6 28 90
544 6 29 90
544 6 30 90
545 1 4 10
545 2 14 70
545 2 15 70
545 2 16 70
545 3 21 205
545 3 22 205
545 4 23 55
545 4 24 55
545 4 25 55
545 5 26 135
545 5 27 135
545 6 28 90
545 6 29 90
545 6 30 90
546 1 4 10
546 2 14 70
546 2 15 70
546 2 16 70
546 3 21 205
546 3 22 205
546 4 23 55
546 4 24 55
546 4 25 55
546 5 26 135
546 5 27 135
546 6 28 90
546 6 29 90
546 6 30 90
547 1 4 10
547 2 14 70
547 2 15 70
547 2 16 70
547 3 21 205
547 3 22 205
547 4 23 55
547 4 24 55
547 4 25 55
547 5 26 135
547 5 27 135
547 6 28 90
547 6 29 90
547 6 30 90
548 1 4 10
548 2 14 70
548 2 15 70
548 2 16 70
548 3 21 205
548 3 22 205
548 4 23 55
548 4 24 55
548 4 25 55
548 5 26 135
548 5 27 135
548 6 28 90
548 6 29 90
548 6 30 90
549 1 4 10
549 2 14 70
549 2 15 70
549 2 16 70
549 3 21 205
549 3 22 205
549 4 23 55
549 4 24 55
549 4 25 55
549 5 26 135
549 5 27 135
549 6 28 90
549 6 29 90
549 6 30 90
550 1 4 10
550 2 14 70
550 2 15 70
550 2 16 70
550 3 21 205
550 3 22 205
550 4 23 55
550 4 24 55
550 4 25 55
550 5 26 135
550 5 27 135
550 6 28 90
550 6 29 90
550 6 30 90
551 1 4 10
551 2 14 70
551 2 15 70
551 2 16 70
551 3 21 205
551 3 22 205
551 4 23 55
551 4 24 55
551 4 25 55
551 5 26 135
551 5 27 135
551 6 28 90
551 6 29 90
551 6 30 90
552 1 4 10
552 2 14 70
552 2 15 70
552 2 16 70
552 3 21 205
552 3 22 205
552 4 23 55
552 4 24 55
552 4 25 55
552 5 26 135
552 5 27 135
552 6 28 90
552 6 29 90
552 6 30 90
553 1 4 10
553 2 14 70
553 2 15 70
553 2 16 70
553 3 21 205
553 3 22 205
553 4 23 55
553 4 24 55
553 4 25 55
553 5 26 135
553 5 27 135
553 6 28 90
553 6 29 90
553 6 30 90
554 1 4 10
554 2 14 70
554 2 15 70
554 2 16 70
554 3 21 205
554 3 22 205
554 4 23 55
554 4 24 55
554 4 25 55
554 5 26 135
554 5 27 135
554 6 28 90
554 6 29 90
554 6 30 90
555 1 4 10
555 2 14 70
555 2 15 70
555 2 16 70
555 3 21 205
555 3 22 205
555 4 23 55
555 4 24 55
555 4 25 55
555 5 26 135
555 5 27 135
555 6 28 90
555 6 29 90
555 6 30 90
556 1 4 10
556 2 14 70
556 2 15 70
556 2 16 70
556 3 21 205
556 3 22 205
556 4 23 55
556 4 24 55
556 4 25 55
556 5 26 135
556 5 27 135
556 6 28 90
556 6 29 90
556 6 30 90
557 1 4 10
557 2 14 70
557 2 15 70
557 2 16 70
557 3 21 205
557 3 22 205
557 4 23 55
557 4 24 55
557 4 25 55
557 5 26 135
557 5 27 135
557 6 28 90
557 6 29 90
557 6 30 90
558 1 4 10
558 2 14 70
558 2 15 70
558 2 16 70
558 3 21 205
558 3 22 205
558 4 23 55
558 4 24 55
558 4 25 55
558 5 26 135
558 5 27 135
558 6 28 90
558 6 29 90
558 6 30 90
559 1 4 10
559 2 14 70
559 2 15 70
559 2 16 70
559 3 21 205
559 3 22 205
559 4 23 55
559 4 24 55
559 4 25 55
559 5 26 135
559 5 27 135
559 6 28 90
559 6 29 90
559 6 30 90
560 1 4 10
560 2 14 70
560 2 15 70
560 2 16 70
560 3 21 205
560 3 22 205
560 4 23 55
560 4 24 55
560 4 25 55
560 5 26 135
560 5 27 135
560 6 28 90
560 6 29 90
560 6 30 90
561 1 4 10
561 2 14 70
561 2 15 70
561 2 16 70
561 3 21 205
561 3 22 205
561 4 23 55
561 4 24 55
561 4 25 55
561 5 26 135
561 5 27 135
561 6 28 90
561 6 29 90
561 6 30 90
562 1 4 10
562 2 14 70
562 2 15 70
562 2 16 70
562 3 21 205
562 3 22 205
562 4 23 55
562 4 24 55
562 4 25 55
562 5 26 135
562 5 27 135
562 6 28 90
562 6 29 90
562 6 30 90
563 1 4 10
563 2 14 70
563 2 15 70
563 2 16 70
563 3 21 205
563 3 22 205
563 4 23 55
563 4 24 55
563 4 25 55
563 5 26 135
563 5 27 135
563 6 28 90
563 6 29 90
563 6 30 90
564 1 4 10
564 2 14 70
564 2 15 70
564 2 16 70
564 3 21 205
564 3 22 205
564 4 23 55
564 4 24 55
564 4 25 55
564 5 26 135
564 5 27 135
564 6 28 90
564 6 29 90
564 6 30 90
565 1 4 10
565 2 14 70
565 2 15 70
565 2 16 70
565 3 21 205
565 3 22 205
565 4 23 55
565 4 24 55
565 4 25 55
565 5 26 135
565 5 27 135
565 6 28 90
565 6 29 90
565 6 30 90
566 1 4 10
566 2 14 70
566 2 15 70
566 2 16 70
566 3 21 205
566 3 22 205
566 4 23 55
566 4 24 55
566 4 25 55
566 5 26 135
566 5 27 135
566 6 28 90
566 6 29 90
566 6 30 90
567 1 4 10
567 2 14 70
567 2 15 70
567 2 16 70
567 3 21 205
567 3 22 205
567 4 23 55
567 4 24 55
567 4 25 55
567 5 26 135
567 5 27 135
567 6 28 90
567 6 29 90
567 6 30 90
568 1 4 10
568 2 14 70
568 2 15 70
568 2 16 70
568 3 21 205
568 3 22 205
568 4 23 55
568 4 24 55
568 4 25 55
568 5 26 135
568 5 27 135
568 6 28 90
568 6 29 90
568 6 30 90
569 1 4 10
569 2 14 70
569 2 15 70
569 2 16 70
569 3 21 205
569 3 22 205
569 4 23 55
569 4 24 55
569 4 25 55
569 5 26 135
569 5 27 135
569 6 28 90
569 6 29 90
569 6 30 90
570 1 4 10
570 2 14 70
570 2 15 70
570 2 16 70
570 3 21 205
570 3 22 205
570 4 23 55
570 4 24 55
570 4 25 55
570 5 26 135
570 5 27 135
570 6 28 90
570 6 29 90
570 6 30 90
571 1 4 10
571 2 14 70
571 2 15 70
571 2 16 70
571 3 21 205
571 3 22 205
571 4 23 55
571 4 24 55
571 4 25 55
571 5 26 135
571 5 27 135
571 6 28 90
571 6 29 90
571 6 30 90
572 1 4 10
572 2 14 70
572 2 15 70
572 2 16 70
572 3 21 205
572 3 22 205
572 4 23 55
572 4 24 55
572 4 25 55
572 5 26 135
572 5 27 135
572 6 28 90
572 6 29 90
572 6 30 90
573 1 4 10
573 2 14 70
573 2 15 70
573 2 16 70
573 3 21 205
573 3 22 205
573 4 23 55
573 4 24 55
573 4 25 55
573 5 26 135
573 5 27 135
573 6 28 90
573 6 29 90
573 6 30 90
574 1 4 10
574 2 14 70
574 2 15 70
574 2 16 70
574 3 21 205
574 3 22 205
574 4 23 55
574 4 24 55
574 4 25 55
574 5 26 135
574 5 27 135
574 6 28 90
574 6 29 90
574 6 30 90
575 1 4 10
575 2 14 70
575 2 15 70
575 2 16 70
575 3 21 205
575 3 22 205
575 4 23 55
575 4 24 55
575 4 25 55
575 5 26 135
575 5 27 135
575 6 28 90
575 6 29 90
575 6 30 90
576 1 4 10
576 2 14 70
576 2 15 70
576 2 16 70
576 3 21 205
576 3 22 205
576 4 23 55
576 4 24 55
576 4 25 55
576 5 26 135
576 5 27 135
576 6 28 90
576 6 29 90
576 6 30 90
577 1 4 10
577 2 14 70
577 2 15 70
577 2 16 70
577 3 21 205
577 3 22 205
577 4 23 55
577 4 24 55
577 4 25 55
577 5 26 135
577 5 27 135
577 6 28 90
577 6 29 90
577 6 30 90
578 1 4 10
578 2 14 70
578 2 15 70
578 2 16 70
578 3 21 205
578 3 22 205
578 4 23 55
578 4 24 55
578 4 25 55
578 5 26 135
578 5 27 135
578 6 28 90
578 6 29 90
578 6 30 90
579 1 4 10
579 2 14 70
579 2 15 70
579 2 16 70
579 3 21 205
579 3 22 205
579 4 23 55
579 4 24 55
579 4 25 55
579 5 26 135
579 5 27 135
579 6 28 90
579 6 29 90
579 6 30 90
580 1 4 10
580 2 14 70
580 2 15 70
580 2 16 70
580 3 21 205
580 3 22 205
580 4 23 55
580 4 24 55
580 4 25 55
580 5 26 135
580 5 27 135
580 6 28 90
580 6 29 90
580 6 30 90
581 1 4 10
581 2 14 70
581 2 15 70
581 2 16 70
581 3 21 205
581 3 22 205
581 4 23 55
581 4 24 55
581 4 25 55
581 5 26 135
581 5 27 135
581 6 28 90
581 6 29 90
581 6 30 90
582 1 4 10
582 2 14 70
582 2 15 70
582 2 16 70
582 3 21 205
582 3 22 205
582 4 23 55
582 4 24 55
582 4 25 55
582 5 26 135
582 5 27 135
582 6 28 90
582 6 29 90
582 6 30 90
583 1 4 10
583 2 14 70
583 2 15 70
583 2 16 70
583 3 21 205
583 3 22 205
583 4 23 55
583 4 24 55
583 4 25 55
583 5 26 135
583 5 27 135
583 6 28 90
583 6 29 90
583 6 30 90
584 1 4 10
584 2 14 70
584 2 15 70
584 2 16 70
584 3 21 205
584 3 22 205
584 4 23 55
584 4 24 55
584 4 25 55
584 5 26 135
584 5 27 135
584 6 28 90
584 6 29 90
584 6 30 90
585 1 4 10
585 2 14 70
585 2 15 70
585 2 16 70
585 3 21 205
585 3 22 205
585 4 23 55
585 4 24 55
585 4 25 55
585 5 26 135
585 5 27 135
585 6 28 90
585 6 29 90
585 6 30 90
586 1 4 10
586 2 14 70
586 2 15 70
586 2 16 70
586 3 21 205
586 3 22 205
586 4 23 55
586 4 24 55
586 4 25 55
586 5 26 135
586 5 27 135
586 6 28 90
586 6 29 90
586 6 30 90
587 1 4 10
587 2 14 70
587 2 15 70
587 2 16 70
587 3 21 205
587 3 22 205
587 4 23 55
587 4 24 55
587 4 25 55
587 5 26 135
587 5 27 135
587 6 28 90
587 6 29 90
587 6 30 90
588 1 4 10
588 2 14 70
588 2 15 70
588 2 16 70
588 3 21 205
588 3 22 205
588 4 23 55
588 4 24 55
588 4 25 55
588 5 26 135
588 5 27 135
588 6 28 90
588 6 29 90
588 6 30 90
589 1 4 10
589 2 14 70
589 2 15 70
589 2 16 70
589 3 21 205
589 3 22 205
589 4 23 55
589 4 24 55
589 4 25 55
589 5 26 135
589 5 27 135
589 6 28 90
589 6 29 90
589 6 30 90
590 1 4 10
590 2 14 70
590 2 15 70
590 2 16 70
590 3 21 205
590 3 22 205
590 4 23 55
590 4 24 55
590 4 25 55
590 5 26 135
590 5 27 135
590 6 28 90
590 6 29 90
590 6 30 90
591 1 4 10
591 2 14 70
591 2 15 70
591 2 16 70
591 3 21 205
591 3 22 205
591 4 23 55
591 4 24 55
591 4 25 55
591 5 26 135
591 5 27 135
591 6 28 90
591 6 29 90
591 6 30 90
592 1 4 10
592 2 14 70
592 2 15 70
592 2 16 70
592 3 21 205
592 3 22 205
592 4 23 55
592 4 24 55
592 4 25 55
592 5 26 135
592 5 27 135
592 6 28 90
592 6 29 90
592 6 30 90
593 1 4 10
593 2 14 70
593 2 15 70
593 2 16 70
593 3 21 205
593 3 22 205
593 4 23 55
593 4 24 55
593 4 25 55
593 5 26 135
593 5 27 135
593 6 28 90
593 6 29 90
593 6 30 90
594 1 4 10
594 2 14 70
594 2 15 70
594 2 16 70
594 3 21 205
594 3 22 205
594 4 23 55
594 4 24 55
594 4 25 55
594 5 26 135
594 5 27 135
594 6 28 90
594 6 29 90
594 6 30 90
595 1 4 10
595 2 14 70
595 2 15 70
595 2 16 70
595 3 21 205
595 3 22 205
595 4 23 55
595 4 24 55
595 4 25 55
595 5 26 135
595 5 27 135
595 6 28 90
595 6 29 90
595 6 30 90
596 1 4 10
596 2 14 70
596 2 15 70
596 2 16 70
596 3 21 205
596 3 22 205
596 4 23 55
596 4 24 55
596 4 25 55
596 5 26 135
596 5 27 135
596 6 28 90
596 6 29 90
596 6 30 90
597 1 4 10
597 2 14 70
597 2 15 70
597 2 16 70
597 3 21 205
597 3 22 205
597 4 23 55
597 4 24 55
597 4 25 55
597 5 26 135
597 5 27 135
597 6 28 90
597 6 29 90
597 6 30 90
598 1 4 10
598 2 14 70
598 2 15 70
598 2 16 70
598 3 21 205
598 3 22 205
598 4 23 55
598 4 24 55
598 4 25 55
598 5 26 135
598 5 27 135
598 6 28 90
598 6 29 90
598 6 30 90
599 1 4 10
599 2 14 70
599 2 15 70
599 2 16 70
599 3 21 205
599 3 22 205
599 4 23 55
599 4 24 55
599 4 25 55
599 5 26 135
599 5 27 135
599 6 28 90
599 6 29 90
599 6 30 90
600 1 4 10
600 2 14 70
600 2 15 70
600 2 16 70
600 3 21 205
600 3 22 205
600 4 23 55
600 4 24 55
600 4 25 55
600 5 26 135
600 5 27 135
600 6 28 90
600 6 29 90
600 6 30 90
601 1 4 10
601 2 14 70
601 2 15 70
601 2 16 70
601 3 21 205
601 3 22 205
601 4 23 55
601 4 24 55
601 4 25 55
601 5 26 135
601 5 27 135
601 6 28 90
601 6 29 90
601 6 30 90
602 1 4 10
602 2 14 70
602 2 15 70
602 2 16 70
602 3 21 205
602 3 22 205
602 4 23 55
602 4 24 55
602 4 25 55
602 5 26 135
602 5 27 135
602 6 28 90
602 6 29 90
602 6 30 90
603 1 4 10
603 2 14 70
603 2 15 70
603 2 16 70
603 3 21 205
603 3 22 205
603 4 23 55
603 4 24 55
603 4 25 55
603 5 26 135
603 5 27 135
603 6 28 90
603 6 29 90
603 6 30 90
604 1 4 10
604 2 14 70
604 2 15 70
604 2 16 70
604 3 21 205
604 3 22 205
604 4 23 55
604 4 24 55
604 4 25 55
604 5 26 135
604 5 27 135
604 6 28 90
604 6 29 90
604 6 30 90
605 1 4 10
605 2 14 70
605 2 15 70
605 2 16 70
605 3 21 205
605 3 22 205
605 4 23 55
605 4 24 55
605 4 25 55
605 5 26 135
605 5 27 135
605 6 28 90
605 6 29 90
605 6 30 90
606 1 4 10
606 2 14 70
606 2 15 70
606 2 16 70
606 3 21 205
606 3 22 205
606 4 23 55
606 4 24 55
606 4 25 55
606 5 26 135
606 5 27 135
606 6 28 90
606 6 29 90
606 6 30 90
607 1 4 10
607 2 14 70
607 2 15 70
607 2 16 70
607 3 21 205
607 3 22 205
607 4 23 55
607 4 24 55
607 4 25 55
607 5 26 135
607 5 27 135
607 6 28 90
607 6 29 90
607 6 30 90
608 1 4 10
608 2 14 70
608 2 15 70
608 2 16 70
608 3 21 205
608 3 22 205
608 4 23 55
608 4 24 55
608 4 25 55
608 5 26 135
608 5 27 135
608 6 28 90
608 6 29 90
608 6 30 90
609 1 4 10
609 2 14 70
609 2 15 70
609 2 16 70
609 3 21 205
609 3 22 205
609 4 23 55
609 4 24 55
609 4 25 55
609 5 26 135
609 5 27 135
609 6 28 90
609 6 29 90
609 6 30 90
610 1 4 10
610 2 14 70
610 2 15 70
610 2 16 70
610 3 21 205
610 3 22 205
610 4 23 55
610 4 24 55
610 4 25 55
610 5 26 135
610 5 27 135
610 6 28 90
610 6 29 90
610 6 30 90
611 1 4 10
611 2 14 70
611 2 15 70
611 2 16 70
611 3 21 205
611 3 22 205
611 4 23 55
611 4 24 55
611 4 25 55
611 5 26 135
611 5 27 135
611 6 28 90
611 6 29 90
611 6 30 90
612 1 4 10
612 2 14 70
612 2 15 70
612 2 16 70
612 3 21 205
612 3 22 205
612 4 23 55
612 4 24 55
612 4 25 55
612 5 26 135
612 5 27 135
612 6 28 90
612 6 29 90
612 6 30 90
613 1 4 10
613 2 14 70
613 2 15 70
613 2 16 70
613 3 21 205
613 3 22 205
613 4 23 55
613 4 24 55
613 4 25 55
613 5 26 135
613 5 27 135
613 6 28 90
613 6 29 90
613 6 30 90
614 1 4 10
614 2 14 70
614 2 15 70
614 2 16 70
614 3 21 205
614 3 22 205
614 4 23 55
614 4 24 55
614 4 25 55
614 5 26 135
614 5 27 135
614 6 28 90
614 6 29 90
614 6 30 90
615 1 4 10
615 2 14 70
615 2 15 70
615 2 16 70
615 3 21 205
615 3 22 205
615 4 23 55
615 4 24 55
615 4 25 55
615 5 26 135
615 5 27 135
615 6 28 90
615 6 29 90
615 6 30 90
616 1 4 10
616 2 14 70
616 2 15 70
616 2 16 70
616 3 21 205
616 3 22 205
616 4 23 55
616 4 24 55
616 4 25 55
616 5 26 135
616 5 27 135
616 6 28 90
616 6 29 90
616 6 30 90
617 1 4 10
617 2 14 70
617 2 15 70
617 2 16 70
617 3 21 205
617 3 22 205
617 4 23 55
617 4 24 55
617 4 25 55
617 5 26 135
617 5 27 135
617 6 28 90
617 6 29 90
617 6 30 90
618 1 4 10
618 2 14 70
618 2 15 70
618 2 16 70
618 3 21 205
618 3 22 205
618 4 23 55
618 4 24 55
618 4 25 55
618 5 26 135
618 5 27 135
618 6 28 90
618 6 29 90
618 6 30 90
619 1 4 10
619 2 14 70
619 2 15 70
619 2 16 70
619 3 21 205
619 3 22 205
619 4 23 55
619 4 24 55
619 4 25 55
619 5 26 135
619 5 27 135
619 6 28 90
619 6 29 90
619 6 30 90
620 1 4 10
620 2 14 70
620 2 15 70
620 2 16 70
620 3 21 205
620 3 22 205
620 4 23 55
620 4 24 55
620 4 25 55
620 5 26 135
620 5 27 135
620 6 28 90
620 6 29 90
620 6 30 90
621 1 4 10
621 2 14 70
621 2 15 70
621 2 16 70
621 3 21 205
621 3 22 205
621 4 23 55
621 4 24 55
621 4 25 55
621 5 26 135
621 5 27 135
621 6 28 90
621 6 29 90
621 6 30 90
622 1 4 10
622 2 14 70
622 2 15 70
622 2 16 70
622 3 21 205
622 3 22 205
622 4 23 55
622 4 24 55
622 4 25 55
622 5 26 135
622 5 27 135
622 6 28 90
622 6 29 90
622 6 30 90
623 1 4 10
623 2 14 70
623 2 15 70
623 2 16 70
623 3 21 205
623 3 22 205
623 4 23 55
623 4 24 55
623 4 25 55
623 5 26 135
623 5 27 135
623 6 28 90
623 6 29 90
623 6 30 90
624 1 4 10
624 2 14 70
624 2 15 70
624 2 16 70
624 3 21 205
624 3 22 205
624 4 23 55
624 4 24 55
624 4 25 55
624 5 26 135
624 5 27 135
624 6 28 90
624 6 29 90
624 6 30 90
625 1 4 10
625 2 14 70
625 2 15 70
625 2 16 70
625 3 21 205
625 3 22 205
625 4 23 55
625 4 24 55
625 4 25 55
625 5 26 135
625 5 27 135
625 6 28 90
625 6 29 90
625 6 30 90
626 1 4 10
626 2 14 70
626 2 15 70
626 2 16 70
626 3 21 205
626 3 22 205
626 4 23 55
626 4 24 55
626 4 25 55
626 5 26 135
626 5 27 135
626 6 28 90
626 6 29 90
626 6 30 90
627 1 4 10
627 2 14 70
627 2 15 70
627 2 16 70
627 3 21 205
627 3 22 205
627 4 23 55
627 4 24 55
627 4 25 55
627 5 26 135
627 5 27 135
627 6 28 90
627 6 29 90
627 6 30 90
628 1 4 10
628 2 14 70
628 2 15 70
628 2 16 70
628 3 21 205
628 3 22 205
628 4 23 55
628 4 24 55
628 4 25 55
628 5 26 135
628 5 27 135
628 6 28 90
628 6 29 90
628 6 30 90
629 1 4 10
629 2 14 70
629 2 15 70
629 2 16 70
629 3 21 205
629 3 22 205
629 4 23 55
629 4 24 55
629 4 25 55
629 5 26 135
629 5 27 135
629 6 28 90
629 6 29 90
629 6 30 90
630 1 4 10
630 2 14 70
630 2 15 70
630 2 16 70
630 3 21 205
630 3 22 205
630 4 23 55
630 4 24 55
630 4 25 55
630 5 26 135
630 5 27 135
630 6 28 90
630 6 29 90
630 6 30 90
631 1 4 10
631 2 14 70
631 2 15 70
631 2 16 70
631 3 21 205
631 3 22 205
631 4 23 55
631 4 24 55
631 4 25 55
631 5 26 135
631 5 27 135
631 6 28 90
631 6 29 90
631 6 30 90
632 1 4 10
632 2 14 70
632 2 15 70
632 2 16 70
632 3 21 205
632 3 22 205
632 4 23 55
632 4 24 55
632 4 25 55
632 5 26 135
632 5 27 135
632 6 28 90
632 6 29 90
632 6 30 90
633 1 4 10
633 2 14 70
633 2 15 70
633 2 16 70
633 3 21 205
633 3 22 205
633 4 23 55
633 4 24 55
633 4 25 55
633 5 26 135
633 5 27 135
633 6 28 90
633 6 29 90
633 6 30 90
634 1 4 10
634 2 14 70
634 2 15 70
634 2 16 70
634 3 21 205
634 3 22 205
634 4 23 55
634 4 24 55
634 4 25 55
634 5 26 135
634 5 27 135
634 6 28 90
634 6 29 90
634 6 30 90
635 1 4 10
635 2 14 70
635 2 15 70
635 2 16 70
635 3 21 205
635 3 22 205
635 4 23 55
635 4 24 55
635 4 25 55
635 5 26 135
635 5 27 135
635 6 28 90
635 6 29 90
635 6 30 90
636 1 4 10
636 2 14 70
636 2 15 70
636 2 16 70
636 3 21 205
636 3 22 205
636 4 23 55
636 4 24 55
636 4 25 55
636 5 26 135
636 5 27 135
636 6 28 90
636 6 29 90
636 6 30 90
637 1 4 10
637 2 14 70
637 2 15 70
637 2 16 70
637 3 21 205
637 3 22 205
637 4 23 55
637 4 24 55
637 4 25 55
637 5 26 135
637 5 27 135
637 6 28 90
637 6 29 90
637 6 30 90
638 1 4 10
638 2 14 70
638 2 15 70
638 2 16 70
638 3 21 205
638 3 22 205
638 4 23 55
638 4 24 55
638 4 25 55
638 5 26 135
638 5 27 135
638 6 28 90
638 6 29 90
638 6 30 90
639 1 4 10
639 2 14 70
639 2 15 70
639 2 16 70
639 3 21 205
639 3 22 205
639 4 23 55
639 4 24 55
639 4 25 55
639 5 26 135
639 5 27 135
639 6 28 90
639 6 29 90
639 6 30 90
640 1 4 10
640 2 14 70
640 2 15 70
640 2 16 70
640 3 21 205
640 3 22 205
640 4 23 55
640 4 24 55
640 4 25 55
640 5 26 135
640 5 27 135
640 6 28 90
640 6 29 90
640 6 30 90
