312
30
6 6 6 6 6 6 6 6 6 6 6 6 6 6 6 6 6 6 6 6 6 6 6 6 6 6 6 6 6 6 6 6 6 6 6 6 6 6 6 6 6 6 6 6 6 6 6 6 6 6 6 6 6 6 6 6 6 6 6 6 6 6 6 6 6 6 6 6 6 6 6 6 6 6 6 6 6 6 6 6 6 6 6 6 6 6 6 6 6 6 6 6 6 6 6 6 6 6 6 6 6 6 6 6 6 6 6 6 6 6 6 6 6 6 6 6 6 6 6 6 6 6 6 6 6 6 6 6 6 6 6 6 6 6 6 6 6 6 6 6 6 6 6 6 6 6 6 6 6 6 6 6 6 6 6 6 6 6 6 6 6 6 6 6 6 6 6 6 6 6 6 6 6 6 6 6 6 6 6 6 6 6 6 6 6 6 6 6 6 6 6 6 6 6 6 6 6 6 6 6 6 6 6 6 6 6 6 6 6 6 6 6 6 6 6 6 6 6 6 6 6 6 6 6 6 6 6 6 6 6 6 6 6 6 6 6 6 6 6 6 6 6 6 6 6 6 6 6 6 6 6 6 6 6 6 6 6 6 6 6 6 6 6 6 6 6 6 6 6 6 6 6 6 6 6 6 6 6 6 6 6 6 6 6 6 6 6 6 6 6 6 6 6 6 6 6 6 6 6 6 6 6 6 6 6 6 6 6 6 6 6 6
28800 28800 28800 28800 28800 28800 28800 28800 28800 28800 28800 28800 28800 28800 28800 28800 28800 28800 28800 28800 28800 28800 28800 28800 28800 28800 28800 28800 28800 28800 28800 28800 28800 28800 28800 28800 28800 28800 28800 28800 28800 28800 28800 28800 28800 28800 28800 28800 28800 28800 28800 28800 28800 28800 28800 28800 28800 28800 28800 28800 28800 28800 28800 28800 28800 28800 28800 28800 28800 28800 28800 28800 28800 28800 28800 28800 28800 28800 28800 28800 28800 28800 28800 28800 28800 28800 28800 28800 28800 28800 28800 28800 28800 28800 28800 28800 28800 28800 28800 28800 28800 28800 28800 28800 28800 28800 28800 28800 28800 28800 28800 28800 28800 28800 28800 28800 28800 28800 28800 28800 28800 28800 28800 28800 28800 28800 28800 28800 28800 28800 28800 28800 28800 28800 28800 28800 28800 28800 28800 28800 28800 28800 28800 28800 28800 28800 28800 28800 28800 28800 28800 28800 28800 28800 28800 28800 28800 28800 28800 28800 28800 28800 28800 28800 28800 28800 28800 28800 28800 28800 28800 28800 28800 28800 28800 28800 28800 28800 28800 28800 28800 28800 28800 28800 28800 28800 28800 28800 28800 28800 28800 28800 28800 28800 28800 28800 28800 28800 28800 28800 28800 28800 28800 28800 28800 28800 28800 28800 28800 28800 28800 28800 28800 28800 28800 28800 28800 28800 28800 28800 28800 28800 28800 28800 28800 28800 28800 28800 28800 28800 28800 28800 28800 28800 28800 28800 28800 28800 28800 28800 28800 28800 28800 28800 28800 28800 28800 28800 28800 28800 28800 28800 28800 28800 28800 28800 28800 28800 28800 28800 28800 28800 28800 28800 28800 28800 28800 28800 28800 28800 28800 28800 28800 28800 28800 28800 28800 28800 28800 28800 28800 28800 28800 28800 28800 28800 28800 28800 28800 28800 28800 28800 28800 28800 28800 28800 28800 28800 28800 28800 28800 28800 28800 28800 28800 28800 28800 28800 28800 28800 28800 28800
1 1 4 10
1 2 14 70
1 2 15 70
1 2 16 70
1 3 21 205
1 3 22 205
1 4 23 55
1 4 24 55
1 4 25 55
1 5 26 135
1 5 27 135
1 6 28 90
1 6 29 90
1 6 30 90
2 1 4 10
2 2 14 70
2 2 15 70
2 2 16 70
2 3 21 205
2 3 22 205
2 4 23 55
2 4 24 55
2 4 25 55
2 5 26 135
2 5 27 135
2 6 28 90
2 6 29 90
2 6 30 90
3 1 4 10
3 2 14 70
3 2 15 70
3 2 16 70
3 3 21 205
3 3 22 205
3 4 23 55
3 4 24 55
3 4 25 55
3 5 26 135
3 5 27 135
3 6 28 90
3 6 29 90
3 6 30 90
4 1 4 10
4 2 14 70
4 2 15 70
4 2 16 70
4 3 21 205
4 3 22 205
4 4 23 55
4 4 24 55
4 4 25 55
4 5 26 135
4 5 27 135
4 6 28 90
4 6 29 90
4 6 30 90
5 1 4 10
5 2 14 70
5 2 15 70
5 2 16 70
5 3 21 205
5 3 22 205
5 4 23 55
5 4 24 55
5 4 25 55
5 5 26 135
5 5 27 135
5 6 28 90
5 6 29 90
5 6 30 90
6 1 4 10
6 2 14 70
6 2 15 70
6 2 16 70
6 3 21 205
6 3 22 205
6 4 23 55
6 4 24 55
6 4 25 55
6 5 26 135
6 5 27 135
6 6 28 90
6 6 29 90
6 6 30 90
7 1 4 10
7 2 14 70
7 2 15 70
7 2 16 70
7 3 21 205
7 3 22 205
7 4 23 55
7 4 24 55
7 4 25 55
7 5 26 135
7 5 27 135
7 6 28 90
7 6 29 90
7 6 30 90
8 1 4 10
8 2 14 70
8 2 15 70
8 2 16 70
8 3 21 205
8 3 22 205
8 4 23 55
8 4 24 55
8 4 25 55
8 5 26 135
8 5 27 135
8 6 28 90
8 6 29 90
8 6 30 90
9 1 4 10
9 2 14 70
9 2 15 70
9 2 16 70
9 3 21 205
9 3 22 205
9 4 23 55
9 4 24 55
9 4 25 55
9 5 26 135
9 5 27 135
9 6 28 90
9 6 29 90
9 6 30 90
10 1 4 10
10 2 14 70
10 2 15 70
10 2 16 70
10 3 21 205
10 3 22 205
10 4 23 55
10 4 24 55
10 4 25 55
10 5 26 135
10 5 27 135
10 6 28 90
10 6 29 90
10 6 30 90
11 1 4 10
11 2 14 70
11 2 15 70
11 2 16 70
11 3 21 205
11 3 22 205
11 4 23 55
11 4 24 55
11 4 25 55
11 5 26 135
11 5 27 135
11 6 28 90
11 6 29 90
11 6 30 90
12 1 4 10
12 2 14 70
12 2 15 70
12 2 16 70
12 3 21 205
12 3 22 205
12 4 23 55
12 4 24 55
12 4 25 55
12 5 26 135
12 5 27 135
12 6 28 90
12 6 29 90
12 6 30 90
13 1 4 10
13 2 14 70
13 2 15 70
13 2 16 70
13 3 21 205
13 3 22 205
13 4 23 55
13 4 24 55
13 4 25 55
13 5 26 135
13 5 27 135
13 6 28 90
13 6 29 90
13 6 30 90
14 1 4 10
14 2 14 70
14 2 15 70
14 2 16 70
14 3 21 205
14 3 22 205
14 4 23 55
14 4 24 55
14 4 25 55
14 5 26 135
14 5 27 135
14 6 28 90
14 6 29 90
14 6 30 90
15 1 4 10
15 2 14 70
15 2 15 70
15 2 16 70
15 3 21 205
15 3 22 205
15 4 23 55
15 4 24 55
15 4 25 55
15 5 26 135
15 5 27 135
15 6 28 90
15 6 29 90
15 6 30 90
16 1 4 10
16 2 14 70
16 2 15 70
16 2 16 70
16 3 21 205
16 3 22 205
16 4 23 55
16 4 24 55
16 4 25 55
16 5 26 135
16 5 27 135
16 6 28 90
16 6 29 90
16 6 30 90
17 1 4 10
17 2 14 70
17 2 15 70
17 2 16 70
17 3 21 205
17 3 22 205
17 4 23 55
17 4 24 55
17 4 25 55
17 5 26 135
17 5 27 135
17 6 28 90
17 6 29 90
17 6 30 90
18 1 4 10
18 2 14 70
18 2 15 70
18 2 16 70
18 3 21 205
18 3 22 205
18 4 23 55
18 4 24 55
18 4 25 55
18 5 26 135
18 5 27 135
18 6 28 90
18 6 29 90
18 6 30 90
19 1 4 10
19 2 14 70
19 2 15 70
19 2 16 70
19 3 21 205
19 3 22 205
19 4 23 55
19 4 24 55
19 4 25 55
19 5 26 135
19 5 27 135
19 6 28 90
19 6 29 90
19 6 30 90
20 1 4 10
20 2 14 70
20 2 15 70
20 2 16 70
20 3 21 205
20 3 22 205
20 4 23 55
20 4 24 55
20 4 25 55
20 5 26 135
20 5 27 135
20 6 28 90
20 6 29 90
20 6 30 90
21 1 4 10
21 2 14 70
21 2 15 70
21 2 16 70
21 3 21 205
21 3 22 205
21 4 23 55
21 4 24 55
21 4 25 55
21 5 26 135
21 5 27 135
21 6 28 90
21 6 29 90
21 6 30 90
22 1 4 10
22 2 14 70
22 2 15 70
22 2 16 70
22 3 21 205
22 3 22 205
22 4 23 55
22 4 24 55
22 4 25 55
22 5 26 135
22 5 27 135
22 6 28 90
22 6 29 90
22 6 30 90
23 1 4 10
23 2 14 70
23 2 15 70
23 2 16 70
23 3 21 205
23 3 22 205
23 4 23 55
23 4 24 55
23 4 25 55
23 5 26 135
23 5 27 135
23 6 28 90
23 6 29 90
23 6 30 90
24 1 4 10
24 2 14 70
24 2 15 70
24 2 16 70
24 3 21 205
24 3 22 205
24 4 23 55
24 4 24 55
24 4 25 55
24 5 26 135
24 5 27 135
24 6 28 90
24 6 29 90
24 6 30 90
25 1 4 10
25 2 14 70
25 2 15 70
25 2 16 70
25 3 21 205
25 3 22 205
25 4 23 55
25 4 24 55
25 4 25 55
25 5 26 135
25 5 27 135
25 6 28 90
25 6 29 90
25 6 30 90
26 1 4 10
26 2 14 70
26 2 15 70
26 2 16 70
26 3 21 205
26 3 22 205
26 4 23 55
26 4 24 55
26 4 25 55
26 5 26 135
26 5 27 135
26 6 28 90
26 6 29 90
26 6 30 90
27 1 4 10
27 2 14 70
27 2 15 70
27 2 16 70
27 3 21 205
27 3 22 205
27 4 23 55
27 4 24 55
27 4 25 55
27 5 26 135
27 5 27 135
27 6 28 90
27 6 29 90
27 6 30 90
28 1 4 10
28 2 14 70
28 2 15 70
28 2 16 70
28 3 21 205
28 3 22 205
28 4 23 55
28 4 24 55
28 4 25 55
28 5 26 135
28 5 27 135
28 6 28 90
28 6 29 90
28 6 30 90
29 1 4 10
29 2 14 70
29 2 15 70
29 2 16 70
29 3 21 205
29 3 22 205
29 4 23 55
29 4 24 55
29 4 25 55
29 5 26 135
29 5 27 135
29 6 28 90
29 6 29 90
29 6 30 90
30 1 4 10
30 2 14 70
30 2 15 70
30 2 16 70
30 3 21 205
30 3 22 205
30 4 23 55
30 4 24 55
30 4 25 55
30 5 26 135
30 5 27 135
30 6 28 90
30 6 29 90
30 6 30 90
31 1 4 10
31 2 14 70
31 2 15 70
31 2 16 70
31 3 21 205
31 3 22 205
31 4 23 55
31 4 24 55
31 4 25 55
31 5 26 135
31 5 27 135
31 6 28 90
31 6 29 90
31 6 30 90
32 1 4 10
32 2 14 70
32 2 15 70
32 2 16 70
32 3 21 205
32 3 22 205
32 4 23 55
32 4 24 55
32 4 25 55
32 5 26 135
32 5 27 135
32 6 28 90
32 6 29 90
32 6 30 90
33 1 4 10
33 2 14 70
33 2 15 70
33 2 16 70
33 3 21 205
33 3 22 205
33 4 23 55
33 4 24 55
33 4 25 55
33 5 26 135
33 5 27 135
33 6 28 90
33 6 29 90
33 6 30 90
34 1 4 10
34 2 14 70
34 2 15 70
34 2 16 70
34 3 21 205
34 3 22 205
34 4 23 55
34 4 24 55
34 4 25 55
34 5 26 135
34 5 27 135
34 6 28 90
34 6 29 90
34 6 30 90
35 1 4 10
35 2 14 70
35 2 15 70
35 2 16 70
35 3 21 205
35 3 22 205
35 4 23 55
35 4 24 55
35 4 25 55
35 5 26 135
35 5 27 135
35 6 28 90
35 6 29 90
35 6 30 90
36 1 4 10
36 2 14 70
36 2 15 70
36 2 16 70
36 3 21 205
36 3 22 205
36 4 23 55
36 4 24 55
36 4 25 55
36 5 26 135
36 5 27 135
36 6 28 90
36 6 29 90
36 6 30 90
37 1 4 10
37 2 14 70
37 2 15 70
37 2 16 70
37 3 21 205
37 3 22 205
37 4 23 55
37 4 24 55
37 4 25 55
37 5 26 135
37 5 27 135
37 6 28 90
37 6 29 90
37 6 30 90
38 1 4 10
38 2 14 70
38 2 15 70
38 2 16 70
38 3 21 205
38 3 22 205
38 4 23 55
38 4 24 55
38 4 25 55
38 5 26 135
38 5 27 135
38 6 28 90
38 6 29 90
38 6 30 90
39 1 4 10
39 2 14 70
39 2 15 70
39 2 16 70
39 3 21 205
39 3 22 205
39 4 23 55
39 4 24 55
39 4 25 55
39 5 26 135
39 5 27 135
39 6 28 90
39 6 29 90
39 6 30 90
40 1 4 10
40 2 14 70
40 2 15 70
40 2 16 70
40 3 21 205
40 3 22 205
40 4 23 55
40 4 24 55
40 4 25 55
40 5 26 135
40 5 27 135
40 6 28 90
40 6 29 90
40 6 30 90
41 1 4 10
41 2 14 70
41 2 15 70
41 2 16 70
41 3 21 205
41 3 22 205
41 4 23 55
41 4 24 55
41 4 25 55
41 5 26 135
41 5 27 135
41 6 28 90
41 6 29 90
41 6 30 90
42 1 4 10
42 2 14 70
42 2 15 70
42 2 16 70
42 3 21 205
42 3 22 205
42 4 23 55
42 4 24 55
42 4 25 55
42 5 26 135
42 5 27 135
42 6 28 90
42 6 29 90
42 6 30 90
43 1 4 10
43 2 14 70
43 2 15 70
43 2 16 70
43 3 21 205
43 3 22 205
43 4 23 55
43 4 24 55
43 4 25 55
43 5 26 135
43 5 27 135
43 6 28 90
43 6 29 90
43 6 30 90
44 1 4 10
44 2 14 70
44 2 15 70
44 2 16 70
44 3 21 205
44 3 22 205
44 4 23 55
44 4 24 55
44 4 25 55
44 5 26 135
44 5 27 135
44 6 28 90
44 6 29 90
44 6 30 90
45 1 4 10
45 2 14 70
45 2 15 70
45 2 16 70
45 3 21 205
45 3 22 205
45 4 23 55
45 4 24 55
45 4 25 55
45 5 26 135
45 5 27 135
45 6 28 90
45 6 29 90
45 6 30 90
46 1 4 10
46 2 14 70
46 2 15 70
46 2 16 70
46 3 21 205
46 3 22 205
46 4 23 55
46 4 24 55
46 4 25 55
46 5 26 135
46 5 27 135
46 6 28 90
46 6 29 90
46 6 30 90
47 1 4 10
47 2 14 70
47 2 15 70
47 2 16 70
47 3 21 205
47 3 22 205
47 4 23 55
47 4 24 55
47 4 25 55
47 5 26 135
47 5 27 135
47 6 28 90
47 6 29 90
47 6 30 90
48 1 4 10
48 2 14 70
48 2 15 70
48 2 16 70
48 3 21 205
48 3 22 205
48 4 23 55
48 4 24 55
48 4 25 55
48 5 26 135
48 5 27 135
48 6 28 90
48 6 29 90
48 6 30 90
49 1 4 10
49 2 14 70
49 2 15 70
49 2 16 70
49 3 21 205
49 3 22 205
49 4 23 55
49 4 24 55
49 4 25 55
49 5 26 135
49 5 27 135
49 6 28 90
49 6 29 90
49 6 30 90
50 1 4 10
50 2 14 70
50 2 15 70
50 2 16 70
50 3 21 205
50 3 22 205
50 4 23 55
50 4 24 55
50 4 25 55
50 5 26 135
50 5 27 135
50 6 28 90
50 6 29 90
50 6 30 90
51 1 4 10
51 2 14 70
51 2 15 70
51 2 16 70
51 3 21 205
51 3 22 205
51 4 23 55
51 4 24 55
51 4 25 55
51 5 26 135
51 5 27 135
51 6 28 90
51 6 29 90
51 6 30 90
52 1 4 10
52 2 14 70
52 2 15 70
52 2 16 70
52 3 21 205
52 3 22 205
52 4 23 55
52 4 24 55
52 4 25 55
52 5 26 135
52 5 27 135
52 6 28 90
52 6 29 90
52 6 30 90
53 1 4 10
53 2 14 70
53 2 15 70
53 2 16 70
53 3 21 205
53 3 22 205
53 4 23 55
53 4 24 55
53 4 25 55
53 5 26 135
53 5 27 135
53 6 28 90
53 6 29 90
53 6 30 90
54 1 4 10
54 2 14 70
54 2 15 70
54 2 16 70
54 3 21 205
54 3 22 205
54 4 23 55
54 4 24 55
54 4 25 55
54 5 26 135
54 5 27 135
54 6 28 90
54 6 29 90
54 6 30 90
55 1 4 10
55 2 14 70
55 2 15 70
55 2 16 70
55 3 21 205
55 3 22 205
55 4 23 55
55 4 24 55
55 4 25 55
55 5 26 135
55 5 27 135
55 6 28 90
55 6 29 90
55 6 30 90
56 1 4 10
56 2 14 70
56 2 15 70
56 2 16 70
56 3 21 205
56 3 22 205
56 4 23 55
56 4 24 55
56 4 25 55
56 5 26 135
56 5 27 135
56 6 28 90
56 6 29 90
56 6 30 90
57 1 4 10
57 2 14 70
57 2 15 70
57 2 16 70
57 3 21 205
57 3 22 205
57 4 23 55
57 4 24 55
57 4 25 55
57 5 26 135
57 5 27 135
57 6 28 90
57 6 29 90
57 6 30 90
58 1 4 10
58 2 14 70
58 2 15 70
58 2 16 70
58 3 21 205
58 3 22 205
58 4 23 55
58 4 24 55
58 4 25 55
58 5 26 135
58 5 27 135
58 6 28 90
58 6 29 90
58 6 30 90
59 1 4 10
59 2 14 70
59 2 15 70
59 2 16 70
59 3 21 205
59 3 22 205
59 4 23 55
59 4 24 55
59 4 25 55
59 5 26 135
59 5 27 135
59 6 28 90
59 6 29 90
59 6 30 90
60 1 4 10
60 2 14 70
60 2 15 70
60 2 16 70
60 3 21 205
60 3 22 205
60 4 23 55
60 4 24 55
60 4 25 55
60 5 26 135
60 5 27 135
60 6 28 90
60 6 29 90
60 6 30 90
61 1 4 10
61 2 14 70
61 2 15 70
61 2 16 70
61 3 21 205
61 3 22 205
61 4 23 55
61 4 24 55
61 4 25 55
61 5 26 135
61 5 27 135
61 6 28 90
61 6 29 90
61 6 30 90
62 1 4 10
62 2 14 70
62 2 15 70
62 2 16 70
62 3 21 205
62 3 22 205
62 4 23 55
62 4 24 55
62 4 25 55
62 5 26 135
62 5 27 135
62 6 28 90
62 6 29 90
62 6 30 90
63 1 4 10
63 2 14 70
63 2 15 70
63 2 16 70
63 3 21 205
63 3 22 205
63 4 23 55
63 4 24 55
63 4 25 55
63 5 26 135
63 5 27 135
63 6 28 90
63 6 29 90
63 6 30 90
64 1 4 10
64 2 14 70
64 2 15 70
64 2 16 70
64 3 21 205
64 3 22 205
64 4 23 55
64 4 24 55
64 4 25 55
64 5 26 135
64 5 27 135
64 6 28 90
64 6 29 90
64 6 30 90
65 1 4 10
65 2 14 70
65 2 15 70
65 2 16 70
65 3 21 205
65 3 22 205
65 4 23 55
65 4 24 55
65 4 25 55
65 5 26 135
65 5 27 135
65 6 28 90
65 6 29 90
65 6 30 90
66 1 4 10
66 2 14 70
66 2 15 70
66 2 16 70
66 3 21 205
66 3 22 205
66 4 23 55
66 4 24 55
66 4 25 55
66 5 26 135
66 5 27 135
66 6 28 90
66 6 29 90
66 6 30 90
67 1 4 10
67 2 14 70
67 2 15 70
67 2 16 70
67 3 21 205
67 3 22 205
67 4 23 55
67 4 24 55
67 4 25 55
67 5 26 135
67 5 27 135
67 6 28 90
67 6 29 90
67 6 30 90
68 1 4 10
68 2 14 70
68 2 15 70
68 2 16 70
68 3 21 205
68 3 22 205
68 4 23 55
68 4 24 55
68 4 25 55
68 5 26 135
68 5 27 135
68 6 28 90
68 6 29 90
68 6 30 90
69 1 4 10
69 2 14 70
69 2 15 70
69 2 16 70
69 3 21 205
69 3 22 205
69 4 23 55
69 4 24 55
69 4 25 55
69 5 26 135
69 5 27 135
69 6 28 90
69 6 29 90
69 6 30 90
70 1 4 10
70 2 14 70
70 2 15 70
70 2 16 70
70 3 21 205
70 3 22 205
70 4 23 55
70 4 24 55
70 4 25 55
70 5 26 135
70 5 27 135
70 6 28 90
70 6 29 90
70 6 30 90
71 1 4 10
71 2 14 70
71 2 15 70
71 2 16 70
71 3 21 205
71 3 22 205
71 4 23 55
71 4 24 55
71 4 25 55
71 5 26 135
71 5 27 135
71 6 28 90
71 6 29 90
71 6 30 90
72 1 4 10
72 2 14 70
72 2 15 70
72 2 16 70
72 3 21 205
72 3 22 205
72 4 23 55
72 4 24 55
72 4 25 55
72 5 26 135
72 5 27 135
72 6 28 90
72 6 29 90
72 6 30 90
73 1 4 10
73 2 14 70
73 2 15 70
73 2 16 70
73 3 21 205
73 3 22 205
73 4 23 55
73 4 24 55
73 4 25 55
73 5 26 135
73 5 27 135
73 6 28 90
73 6 29 90
73 6 30 90
74 1 4 10
74 2 14 70
74 2 15 70
74 2 16 70
74 3 21 205
74 3 22 205
74 4 23 55
74 4 24 55
74 4 25 55
74 5 26 135
74 5 27 135
74 6 28 90
74 6 29 90
74 6 30 90
75 1 4 10
75 2 14 70
75 2 15 70
75 2 16 70
75 3 21 205
75 3 22 205
75 4 23 55
75 4 24 55
75 4 25 55
75 5 26 135
75 5 27 135
75 6 28 90
75 6 29 90
75 6 30 90
76 1 4 10
76 2 14 70
76 2 15 70
76 2 16 70
76 3 21 205
76 3 22 205
76 4 23 55
76 4 24 55
76 4 25 55
76 5 26 135
76 5 27 135
76 6 28 90
76 6 29 90
76 6 30 90
77 1 4 10
77 2 14 70
77 2 15 70
77 2 16 70
77 3 21 205
77 3 22 205
77 4 23 55
77 4 24 55
77 4 25 55
77 5 26 135
77 5 27 135
77 6 28 90
77 6 29 90
77 6 30 90
78 1 4 10
78 2 14 70
78 2 15 70
78 2 16 70
78 3 21 205
78 3 22 205
78 4 23 55
78 4 24 55
78 4 25 55
78 5 26 135
78 5 27 135
78 6 28 90
78 6 29 90
78 6 30 90
79 1 4 10
79 2 14 70
79 2 15 70
79 2 16 70
79 3 21 205
79 3 22 205
79 4 23 55
79 4 24 55
79 4 25 55
79 5 26 135
79 5 27 135
79 6 28 90
79 6 29 90
79 6 30 90
80 1 4 10
80 2 14 70
80 2 15 70
80 2 16 70
80 3 21 205
80 3 22 205
80 4 23 55
80 4 24 55
80 4 25 55
80 5 26 135
80 5 27 135
80 6 28 90
80 6 29 90
80 6 30 90
81 1 4 10
81 2 14 70
81 2 15 70
81 2 16 70
81 3 21 205
81 3 22 205
81 4 23 55
81 4 24 55
81 4 25 55
81 5 26 135
81 5 27 135
81 6 28 90
81 6 29 90
81 6 30 90
82 1 4 10
82 2 14 70
82 2 15 70
82 2 16 70
82 3 21 205
82 3 22 205
82 4 23 55
82 4 24 55
82 4 25 55
82 5 26 135
82 5 27 135
82 6 28 90
82 6 29 90
82 6 30 90
83 1 4 10
83 2 14 70
83 2 15 70
83 2 16 70
83 3 21 205
83 3 22 205
83 4 23 55
83 4 24 55
83 4 25 55
83 5 26 135
83 5 27 135
83 6 28 90
83 6 29 90
83 6 30 90
84 1 4 10
84 2 14 70
84 2 15 70
84 2 16 70
84 3 21 205
84 3 22 205
84 4 23 55
84 4 24 55
84 4 25 55
84 5 26 135
84 5 27 135
84 6 28 90
84 6 29 90
84 6 30 90
85 1 4 10
85 2 14 70
85 2 15 70
85 2 16 70
85 3 21 205
85 3 22 205
85 4 23 55
85 4 24 55
85 4 25 55
85 5 26 135
85 5 27 135
85 6 28 90
85 6 29 90
85 6 30 90
86 1 4 10
86 2 14 70
86 2 15 70
86 2 16 70
86 3 21 205
86 3 22 205
86 4 23 55
86 4 24 55
86 4 25 55
86 5 26 135
86 5 27 135
86 6 28 90
86 6 29 90
86 6 30 90
87 1 4 10
87 2 14 70
87 2 15 70
87 2 16 70
87 3 21 205
87 3 22 205
87 4 23 55
87 4 24 55
87 4 25 55
87 5 26 135
87 5 27 135
87 6 28 90
87 6 29 90
87 6 30 90
88 1 4 10
88 2 14 70
88 2 15 70
88 2 16 70
88 3 21 205
88 3 22 205
88 4 23 55
88 4 24 55
88 4 25 55
88 5 26 135
88 5 27 135
88 6 28 90
88 6 29 90
88 6 30 90
89 1 4 10
89 2 14 70
89 2 15 70
89 2 16 70
89 3 21 205
89 3 22 205
89 4 23 55
89 4 24 55
89 4 25 55
89 5 26 135
89 5 27 135
89 6 28 90
89 6 29 90
89 6 30 90
90 1 4 10
90 2 14 70
90 2 15 70
90 2 16 70
90 3 21 205
90 3 22 205
90 4 23 55
90 4 24 55
90 4 25 55
90 5 26 135
90 5 27 135
90 6 28 90
90 6 29 90
90 6 30 90
91 1 4 10
91 2 14 70
91 2 15 70
91 2 16 70
91 3 21 205
91 3 22 205
91 4 23 55
91 4 24 55
91 4 25 55
91 5 26 135
91 5 27 135
91 6 28 90
91 6 29 90
91 6 30 90
92 1 4 10
92 2 14 70
92 2 15 70
92 2 16 70
92 3 21 205
92 3 22 205
92 4 23 55
92 4 24 55
92 4 25 55
92 5 26 135
92 5 27 135
92 6 28 90
92 6 29 90
92 6 30 90
93 1 4 10
93 2 14 70
93 2 15 70
93 2 16 70
93 3 21 205
93 3 22 205
93 4 23 55
93 4 24 55
93 4 25 55
93 5 26 135
93 5 27 135
93 6 28 90
93 6 29 90
93 6 30 90
94 1 4 10
94 2 14 70
94 2 15 70
94 2 16 70
94 3 21 205
94 3 22 205
94 4 23 55
94 4 24 55
94 4 25 55
94 5 26 135
94 5 27 135
94 6 28 90
94 6 29 90
94 6 30 90
95 1 4 10
95 2 14 70
95 2 15 70
95 2 16 70
95 3 21 205
95 3 22 205
95 4 23 55
95 4 24 55
95 4 25 55
95 5 26 135
95 5 27 135
95 6 28 90
95 6 29 90
95 6 30 90
96 1 4 10
96 2 14 70
96 2 15 70
96 2 16 70
96 3 21 205
96 3 22 205
96 4 23 55
96 4 24 55
96 4 25 55
96 5 26 135
96 5 27 135
96 6 28 90
96 6 29 90
96 6 30 90
97 1 4 10
97 2 14 70
97 2 15 70
97 2 16 70
97 3 21 205
97 3 22 205
97 4 23 55
97 4 24 55
97 4 25 55
97 5 26 135
97 5 27 135
97 6 28 90
97 6 29 90
97 6 30 90
98 1 4 10
98 2 14 70
98 2 15 70
98 2 16 70
98 3 21 205
98 3 22 205
98 4 23 55
98 4 24 55
98 4 25 55
98 5 26 135
98 5 27 135
98 6 28 90
98 6 29 90
98 6 30 90
99 1 4 10
99 2 14 70
99 2 15 70
99 2 16 70
99 3 21 205
99 3 22 205
99 4 23 55
99 4 24 55
99 4 25 55
99 5 26 135
99 5 27 135
99 6 28 90
99 6 29 90
99 6 30 90
100 1 4 10
100 2 14 70
100 2 15 70
100 2 16 70
100 3 21 205
100 3 22 205
100 4 23 55
100 4 24 55
100 4 25 55
100 5 26 135
100 5 27 135
100 6 28 90
100 6 29 90
100 6 30 90
101 1 4 10
101 2 14 70
101 2 15 70
101 2 16 70
101 3 21 205
101 3 22 205
101 4 23 55
101 4 24 55
101 4 25 55
101 5 26 135
101 5 27 135
101 6 28 90
101 6 29 90
101 6 30 90
102 1 4 10
102 2 14 70
102 2 15 70
102 2 16 70
102 3 21 205
102 3 22 205
102 4 23 55
102 4 24 55
102 4 25 55
102 5 26 135
102 5 27 135
102 6 28 90
102 6 29 90
102 6 30 90
103 1 4 10
103 2 14 70
103 2 15 70
103 2 16 70
103 3 21 205
103 3 22 205
103 4 23 55
103 4 24 55
103 4 25 55
103 5 26 135
103 5 27 135
103 6 28 90
103 6 29 90
103 6 30 90
104 1 4 10
104 2 14 70
104 2 15 70
104 2 16 70
104 3 21 205
104 3 22 205
104 4 23 55
104 4 24 55
104 4 25 55
104 5 26 135
104 5 27 135
104 6 28 90
104 6 29 90
104 6 30 90
105 1 4 10
105 2 14 70
105 2 15 70
105 2 16 70
105 3 21 205
105 3 22 205
105 4 23 55
105 4 24 55
105 4 25 55
105 5 26 135
105 5 27 135
105 6 28 90
105 6 29 90
105 6 30 90
106 1 4 10
106 2 14 70
106 2 15 70
106 2 16 70
106 3 21 205
106 3 22 205
106 4 23 55
106 4 24 55
106 4 25 55
106 5 26 135
106 5 27 135
106 6 28 90
106 6 29 90
106 6 30 90
107 1 4 10
107 2 14 70
107 2 15 70
107 2 16 70
107 3 21 205
107 3 22 205
107 4 23 55
107 4 24 55
107 4 25 55
107 5 26 135
107 5 27 135
107 6 28 90
107 6 29 90
107 6 30 90
108 1 4 10
108 2 14 70
108 2 15 70
108 2 16 70
108 3 21 205
108 3 22 205
108 4 23 55
108 4 24 55
108 4 25 55
108 5 26 135
108 5 27 135
108 6 28 90
108 6 29 90
108 6 30 90
109 1 4 10
109 2 14 70
109 2 15 70
109 2 16 70
109 3 21 205
109 3 22 205
109 4 23 55
109 4 24 55
109 4 25 55
109 5 26 135
109 5 27 135
109 6 28 90
109 6 29 90
109 6 30 90
110 1 4 10
110 2 14 70
110 2 15 70
110 2 16 70
110 3 21 205
110 3 22 205
110 4 23 55
110 4 24 55
110 4 25 55
110 5 26 135
110 5 27 135
110 6 28 90
110 6 29 90
110 6 30 90
111 1 4 10
111 2 14 70
111 2 15 70
111 2 16 70
111 3 21 205
111 3 22 205
111 4 23 55
111 4 24 55
111 4 25 55
111 5 26 135
111 5 27 135
111 6 28 90
111 6 29 90
111 6 30 90
112 1 4 10
112 2 14 70
112 2 15 70
112 2 16 70
112 3 21 205
112 3 22 205
112 4 23 55
112 4 24 55
112 4 25 55
112 5 26 135
112 5 27 135
112 6 28 90
112 6 29 90
112 6 30 90
113 1 4 10
113 2 14 70
113 2 15 70
113 2 16 70
113 3 21 205
113 3 22 205
113 4 23 55
113 4 24 55
113 4 25 55
113 5 26 135
113 5 27 135
113 6 28 90
113 6 29 90
113 6 30 90
114 1 4 10
114 2 14 70
114 2 15 70
114 2 16 70
114 3 21 205
114 3 22 205
114 4 23 55
114 4 24 55
114 4 25 55
114 5 26 135
114 5 27 135
114 6 28 90
114 6 29 90
114 6 30 90
115 1 4 10
115 2 14 70
115 2 15 70
115 2 16 70
115 3 21 205
115 3 22 205
115 4 23 55
115 4 24 55
115 4 25 55
115 5 26 135
115 5 27 135
115 6 28 90
115 6 29 90
115 6 30 90
116 1 4 10
116 2 14 70
116 2 15 70
116 2 16 70
116 3 21 205
116 3 22 205
116 4 23 55
116 4 24 55
116 4 25 55
116 5 26 135
116 5 27 135
116 6 28 90
116 6 29 90
116 6 30 90
117 1 4 10
117 2 14 70
117 2 15 70
117 2 16 70
117 3 21 205
117 3 22 205
117 4 23 55
117 4 24 55
117 4 25 55
117 5 26 135
117 5 27 135
117 6 28 90
117 6 29 90
117 6 30 90
118 1 4 10
118 2 14 70
118 2 15 70
118 2 16 70
118 3 21 205
118 3 22 205
118 4 23 55
118 4 24 55
118 4 25 55
118 5 26 135
118 5 27 135
118 6 28 90
118 6 29 90
118 6 30 90
119 1 4 10
119 2 14 70
119 2 15 70
119 2 16 70
119 3 21 205
119 3 22 205
119 4 23 55
119 4 24 55
119 4 25 55
119 5 26 135
119 5 27 135
119 6 28 90
119 6 29 90
119 6 30 90
120 1 4 10
120 2 14 70
120 2 15 70
120 2 16 70
120 3 21 205
120 3 22 205
120 4 23 55
120 4 24 55
120 4 25 55
120 5 26 135
120 5 27 135
120 6 28 90
120 6 29 90
120 6 30 90
121 1 2 15
121 1 3 15
121 2 14 20
121 2 15 20
121 2 16 20
121 3 21 120
121 3 22 120
121 4 23 60
121 4 24 60
121 4 25 60
121 5 26 70
121 5 27 70
121 6 28 70
121 6 29 70
121 6 30 70
122 1 2 15
122 1 3 15
122 2 14 20
122 2 15 20
122 2 16 20
122 3 21 120
122 3 22 120
122 4 23 60
122 4 24 60
122 4 25 60
122 5 26 70
122 5 27 70
122 6 28 70
122 6 29 70
122 6 30 70
123 1 2 15
123 1 3 15
123 2 14 20
123 2 15 20
123 2 16 20
123 3 21 120
123 3 22 120
123 4 23 60
123 4 24 60
123 4 25 60
123 5 26 70
123 5 27 70
123 6 28 70
123 6 29 70
123 6 30 70
124 1 2 15
124 1 3 15
124 2 14 20
124 2 15 20
124 2 16 20
124 3 21 120
124 3 22 120
124 4 23 60
124 4 24 60
124 4 25 60
124 5 26 70
124 5 27 70
124 6 28 70
124 6 29 70
124 6 30 70
125 1 2 15
125 1 3 15
125 2 14 20
125 2 15 20
125 2 16 20
125 3 21 120
125 3 22 120
125 4 23 60
125 4 24 60
125 4 25 60
125 5 26 70
125 5 27 70
125 6 28 70
125 6 29 70
125 6 30 70
126 1 2 15
126 1 3 15
126 2 14 20
126 2 15 20
126 2 16 20
126 3 21 120
126 3 22 120
126 4 23 60
126 4 24 60
126 4 25 60
126 5 26 70
126 5 27 70
126 6 28 70
126 6 29 70
126 6 30 70
127 1 2 15
127 1 3 15
127 2 14 20
127 2 15 20
127 2 16 20
127 3 21 120
127 3 22 120
127 4 23 60
127 4 24 60
127 4 25 60
127 5 26 70
127 5 27 70
127 6 28 70
127 6 29 70
127 6 30 70
128 1 2 15
128 1 3 15
128 2 14 20
128 2 15 20
128 2 16 20
128 3 21 120
128 3 22 120
128 4 23 60
128 4 24 60
128 4 25 60
128 5 26 70
128 5 27 70
128 6 28 70
128 6 29 70
128 6 30 70
129 1 2 15
129 1 3 15
129 2 14 20
129 2 15 20
129 2 16 20
129 3 21 120
129 3 22 120
129 4 23 60
129 4 24 60
129 4 25 60
129 5 26 70
129 5 27 70
129 6 28 70
129 6 29 70
129 6 30 70
130 1 2 15
130 1 3 15
130 2 14 20
130 2 15 20
130 2 16 20
130 3 21 120
130 3 22 120
130 4 23 60
130 4 24 60
130 4 25 60
130 5 26 70
130 5 27 70
130 6 28 70
130 6 29 70
130 6 30 70
131 1 2 15
131 1 3 15
131 2 14 20
131 2 15 20
131 2 16 20
131 3 21 120
131 3 22 120
131 4 23 60
131 4 24 60
131 4 25 60
131 5 26 70
131 5 27 70
131 6 28 70
131 6 29 70
131 6 30 70
132 1 2 15
132 1 3 15
132 2 14 20
132 2 15 20
132 2 16 20
132 3 21 120
132 3 22 120
132 4 23 60
132 4 24 60
132 4 25 60
132 5 26 70
132 5 27 70
132 6 28 70
132 6 29 70
132 6 30 70
133 1 2 15
133 1 3 15
133 2 14 20
133 2 15 20
133 2 16 20
133 3 21 120
133 3 22 120
133 4 23 60
133 4 24 60
133 4 25 60
133 5 26 70
133 5 27 70
133 6 28 70
133 6 29 70
133 6 30 70
134 1 2 15
134 1 3 15
134 2 14 20
134 2 15 20
134 2 16 20
134 3 21 120
134 3 22 120
134 4 23 60
134 4 24 60
134 4 25 60
134 5 26 70
134 5 27 70
134 6 28 70
134 6 29 70
134 6 30 70
135 1 2 15
135 1 3 15
135 2 14 20
135 2 15 20
135 2 16 20
135 3 21 120
135 3 22 120
135 4 23 60
135 4 24 60
135 4 25 60
135 5 26 70
135 5 27 70
135 6 28 70
135 6 29 70
135 6 30 70
136 1 2 15
136 1 3 15
136 2 14 20
136 2 15 20
136 2 16 20
136 3 21 120
136 3 22 120
136 4 23 60
136 4 24 60
136 4 25 60
136 5 26 70
136 5 27 70
136 6 28 70
136 6 29 70
136 6 30 70
137 1 2 15
137 1 3 15
137 2 14 20
137 2 15 20
137 2 16 20
137 3 21 120
137 3 22 120
137 4 23 60
137 4 24 60
137 4 25 60
137 5 26 70
137 5 27 70
137 6 28 70
137 6 29 70
137 6 30 70
138 1 2 15
138 1 3 15
138 2 14 20
138 2 15 20
138 2 16 20
138 3 21 120
138 3 22 120
138 4 23 60
138 4 24 60
138 4 25 60
138 5 26 70
138 5 27 70
138 6 28 70
138 6 29 70
138 6 30 70
139 1 2 15
139 1 3 15
139 2 14 20
139 2 15 20
139 2 16 20
139 3 21 120
139 3 22 120
139 4 23 60
139 4 24 60
139 4 25 60
139 5 26 70
139 5 27 70
139 6 28 70
139 6 29 70
139 6 30 70
140 1 2 15
140 1 3 15
140 2 14 20
140 2 15 20
140 2 16 20
140 3 21 120
140 3 22 120
140 4 23 60
140 4 24 60
140 4 25 60
140 5 26 70
140 5 27 70
140 6 28 70
140 6 29 70
140 6 30 70
141 1 2 15
141 1 3 15
141 2 14 20
141 2 15 20
141 2 16 20
141 3 21 120
141 3 22 120
141 4 23 60
141 4 24 60
141 4 25 60
141 5 26 70
141 5 27 70
141 6 28 70
141 6 29 70
141 6 30 70
142 1 2 15
142 1 3 15
142 2 14 20
142 2 15 20
142 2 16 20
142 3 21 120
142 3 22 120
142 4 23 60
142 4 24 60
142 4 25 60
142 5 26 70
142 5 27 70
142 6 28 70
142 6 29 70
142 6 30 70
143 1 2 15
143 1 3 15
143 2 14 20
143 2 15 20
143 2 16 20
143 3 21 120
143 3 22 120
143 4 23 60
143 4 24 60
143 4 25 60
143 5 26 70
143 5 27 70
143 6 28 70
143 6 29 70
143 6 30 70
144 1 2 15
144 1 3 15
144 2 14 20
144 2 15 20
144 2 16 20
144 3 21 120
144 3 22 120
144 4 23 60
144 4 24 60
144 4 25 60
144 5 26 70
144 5 27 70
144 6 28 70
144 6 29 70
144 6 30 70
145 1 2 15
145 1 3 15
145 2 14 20
145 2 15 20
145 2 16 20
145 3 21 120
145 3 22 120
145 4 23 60
145 4 24 60
145 4 25 60
145 5 26 70
145 5 27 70
145 6 28 70
145 6 29 70
145 6 30 70
146 1 2 15
146 1 3 15
146 2 14 20
146 2 15 20
146 2 16 20
146 3 21 120
146 3 22 120
146 4 23 60
146 4 24 60
146 4 25 60
146 5 26 70
146 5 27 70
146 6 28 70
146 6 29 70
146 6 30 70
147 1 2 15
147 1 3 15
147 2 14 20
147 2 15 20
147 2 16 20
147 3 21 120
147 3 22 120
147 4 23 60
147 4 24 60
147 4 25 60
147 5 26 70
147 5 27 70
147 6 28 70
147 6 29 70
147 6 30 70
148 1 2 15
148 1 3 15
148 2 14 20
148 2 15 20
148 2 16 20
148 3 21 120
148 3 22 120
148 4 23 60
148 4 24 60
148 4 25 60
148 5 26 70
148 5 27 70
148 6 28 70
148 6 29 70
148 6 30 70
149 1 2 15
149 1 3 15
149 2 14 20
149 2 15 20
149 2 16 20
149 3 21 120
149 3 22 120
149 4 23 60
149 4 24 60
149 4 25 60
149 5 26 70
149 5 27 70
149 6 28 70
149 6 29 70
149 6 30 70
150 1 2 15
150 1 3 15
150 2 14 20
150 2 15 20
150 2 16 20
150 3 21 120
150 3 22 120
150 4 23 60
150 4 24 60
150 4 25 60
150 5 26 70
150 5 27 70
150 6 28 70
150 6 29 70
150 6 30 70
151 1 2 15
151 1 3 15
151 2 14 20
151 2 15 20
151 2 16 20
151 3 21 120
151 3 22 120
151 4 23 60
151 4 24 60
151 4 25 60
151 5 26 70
151 5 27 70
151 6 28 70
151 6 29 70
151 6 30 70
152 1 2 15
152 1 3 15
152 2 14 20
152 2 15 20
152 2 16 20
152 3 21 120
152 3 22 120
152 4 23 60
152 4 24 60
152 4 25 60
152 5 26 70
152 5 27 70
152 6 28 70
152 6 29 70
152 6 30 70
153 1 2 15
153 1 3 15
153 2 14 20
153 2 15 20
153 2 16 20
153 3 21 120
153 3 22 120
153 4 23 60
153 4 24 60
153 4 25 60
153 5 26 70
153 5 27 70
153 6 28 70
153 6 29 70
153 6 30 70
154 1 2 15
154 1 3 15
154 2 14 20
154 2 15 20
154 2 16 20
154 3 21 120
154 3 22 120
154 4 23 60
154 4 24 60
154 4 25 60
154 5 26 70
154 5 27 70
154 6 28 70
154 6 29 70
154 6 30 70
155 1 2 15
155 1 3 15
155 2 14 20
155 2 15 20
155 2 16 20
155 3 21 120
155 3 22 120
155 4 23 60
155 4 24 60
155 4 25 60
155 5 26 70
155 5 27 70
155 6 28 70
155 6 29 70
155 6 30 70
156 1 2 15
156 1 3 15
156 2 14 20
156 2 15 20
156 2 16 20
156 3 21 120
156 3 22 120
156 4 23 60
156 4 24 60
156 4 25 60
156 5 26 70
156 5 27 70
156 6 28 70
156 6 29 70
156 6 30 70
157 1 2 15
157 1 3 15
157 2 14 20
157 2 15 20
157 2 16 20
157 3 21 120
157 3 22 120
157 4 23 60
157 4 24 60
157 4 25 60
157 5 26 70
157 5 27 70
157 6 28 70
157 6 29 70
157 6 30 70
158 1 2 15
158 1 3 15
158 2 14 20
158 2 15 20
158 2 16 20
158 3 21 120
158 3 22 120
158 4 23 60
158 4 24 60
158 4 25 60
158 5 26 70
158 5 27 70
158 6 28 70
158 6 29 70
158 6 30 70
159 1 2 15
159 1 3 15
159 2 14 20
159 2 15 20
159 2 16 20
159 3 21 120
159 3 22 120
159 4 23 60
159 4 24 60
159 4 25 60
159 5 26 70
159 5 27 70
159 6 28 70
159 6 29 70
159 6 30 70
160 1 2 15
160 1 3 15
160 2 14 20
160 2 15 20
160 2 16 20
160 3 21 120
160 3 22 120
160 4 23 60
160 4 24 60
160 4 25 60
160 5 26 70
160 5 27 70
160 6 28 70
160 6 29 70
160 6 30 70
161 1 2 15
161 1 3 15
161 2 14 20
161 2 15 20
161 2 16 20
161 3 21 120
161 3 22 120
161 4 23 60
161 4 24 60
161 4 25 60
161 5 26 70
161 5 27 70
161 6 28 70
161 6 29 70
161 6 30 70
162 1 2 15
162 1 3 15
162 2 14 20
162 2 15 20
162 2 16 20
162 3 21 120
162 3 22 120
162 4 23 60
162 4 24 60
162 4 25 60
162 5 26 70
162 5 27 70
162 6 28 70
162 6 29 70
162 6 30 70
163 1 2 15
163 1 3 15
163 2 14 20
163 2 15 20
163 2 16 20
163 3 21 120
163 3 22 120
163 4 23 60
163 4 24 60
163 4 25 60
163 5 26 70
163 5 27 70
163 6 28 70
163 6 29 70
163 6 30 70
164 1 2 15
164 1 3 15
164 2 14 20
164 2 15 20
164 2 16 20
164 3 21 120
164 3 22 120
164 4 23 60
164 4 24 60
164 4 25 60
164 5 26 70
164 5 27 70
164 6 28 70
164 6 29 70
164 6 30 70
165 1 2 15
165 1 3 15
165 2 14 20
165 2 15 20
165 2 16 20
165 3 21 120
165 3 22 120
165 4 23 60
165 4 24 60
165 4 25 60
165 5 26 70
165 5 27 70
165 6 28 70
165 6 29 70
165 6 30 70
166 1 2 15
166 1 3 15
166 2 14 20
166 2 15 20
166 2 16 20
166 3 21 120
166 3 22 120
166 4 23 60
166 4 24 60
166 4 25 60
166 5 26 70
166 5 27 70
166 6 28 70
166 6 29 70
166 6 30 70
167 1 2 15
167 1 3 15
167 2 14 20
167 2 15 20
167 2 16 20
167 3 21 120
167 3 22 120
167 4 23 60
167 4 24 60
167 4 25 60
167 5 26 70
167 5 27 70
167 6 28 70
167 6 29 70
167 6 30 70
168 1 2 15
168 1 3 15
168 2 14 20
168 2 15 20
168 2 16 20
168 3 21 120
168 3 22 120
168 4 23 60
168 4 24 60
168 4 25 60
168 5 26 70
168 5 27 70
168 6 28 70
168 6 29 70
168 6 30 70
169 1 2 15
169 1 3 15
169 2 14 20
169 2 15 20
169 2 16 20
169 3 21 120
169 3 22 120
169 4 23 60
169 4 24 60
169 4 25 60
169 5 26 70
169 5 27 70
169 6 28 70
169 6 29 70
169 6 30 70
170 1 2 15
170 1 3 15
170 2 14 20
170 2 15 20
170 2 16 20
170 3 21 120
170 3 22 120
170 4 23 60
170 4 24 60
170 4 25 60
170 5 26 70
170 5 27 70
170 6 28 70
170 6 29 70
170 6 30 70
171 1 2 15
171 1 3 15
171 2 14 20
171 2 15 20
171 2 16 20
171 3 21 120
171 3 22 120
171 4 23 60
171 4 24 60
171 4 25 60
171 5 26 70
171 5 27 70
171 6 28 70
171 6 29 70
171 6 30 70
172 1 2 15
172 1 3 15
172 2 14 20
172 2 15 20
172 2 16 20
172 3 21 120
172 3 22 120
172 4 23 60
172 4 24 60
172 4 25 60
172 5 26 70
172 5 27 70
172 6 28 70
172 6 29 70
172 6 30 70
173 1 2 15
173 1 3 15
173 2 14 20
173 2 15 20
173 2 16 20
173 3 21 120
173 3 22 120
173 4 23 60
173 4 24 60
173 4 25 60
173 5 26 70
173 5 27 70
173 6 28 70
173 6 29 70
173 6 30 70
174 1 2 15
174 1 3 15
174 2 14 20
174 2 15 20
174 2 16 20
174 3 21 120
174 3 22 120
174 4 23 60
174 4 24 60
174 4 25 60
174 5 26 70
174 5 27 70
174 6 28 70
174 6 29 70
174 6 30 70
175 1 2 15
175 1 3 15
175 2 14 20
175 2 15 20
175 2 16 20
175 3 21 120
175 3 22 120
175 4 23 60
175 4 24 60
175 4 25 60
175 5 26 70
175 5 27 70
175 6 28 70
175 6 29 70
175 6 30 70
176 1 2 15
176 1 3 15
176 2 14 20
176 2 15 20
176 2 16 20
176 3 21 120
176 3 22 120
176 4 23 60
176 4 24 60
176 4 25 60
176 5 26 70
176 5 27 70
176 6 28 70
176 6 29 70
176 6 30 70
177 1 2 15
177 1 3 15
177 2 14 20
177 2 15 20
177 2 16 20
177 3 21 120
177 3 22 120
177 4 23 60
177 4 24 60
177 4 25 60
177 5 26 70
177 5 27 70
177 6 28 70
177 6 29 70
177 6 30 70
178 1 2 15
178 1 3 15
178 2 14 20
178 2 15 20
178 2 16 20
178 3 21 120
178 3 22 120
178 4 23 60
178 4 24 60
178 4 25 60
178 5 26 70
178 5 27 70
178 6 28 70
178 6 29 70
178 6 30 70
179 1 2 15
179 1 3 15
179 2 14 20
179 2 15 20
179 2 16 20
179 3 21 120
179 3 22 120
179 4 23 60
179 4 24 60
179 4 25 60
179 5 26 70
179 5 27 70
179 6 28 70
179 6 29 70
179 6 30 70
180 1 2 15
180 1 3 15
180 2 14 20
180 2 15 20
180 2 16 20
180 3 21 120
180 3 22 120
180 4 23 60
180 4 24 60
180 4 25 60
180 5 26 70
180 5 27 70
180 6 28 70
180 6 29 70
180 6 30 70
181 1 2 15
181 1 3 15
181 2 14 20
181 2 15 20
181 2 16 20
181 3 21 120
181 3 22 120
181 4 23 60
181 4 24 60
181 4 25 60
181 5 26 70
181 5 27 70
181 6 28 70
181 6 29 70
181 6 30 70
182 1 2 15
182 1 3 15
182 2 14 20
182 2 15 20
182 2 16 20
182 3 21 120
182 3 22 120
182 4 23 60
182 4 24 60
182 4 25 60
182 5 26 70
182 5 27 70
182 6 28 70
182 6 29 70
182 6 30 70
183 1 2 15
183 1 3 15
183 2 14 20
183 2 15 20
183 2 16 20
183 3 21 120
183 3 22 120
183 4 23 60
183 4 24 60
183 4 25 60
183 5 26 70
183 5 27 70
183 6 28 70
183 6 29 70
183 6 30 70
184 1 2 15
184 1 3 15
184 2 14 20
184 2 15 20
184 2 16 20
184 3 21 120
184 3 22 120
184 4 23 60
184 4 24 60
184 4 25 60
184 5 26 70
184 5 27 70
184 6 28 70
184 6 29 70
184 6 30 70
185 1 2 15
185 1 3 15
185 2 14 20
185 2 15 20
185 2 16 20
185 3 21 120
185 3 22 120
185 4 23 60
185 4 24 60
185 4 25 60
185 5 26 70
185 5 27 70
185 6 28 70
185 6 29 70
185 6 30 70
186 1 2 15
186 1 3 15
186 2 14 20
186 2 15 20
186 2 16 20
186 3 21 120
186 3 22 120
186 4 23 60
186 4 24 60
186 4 25 60
186 5 26 70
186 5 27 70
186 6 28 70
186 6 29 70
186 6 30 70
187 1 2 15
187 1 3 15
187 2 14 20
187 2 15 20
187 2 16 20
187 3 21 120
187 3 22 120
187 4 23 60
187 4 24 60
187 4 25 60
187 5 26 70
187 5 27 70
187 6 28 70
187 6 29 70
187 6 30 70
188 1 2 15
188 1 3 15
188 2 14 20
188 2 15 20
188 2 16 20
188 3 21 120
188 3 22 120
188 4 23 60
188 4 24 60
188 4 25 60
188 5 26 70
188 5 27 70
188 6 28 70
188 6 29 70
188 6 30 70
189 1 2 15
189 1 3 15
189 2 14 20
189 2 15 20
189 2 16 20
189 3 21 120
189 3 22 120
189 4 23 60
189 4 24 60
189 4 25 60
189 5 26 70
189 5 27 70
189 6 28 70
189 6 29 70
189 6 30 70
190 1 2 15
190 1 3 15
190 2 14 20
190 2 15 20
190 2 16 20
190 3 21 120
190 3 22 120
190 4 23 60
190 4 24 60
190 4 25 60
190 5 26 70
190 5 27 70
190 6 28 70
190 6 29 70
190 6 30 70
191 1 2 15
191 1 3 15
191 2 14 20
191 2 15 20
191 2 16 20
191 3 21 120
191 3 22 120
191 4 23 60
191 4 24 60
191 4 25 60
191 5 26 70
191 5 27 70
191 6 28 70
191 6 29 70
191 6 30 70
192 1 2 15
192 1 3 15
192 2 14 20
192 2 15 20
192 2 16 20
192 3 21 120
192 3 22 120
192 4 23 60
192 4 24 60
192 4 25 60
192 5 26 70
192 5 27 70
192 6 28 70
192 6 29 70
192 6 30 70
193 1 2 15
193 1 3 15
193 2 14 20
193 2 15 20
193 2 16 20
193 3 21 120
193 3 22 120
193 4 23 60
193 4 24 60
193 4 25 60
193 5 26 70
193 5 27 70
193 6 28 70
193 6 29 70
193 6 30 70
194 1 2 15
194 1 3 15
194 2 14 20
194 2 15 20
194 2 16 20
194 3 21 120
194 3 22 120
194 4 23 60
194 4 24 60
194 4 25 60
194 5 26 70
194 5 27 70
194 6 28 70
194 6 29 70
194 6 30 70
195 1 2 15
195 1 3 15
195 2 14 20
195 2 15 20
195 2 16 20
195 3 21 120
195 3 22 120
195 4 23 60
195 4 24 60
195 4 25 60
195 5 26 70
195 5 27 70
195 6 28 70
195 6 29 70
195 6 30 70
196 1 2 15
196 1 3 15
196 2 14 20
196 2 15 20
196 2 16 20
196 3 21 120
196 3 22 120
196 4 23 60
196 4 24 60
196 4 25 60
196 5 26 70
196 5 27 70
196 6 28 70
196 6 29 70
196 6 30 70
197 1 2 15
197 1 3 15
197 2 14 20
197 2 15 20
197 2 16 20
197 3 21 120
197 3 22 120
197 4 23 60
197 4 24 60
197 4 25 60
197 5 26 70
197 5 27 70
197 6 28 70
197 6 29 70
197 6 30 70
198 1 2 15
198 1 3 15
198 2 14 20
198 2 15 20
198 2 16 20
198 3 21 120
198 3 22 120
198 4 23 60
198 4 24 60
198 4 25 60
198 5 26 70
198 5 27 70
198 6 28 70
198 6 29 70
198 6 30 70
199 1 2 15
199 1 3 15
199 2 14 20
199 2 15 20
199 2 16 20
199 3 21 120
199 3 22 120
199 4 23 60
199 4 24 60
199 4 25 60
199 5 26 70
199 5 27 70
199 6 28 70
199 6 29 70
199 6 30 70
200 1 2 15
200 1 3 15
200 2 14 20
200 2 15 20
200 2 16 20
200 3 21 120
200 3 22 120
200 4 23 60
200 4 24 60
200 4 25 60
200 5 26 70
200 5 27 70
200 6 28 70
200 6 29 70
200 6 30 70
201 1 2 15
201 1 3 15
201 2 14 20
201 2 15 20
201 2 16 20
201 3 21 120
201 3 22 120
201 4 23 60
201 4 24 60
201 4 25 60
201 5 26 70
201 5 27 70
201 6 28 70
201 6 29 70
201 6 30 70
202 1 2 15
202 1 3 15
202 2 14 20
202 2 15 20
202 2 16 20
202 3 21 120
202 3 22 120
202 4 23 60
202 4 24 60
202 4 25 60
202 5 26 70
202 5 27 70
202 6 28 70
202 6 29 70
202 6 30 70
203 1 2 15
203 1 3 15
203 2 14 20
203 2 15 20
203 2 16 20
203 3 21 120
203 3 22 120
203 4 23 60
203 4 24 60
203 4 25 60
203 5 26 70
203 5 27 70
203 6 28 70
203 6 29 70
203 6 30 70
204 1 2 15
204 1 3 15
204 2 14 20
204 2 15 20
204 2 16 20
204 3 21 120
204 3 22 120
204 4 23 60
204 4 24 60
204 4 25 60
204 5 26 70
204 5 27 70
204 6 28 70
204 6 29 70
204 6 30 70
205 1 2 15
205 1 3 15
205 2 14 20
205 2 15 20
205 2 16 20
205 3 21 120
205 3 22 120
205 4 23 60
205 4 24 60
205 4 25 60
205 5 26 70
205 5 27 70
205 6 28 70
205 6 29 70
205 6 30 70
206 1 2 15
206 1 3 15
206 2 14 20
206 2 15 20
206 2 16 20
206 3 21 120
206 3 22 120
206 4 23 60
206 4 24 60
206 4 25 60
206 5 26 70
206 5 27 70
206 6 28 70
206 6 29 70
206 6 30 70
207 1 2 15
207 1 3 15
207 2 14 20
207 2 15 20
207 2 16 20
207 3 21 120
207 3 22 120
207 4 23 60
207 4 24 60
207 4 25 60
207 5 26 70
207 5 27 70
207 6 28 70
207 6 29 70
207 6 30 70
208 1 2 15
208 1 3 15
208 2 14 20
208 2 15 20
208 2 16 20
208 3 21 120
208 3 22 120
208 4 23 60
208 4 24 60
208 4 25 60
208 5 26 70
208 5 27 70
208 6 28 70
208 6 29 70
208 6 30 70
209 1 2 15
209 1 3 15
209 2 14 20
209 2 15 20
209 2 16 20
209 3 21 120
209 3 22 120
209 4 23 60
209 4 24 60
209 4 25 60
209 5 26 70
209 5 27 70
209 6 28 70
209 6 29 70
209 6 30 70
210 1 2 15
210 1 3 15
210 2 14 20
210 2 15 20
210 2 16 20
210 3 21 120
210 3 22 120
210 4 23 60
210 4 24 60
210 4 25 60
210 5 26 70
210 5 27 70
210 6 28 70
210 6 29 70
210 6 30 70
211 1 2 15
211 1 3 15
211 2 14 20
211 2 15 20
211 2 16 20
211 3 21 120
211 3 22 120
211 4 23 60
211 4 24 60
211 4 25 60
211 5 26 70
211 5 27 70
211 6 28 70
211 6 29 70
211 6 30 70
212 1 2 15
212 1 3 15
212 2 14 20
212 2 15 20
212 2 16 20
212 3 21 120
212 3 22 120
212 4 23 60
212 4 24 60
212 4 25 60
212 5 26 70
212 5 27 70
212 6 28 70
212 6 29 70
212 6 30 70
213 1 2 15
213 1 3 15
213 2 14 20
213 2 15 20
213 2 16 20
213 3 21 120
213 3 22 120
213 4 23 60
213 4 24 60
213 4 25 60
213 5 26 70
213 5 27 70
213 6 28 70
213 6 29 70
213 6 30 70
214 1 2 15
214 1 3 15
214 2 14 20
214 2 15 20
214 2 16 20
214 3 21 120
214 3 22 120
214 4 23 60
214 4 24 60
214 4 25 60
214 5 26 70
214 5 27 70
214 6 28 70
214 6 29 70
214 6 30 70
215 1 2 15
215 1 3 15
215 2 14 20
215 2 15 20
215 2 16 20
215 3 21 120
215 3 22 120
215 4 23 60
215 4 24 60
215 4 25 60
215 5 26 70
215 5 27 70
215 6 28 70
215 6 29 70
215 6 30 70
216 1 2 15
216 1 3 15
216 2 14 20
216 2 15 20
216 2 16 20
216 3 21 120
216 3 22 120
216 4 23 60
216 4 24 60
216 4 25 60
216 5 26 70
216 5 27 70
216 6 28 70
216 6 29 70
216 6 30 70
217 1 2 15
217 1 3 15
217 2 14 20
217 2 15 20
217 2 16 20
217 3 21 120
217 3 22 120
217 4 23 60
217 4 24 60
217 4 25 60
217 5 26 70
217 5 27 70
217 6 28 70
217 6 29 70
217 6 30 70
218 1 2 15
218 1 3 15
218 2 14 20
218 2 15 20
218 2 16 20
218 3 21 120
218 3 22 120
218 4 23 60
218 4 24 60
218 4 25 60
218 5 26 70
218 5 27 70
218 6 28 70
218 6 29 70
218 6 30 70
219 1 2 15
219 1 3 15
219 2 14 20
219 2 15 20
219 2 16 20
219 3 21 120
219 3 22 120
219 4 23 60
219 4 24 60
219 4 25 60
219 5 26 70
219 5 27 70
219 6 28 70
219 6 29 70
219 6 30 70
220 1 2 15
220 1 3 15
220 2 14 20
220 2 15 20
220 2 16 20
220 3 21 120
220 3 22 120
220 4 23 60
220 4 24 60
220 4 25 60
220 5 26 70
220 5 27 70
220 6 28 70
220 6 29 70
220 6 30 70
221 1 2 15
221 1 3 15
221 2 14 20
221 2 15 20
221 2 16 20
221 3 21 120
221 3 22 120
221 4 23 60
221 4 24 60
221 4 25 60
221 5 26 70
221 5 27 70
221 6 28 70
221 6 29 70
221 6 30 70
222 1 2 15
222 1 3 15
222 2 14 20
222 2 15 20
222 2 16 20
222 3 21 120
222 3 22 120
222 4 23 60
222 4 24 60
222 4 25 60
222 5 26 70
222 5 27 70
222 6 28 70
222 6 29 70
222 6 30 70
223 1 2 15
223 1 3 15
223 2 14 20
223 2 15 20
223 2 16 20
223 3 21 120
223 3 22 120
223 4 23 60
223 4 24 60
223 4 25 60
223 5 26 70
223 5 27 70
223 6 28 70
223 6 29 70
223 6 30 70
224 1 2 15
224 1 3 15
224 2 14 20
224 2 15 20
224 2 16 20
224 3 21 120
224 3 22 120
224 4 23 60
224 4 24 60
224 4 25 60
224 5 26 70
224 5 27 70
224 6 28 70
224 6 29 70
224 6 30 70
225 1 2 15
225 1 3 15
225 2 14 20
225 2 15 20
225 2 16 20
225 3 21 120
225 3 22 120
225 4 23 60
225 4 24 60
225 4 25 60
225 5 26 70
225 5 27 70
225 6 28 70
225 6 29 70
225 6 30 70
226 1 2 15
226 1 3 15
226 2 14 20
226 2 15 20
226 2 16 20
226 3 21 120
226 3 22 120
226 4 23 60
226 4 24 60
226 4 25 60
226 5 26 70
226 5 27 70
226 6 28 70
226 6 29 70
226 6 30 70
227 1 2 15
227 1 3 15
227 2 14 20
227 2 15 20
227 2 16 20
227 3 21 120
227 3 22 120
227 4 23 60
227 4 24 60
227 4 25 60
227 5 26 70
227 5 27 70
227 6 28 70
227 6 29 70
227 6 30 70
228 1 2 15
228 1 3 15
228 2 14 20
228 2 15 20
228 2 16 20
228 3 21 120
228 3 22 120
228 4 23 60
228 4 24 60
228 4 25 60
228 5 26 70
228 5 27 70
228 6 28 70
228 6 29 70
228 6 30 70
229 1 2 15
229 1 3 15
229 2 14 20
229 2 15 20
229 2 16 20
229 3 21 120
229 3 22 120
229 4 23 60
229 4 24 60
229 4 25 60
229 5 26 70
229 5 27 70
229 6 28 70
229 6 29 70
229 6 30 70
230 1 2 15
230 1 3 15
230 2 14 20
230 2 15 20
230 2 16 20
230 3 21 120
230 3 22 120
230 4 23 60
230 4 24 60
230 4 25 60
230 5 26 70
230 5 27 70
230 6 28 70
230 6 29 70
230 6 30 70
231 1 2 15
231 1 3 15
231 2 14 20
231 2 15 20
231 2 16 20
231 3 21 120
231 3 22 120
231 4 23 60
231 4 24 60
231 4 25 60
231 5 26 70
231 5 27 70
231 6 28 70
231 6 29 70
231 6 30 70
232 1 2 15
232 1 3 15
232 2 14 20
232 2 15 20
232 2 16 20
232 3 21 120
232 3 22 120
232 4 23 60
232 4 24 60
232 4 25 60
232 5 26 70
232 5 27 70
232 6 28 70
232 6 29 70
232 6 30 70
233 1 2 15
233 1 3 15
233 2 14 20
233 2 15 20
233 2 16 20
233 3 21 120
233 3 22 120
233 4 23 60
233 4 24 60
233 4 25 60
233 5 26 70
233 5 27 70
233 6 28 70
233 6 29 70
233 6 30 70
234 1 2 15
234 1 3 15
234 2 14 20
234 2 15 20
234 2 16 20
234 3 21 120
234 3 22 120
234 4 23 60
234 4 24 60
234 4 25 60
234 5 26 70
234 5 27 70
234 6 28 70
234 6 29 70
234 6 30 70
235 1 2 15
235 1 3 15
235 2 14 20
235 2 15 20
235 2 16 20
235 3 21 120
235 3 22 120
235 4 23 60
235 4 24 60
235 4 25 60
235 5 26 70
235 5 27 70
235 6 28 70
235 6 29 70
235 6 30 70
236 1 2 15
236 1 3 15
236 2 14 20
236 2 15 20
236 2 16 20
236 3 21 120
236 3 22 120
236 4 23 60
236 4 24 60
236 4 25 60
236 5 26 70
236 5 27 70
236 6 28 70
236 6 29 70
236 6 30 70
237 1 2 15
237 1 3 15
237 2 14 20
237 2 15 20
237 2 16 20
237 3 21 120
237 3 22 120
237 4 23 60
237 4 24 60
237 4 25 60
237 5 26 70
237 5 27 70
237 6 28 70
237 6 29 70
237 6 30 70
238 1 2 15
238 1 3 15
238 2 14 20
238 2 15 20
238 2 16 20
238 3 21 120
238 3 22 120
238 4 23 60
238 4 24 60
238 4 25 60
238 5 26 70
238 5 27 70
238 6 28 70
238 6 29 70
238 6 30 70
239 1 2 15
239 1 3 15
239 2 14 20
239 2 15 20
239 2 16 20
239 3 21 120
239 3 22 120
239 4 23 60
239 4 24 60
239 4 25 60
239 5 26 70
239 5 27 70
239 6 28 70
239 6 29 70
239 6 30 70
240 1 2 15
240 1 3 15
240 2 14 20
240 2 15 20
240 2 16 20
240 3 21 120
240 3 22 120
240 4 23 60
240 4 24 60
240 4 25 60
240 5 26 70
240 5 27 70
240 6 28 70
240 6 29 70
240 6 30 70
241 1 2 15
241 1 3 15
241 2 14 20
241 2 15 20
241 2 16 20
241 3 21 120
241 3 22 120
241 4 23 60
241 4 24 60
241 4 25 60
241 5 26 70
241 5 27 70
241 6 28 70
241 6 29 70
241 6 30 70
242 1 2 15
242 1 3 15
242 2 14 20
242 2 15 20
242 2 16 20
242 3 21 120
242 3 22 120
242 4 23 60
242 4 24 60
242 4 25 60
242 5 26 70
242 5 27 70
242 6 28 70
242 6 29 70
242 6 30 70
243 1 2 15
243 1 3 15
243 2 14 20
243 2 15 20
243 2 16 20
243 3 21 120
243 3 22 120
243 4 23 60
243 4 24 60
243 4 25 60
243 5 26 70
243 5 27 70
243 6 28 70
243 6 29 70
243 6 30 70
244 1 2 15
244 1 3 15
244 2 14 20
244 2 15 20
244 2 16 20
244 3 21 120
244 3 22 120
244 4 23 60
244 4 24 60
244 4 25 60
244 5 26 70
244 5 27 70
244 6 28 70
244 6 29 70
244 6 30 70
245 1 2 15
245 1 3 15
245 2 14 20
245 2 15 20
245 2 16 20
245 3 21 120
245 3 22 120
245 4 23 60
245 4 24 60
245 4 25 60
245 5 26 70
245 5 27 70
245 6 28 70
245 6 29 70
245 6 30 70
246 1 2 15
246 1 3 15
246 2 14 20
246 2 15 20
246 2 16 20
246 3 21 120
246 3 22 120
246 4 23 60
246 4 24 60
246 4 25 60
246 5 26 70
246 5 27 70
246 6 28 70
246 6 29 70
246 6 30 70
247 1 2 15
247 1 3 15
247 2 14 20
247 2 15 20
247 2 16 20
247 3 21 120
247 3 22 120
247 4 23 60
247 4 24 60
247 4 25 60
247 5 26 70
247 5 27 70
247 6 28 70
247 6 29 70
247 6 30 70
248 1 2 15
248 1 3 15
248 2 14 20
248 2 15 20
248 2 16 20
248 3 21 120
248 3 22 120
248 4 23 60
248 4 24 60
248 4 25 60
248 5 26 70
248 5 27 70
248 6 28 70
248 6 29 70
248 6 30 70
249 1 2 15
249 1 3 15
249 2 14 20
249 2 15 20
249 2 16 20
249 3 21 120
249 3 22 120
249 4 23 60
249 4 24 60
249 4 25 60
249 5 26 70
249 5 27 70
249 6 28 70
249 6 29 70
249 6 30 70
250 1 2 15
250 1 3 15
250 2 14 20
250 2 15 20
250 2 16 20
250 3 21 120
250 3 22 120
250 4 23 60
250 4 24 60
250 4 25 60
250 5 26 70
250 5 27 70
250 6 28 70
250 6 29 70
250 6 30 70
251 1 2 15
251 1 3 15
251 2 14 20
251 2 15 20
251 2 16 20
251 3 21 120
251 3 22 120
251 4 23 60
251 4 24 60
251 4 25 60
251 5 26 70
251 5 27 70
251 6 28 70
251 6 29 70
251 6 30 70
252 1 2 15
252 1 3 15
252 2 14 20
252 2 15 20
252 2 16 20
252 3 21 120
252 3 22 120
252 4 23 60
252 4 24 60
252 4 25 60
252 5 26 70
252 5 27 70
252 6 28 70
252 6 29 70
252 6 30 70
253 1 2 15
253 1 3 15
253 2 14 20
253 2 15 20
253 2 16 20
253 3 21 120
253 3 22 120
253 4 23 60
253 4 24 60
253 4 25 60
253 5 26 70
253 5 27 70
253 6 28 70
253 6 29 70
253 6 30 70
254 1 2 15
254 1 3 15
254 2 14 20
254 2 15 20
254 2 16 20
254 3 21 120
254 3 22 120
254 4 23 60
254 4 24 60
254 4 25 60
254 5 26 70
254 5 27 70
254 6 28 70
254 6 29 70
254 6 30 70
255 1 2 15
255 1 3 15
255 2 14 20
255 2 15 20
255 2 16 20
255 3 21 120
255 3 22 120
255 4 23 60
255 4 24 60
255 4 25 60
255 5 26 70
255 5 27 70
255 6 28 70
255 6 29 70
255 6 30 70
256 1 2 15
256 1 3 15
256 2 14 20
256 2 15 20
256 2 16 20
256 3 21 120
256 3 22 120
256 4 23 60
256 4 24 60
256 4 25 60
256 5 26 70
256 5 27 70
256 6 28 70
256 6 29 70
256 6 30 70
257 1 2 15
257 1 3 15
257 2 14 20
257 2 15 20
257 2 16 20
257 3 21 120
257 3 22 120
257 4 23 60
257 4 24 60
257 4 25 60
257 5 26 70
257 5 27 70
257 6 28 70
257 6 29 70
257 6 30 70
258 1 2 15
258 1 3 15
258 2 14 20
258 2 15 20
258 2 16 20
258 3 21 120
258 3 22 120
258 4 23 60
258 4 24 60
258 4 25 60
258 5 26 70
258 5 27 70
258 6 28 70
258 6 29 70
258 6 30 70
259 1 2 15
259 1 3 15
259 2 14 20
259 2 15 20
259 2 16 20
259 3 21 120
259 3 22 120
259 4 23 60
259 4 24 60
259 4 25 60
259 5 26 70
259 5 27 70
259 6 28 70
259 6 29 70
259 6 30 70
260 1 2 15
260 1 3 15
260 2 14 20
260 2 15 20
260 2 16 20
260 3 21 120
260 3 22 120
260 4 23 60
260 4 24 60
260 4 25 60
260 5 26 70
260 5 27 70
260 6 28 70
260 6 29 70
260 6 30 70
261 1 2 15
261 1 3 15
261 2 14 20
261 2 15 20
261 2 16 20
261 3 21 120
261 3 22 120
261 4 23 60
261 4 24 60
261 4 25 60
261 5 26 70
261 5 27 70
261 6 28 70
261 6 29 70
261 6 30 70
262 1 2 15
262 1 3 15
262 2 14 20
262 2 15 20
262 2 16 20
262 3 21 120
262 3 22 120
262 4 23 60
262 4 24 60
262 4 25 60
262 5 26 70
262 5 27 70
262 6 28 70
262 6 29 70
262 6 30 70
263 1 2 15
263 1 3 15
263 2 14 20
263 2 15 20
263 2 16 20
263 3 21 120
263 3 22 120
263 4 23 60
263 4 24 60
263 4 25 60
263 5 26 70
263 5 27 70
263 6 28 70
263 6 29 70
263 6 30 70
264 1 2 15
264 1 3 15
264 2 14 20
264 2 15 20
264 2 16 20
264 3 21 120
264 3 22 120
264 4 23 60
264 4 24 60
264 4 25 60
264 5 26 70
264 5 27 70
264 6 28 70
264 6 29 70
264 6 30 70
265 1 2 15
265 1 3 15
265 2 14 20
265 2 15 20
265 2 16 20
265 3 21 120
265 3 22 120
265 4 23 60
265 4 24 60
265 4 25 60
265 5 26 70
265 5 27 70
265 6 28 70
265 6 29 70
265 6 30 70
266 1 2 15
266 1 3 15
266 2 14 20
266 2 15 20
266 2 16 20
266 3 21 120
266 3 22 120
266 4 23 60
266 4 24 60
266 4 25 60
266 5 26 70
266 5 27 70
266 6 28 70
266 6 29 70
266 6 30 70
267 1 2 15
267 1 3 15
267 2 14 20
267 2 15 20
267 2 16 20
267 3 21 120
267 3 22 120
267 4 23 60
267 4 24 60
267 4 25 60
267 5 26 70
267 5 27 70
267 6 28 70
267 6 29 70
267 6 30 70
268 1 2 15
268 1 3 15
268 2 14 20
268 2 15 20
268 2 16 20
268 3 21 120
268 3 22 120
268 4 23 60
268 4 24 60
268 4 25 60
268 5 26 70
268 5 27 70
268 6 28 70
268 6 29 70
268 6 30 70
269 1 2 15
269 1 3 15
269 2 14 20
269 2 15 20
269 2 16 20
269 3 21 120
269 3 22 120
269 4 23 60
269 4 24 60
269 4 25 60
269 5 26 70
269 5 27 70
269 6 28 70
269 6 29 70
269 6 30 70
270 1 2 15
270 1 3 15
270 2 14 20
270 2 15 20
270 2 16 20
270 3 21 120
270 3 22 120
270 4 23 60
270 4 24 60
270 4 25 60
270 5 26 70
270 5 27 70
270 6 28 70
270 6 29 70
270 6 30 70
271 1 2 15
271 1 3 15
271 2 14 20
271 2 15 20
271 2 16 20
271 3 21 120
271 3 22 120
271 4 23 60
271 4 24 60
271 4 25 60
271 5 26 70
271 5 27 70
271 6 28 70
271 6 29 70
271 6 30 70
272 1 2 15
272 1 3 15
272 2 14 20
272 2 15 20
272 2 16 20
272 3 21 120
272 3 22 120
272 4 23 60
272 4 24 60
272 4 25 60
272 5 26 70
272 5 27 70
272 6 28 70
272 6 29 70
272 6 30 70
273 1 2 15
273 1 3 15
273 2 14 20
273 2 15 20
273 2 16 20
273 3 21 120
273 3 22 120
273 4 23 60
273 4 24 60
273 4 25 60
273 5 26 70
273 5 27 70
273 6 28 70
273 6 29 70
273 6 30 70
274 1 2 15
274 1 3 15
274 2 14 20
274 2 15 20
274 2 16 20
274 3 21 120
274 3 22 120
274 4 23 60
274 4 24 60
274 4 25 60
274 5 26 70
274 5 27 70
274 6 28 70
274 6 29 70
274 6 30 70
275 1 2 15
275 1 3 15
275 2 14 20
275 2 15 20
275 2 16 20
275 3 21 120
275 3 22 120
275 4 23 60
275 4 24 60
275 4 25 60
275 5 26 70
275 5 27 70
275 6 28 70
275 6 29 70
275 6 30 70
276 1 2 15
276 1 3 15
276 2 14 20
276 2 15 20
276 2 16 20
276 3 21 120
276 3 22 120
276 4 23 60
276 4 24 60
276 4 25 60
276 5 26 70
276 5 27 70
276 6 28 70
276 6 29 70
276 6 30 70
277 1 2 15
277 1 3 15
277 2 14 20
277 2 15 20
277 2 16 20
277 3 21 120
277 3 22 120
277 4 23 60
277 4 24 60
277 4 25 60
277 5 26 70
277 5 27 70
277 6 28 70
277 6 29 70
277 6 30 70
278 1 2 15
278 1 3 15
278 2 14 20
278 2 15 20
278 2 16 20
278 3 21 120
278 3 22 120
278 4 23 60
278 4 24 60
278 4 25 60
278 5 26 70
278 5 27 70
278 6 28 70
278 6 29 70
278 6 30 70
279 1 2 15
279 1 3 15
279 2 14 20
279 2 15 20
279 2 16 20
279 3 21 120
279 3 22 120
279 4 23 60
279 4 24 60
279 4 25 60
279 5 26 70
279 5 27 70
279 6 28 70
279 6 29 70
279 6 30 70
280 1 2 15
280 1 3 15
280 2 14 20
280 2 15 20
280 2 16 20
280 3 21 120
280 3 22 120
280 4 23 60
280 4 24 60
280 4 25 60
280 5 26 70
280 5 27 70
280 6 28 70
280 6 29 70
280 6 30 70
281 1 2 15
281 1 3 15
281 2 14 20
281 2 15 20
281 2 16 20
281 3 21 120
281 3 22 120
281 4 23 60
281 4 24 60
281 4 25 60
281 5 26 70
281 5 27 70
281 6 28 70
281 6 29 70
281 6 30 70
282 1 2 15
282 1 3 15
282 2 14 20
282 2 15 20
282 2 16 20
282 3 21 120
282 3 22 120
282 4 23 60
282 4 24 60
282 4 25 60
282 5 26 70
282 5 27 70
282 6 28 70
282 6 29 70
282 6 30 70
283 1 2 15
283 1 3 15
283 2 14 20
283 2 15 20
283 2 16 20
283 3 21 120
283 3 22 120
283 4 23 60
283 4 24 60
283 4 25 60
283 5 26 70
283 5 27 70
283 6 28 70
283 6 29 70
283 6 30 70
284 1 2 15
284 1 3 15
284 2 14 20
284 2 15 20
284 2 16 20
284 3 21 120
284 3 22 120
284 4 23 60
284 4 24 60
284 4 25 60
284 5 26 70
284 5 27 70
284 6 28 70
284 6 29 70
284 6 30 70
285 1 2 15
285 1 3 15
285 2 14 20
285 2 15 20
285 2 16 20
285 3 21 120
285 3 22 120
285 4 23 60
285 4 24 60
285 4 25 60
285 5 26 70
285 5 27 70
285 6 28 70
285 6 29 70
285 6 30 70
286 1 2 15
286 1 3 15
286 2 14 20
286 2 15 20
286 2 16 20
286 3 21 120
286 3 22 120
286 4 23 60
286 4 24 60
286 4 25 60
286 5 26 70
286 5 27 70
286 6 28 70
286 6 29 70
286 6 30 70
287 1 2 15
287 1 3 15
287 2 14 20
287 2 15 20
287 2 16 20
287 3 21 120
287 3 22 120
287 4 23 60
287 4 24 60
287 4 25 60
287 5 26 70
287 5 27 70
287 6 28 70
287 6 29 70
287 6 30 70
288 1 2 15
288 1 3 15
288 2 14 20
288 2 15 20
288 2 16 20
288 3 21 120
288 3 22 120
288 4 23 60
288 4 24 60
288 4 25 60
288 5 26 70
288 5 27 70
288 6 28 70
288 6 29 70
288 6 30 70
289 1 2 15
289 1 3 15
289 2 14 20
289 2 15 20
289 2 16 20
289 3 21 120
289 3 22 120
289 4 23 60
289 4 24 60
289 4 25 60
289 5 26 70
289 5 27 70
289 6 28 70
289 6 29 70
289 6 30 70
290 1 2 15
290 1 3 15
290 2 14 20
290 2 15 20
290 2 16 20
290 3 21 120
290 3 22 120
290 4 23 60
290 4 24 60
290 4 25 60
290 5 26 70
290 5 27 70
290 6 28 70
290 6 29 70
290 6 30 70
291 1 2 15
291 1 3 15
291 2 14 20
291 2 15 20
291 2 16 20
291 3 21 120
291 3 22 120
291 4 23 60
291 4 24 60
291 4 25 60
291 5 26 70
291 5 27 70
291 6 28 70
291 6 29 70
291 6 30 70
292 1 2 15
292 1 3 15
292 2 14 20
292 2 15 20
292 2 16 20
292 3 21 120
292 3 22 120
292 4 23 60
292 4 24 60
292 4 25 60
292 5 26 70
292 5 27 70
292 6 28 70
292 6 29 70
292 6 30 70
293 1 2 15
293 1 3 15
293 2 14 20
293 2 15 20
293 2 16 20
293 3 21 120
293 3 22 120
293 4 23 60
293 4 24 60
293 4 25 60
293 5 26 70
293 5 27 70
293 6 28 70
293 6 29 70
293 6 30 70
294 1 2 15
294 1 3 15
294 2 14 20
294 2 15 20
294 2 16 20
294 3 21 120
294 3 22 120
294 4 23 60
294 4 24 60
294 4 25 60
294 5 26 70
294 5 27 70
294 6 28 70
294 6 29 70
294 6 30 70
295 1 2 15
295 1 3 15
295 2 14 20
295 2 15 20
295 2 16 20
295 3 21 120
295 3 22 120
295 4 23 60
295 4 24 60
295 4 25 60
295 5 26 70
295 5 27 70
295 6 28 70
295 6 29 70
295 6 30 70
296 1 2 15
296 1 3 15
296 2 14 20
296 2 15 20
296 2 16 20
296 3 21 120
296 3 22 120
296 4 23 60
296 4 24 60
296 4 25 60
296 5 26 70
296 5 27 70
296 6 28 70
296 6 29 70
296 6 30 70
297 1 2 15
297 1 3 15
297 2 14 20
297 2 15 20
297 2 16 20
297 3 21 120
297 3 22 120
297 4 23 60
297 4 24 60
297 4 25 60
297 5 26 70
297 5 27 70
297 6 28 70
297 6 29 70
297 6 30 70
298 1 2 15
298 1 3 15
298 2 14 20
298 2 15 20
298 2 16 20
298 3 21 120
298 3 22 120
298 4 23 60
298 4 24 60
298 4 25 60
298 5 26 70
298 5 27 70
298 6 28 70
298 6 29 70
298 6 30 70
299 1 2 15
299 1 3 15
299 2 14 20
299 2 15 20
299 2 16 20
299 3 21 120
299 3 22 120
299 4 23 60
299 4 24 60
299 4 25 60
299 5 26 70
299 5 27 70
299 6 28 70
299 6 29 70
299 6 30 70
300 1 2 15
300 1 3 15
300 2 14 20
300 2 15 20
300 2 16 20
300 3 21 120
300 3 22 120
300 4 23 60
300 4 24 60
300 4 25 60
300 5 26 70
300 5 27 70
300 6 28 70
300 6 29 70
300 6 30 70
301 1 2 15
301 1 3 15
301 2 14 20
301 2 15 20
301 2 16 20
301 3 21 120
301 3 22 120
301 4 23 60
301 4 24 60
301 4 25 60
301 5 26 70
301 5 27 70
301 6 28 70
301 6 29 70
301 6 30 70
302 1 2 15
302 1 3 15
302 2 14 20
302 2 15 20
302 2 16 20
302 3 21 120
302 3 22 120
302 4 23 60
302 4 24 60
302 4 25 60
302 5 26 70
302 5 27 70
302 6 28 70
302 6 29 70
302 6 30 70
303 1 2 15
303 1 3 15
303 2 14 20
303 2 15 20
303 2 16 20
303 3 21 120
303 3 22 120
303 4 23 60
303 4 24 60
303 4 25 60
303 5 26 70
303 5 27 70
303 6 28 70
303 6 29 70
303 6 30 70
304 1 2 15
304 1 3 15
304 2 14 20
304 2 15 20
304 2 16 20
304 3 21 120
304 3 22 120
304 4 23 60
304 4 24 60
304 4 25 60
304 5 26 70
304 5 27 70
304 6 28 70
304 6 29 70
304 6 30 70
305 1 2 15
305 1 3 15
305 2 14 20
305 2 15 20
305 2 16 20
305 3 21 120
305 3 22 120
305 4 23 60
305 4 24 60
305 4 25 60
305 5 26 70
305 5 27 70
305 6 28 70
305 6 29 70
305 6 30 70
306 1 2 15
306 1 3 15
306 2 14 20
306 2 15 20
306 2 16 20
306 3 21 120
306 3 22 120
306 4 23 60
306 4 24 60
306 4 25 60
306 5 26 70
306 5 27 70
306 6 28 70
306 6 29 70
306 6 30 70
307 1 2 15
307 1 3 15
307 2 14 20
307 2 15 20
307 2 16 20
307 3 21 120
307 3 22 120
307 4 23 60
307 4 24 60
307 4 25 60
307 5 26 70
307 5 27 70
307 6 28 70
307 6 29 70
307 6 30 70
308 1 2 15
308 1 3 15
308 2 14 20
308 2 15 20
308 2 16 20
308 3 21 120
308 3 22 120
308 4 23 60
308 4 24 60
308 4 25 60
308 5 26 70
308 5 27 70
308 6 28 70
308 6 29 70
308 6 30 70
309 1 2 15
309 1 3 15
309 2 14 20
309 2 15 20
309 2 16 20
309 3 21 120
309 3 22 120
309 4 23 60
309 4 24 60
309 4 25 60
309 5 26 70
309 5 27 70
309 6 28 70
309 6 29 70
309 6 30 70
310 1 2 15
310 1 3 15
310 2 14 20
310 2 15 20
310 2 16 20
310 3 21 120
310 3 22 120
310 4 23 60
310 4 24 60
310 4 25 60
310 5 26 70
310 5 27 70
310 6 28 70
310 6 29 70
310 6 30 70
311 1 2 15
311 1 3 15
311 2 14 20
311 2 15 20
311 2 16 20
311 3 21 120
311 3 22 120
311 4 23 60
311 4 24 60
311 4 25 60
311 5 26 70
311 5 27 70
311 6 28 70
311 6 29 70
311 6 30 70
312 1 2 15
312 1 3 15
312 2 14 20
312 2 15 20
312 2 16 20
312 3 21 120
312 3 22 120
312 4 23 60
312 4 24 60
312 4 25 60
312 5 26 70
312 5 27 70
312 6 28 70
312 6 29 70
312 6 30 70
