439
30
1 1 1 1 1 1 1 1 1 1 1 1 1 1 1 1 1 1 1 1 1 1 1 1 1 1 1 1 1 1 1 1 1 1 1 1 1 1 1 1 1 1 1 1 1 1 1 1 1 1 1 1 1 1 1 1 1 1 1 1 1 1 1 1 1 1 1 1 1 1 1 1 1 1 1 1 1 1 1 1 1 1 1 1 1 1 1 1 1 1 1 1 1 1 1 1 1 1 1 1 1 1 1 1 1 1 1 1 1 1 1 1 1 1 1 1 1 1 1 1 1 1 1 1 1 1 1 1 1 1 1 1 1 1 1 1 1 1 1 1 1 1 1 1 1 1 1 1 1 1 1 1 1 1 1 1 1 1 1 1 1 1 1 1 1 1 1 1 1 1 1 1 1 1 1 1 1 1 1 1 1 1 1 1 1 1 1 1 1 1 1 1 1 1 1 1 1 1 1 1 5 5 5 5 5 5 5 5 5 5 5 5 5 5 5 5 5 5 5 5 5 5 5 5 5 5 5 5 5 5 5 5 5 5 5 5 5 5 5 5 5 5 5 5 5 5 5 5 5 5 5 5 5 5 5 5 5 5 5 5 5 5 5 5 5 5 5 5 5 5 5 5 5 5 5 5 5 5 5 5 5 5 5 5 5 5 5 5 5 5 5 5 5 5 5 5 5 5 5 5 5 5 5 5 5 5 5 5 5 5 5 5 5 5 5 5 5 5 5 5 5 5 5 5 5 5 5 5 5 5 5 5 5 5 5 5 5 5 5 5 5 5 5 5 5 5 5 5 5 5 5 5 5 5 5 5 5 5 5 5 5 5 5 5 5 5 5 5 5 5 5 5 5 5 5 5 5 5 5 5 5 5 5 5 5 5 5 5 5 5 5 5 5 5 5 5 5 5 5 5 5 5 5 5 5 5 5 5 5 5 5 5 5 5 5 5 5 5 5 5 5 5 5 5 5 5 5 5 5 5 5 5 5 5 5 5 5 5 5
28800 28800 28800 28800 28800 28800 28800 28800 28800 28800 28800 28800 28800 28800 28800 28800 28800 28800 28800 28800 28800 28800 28800 28800 28800 28800 28800 28800 28800 28800 28800 28800 28800 28800 28800 28800 28800 28800 28800 28800 28800 28800 28800 28800 28800 28800 28800 28800 28800 28800 28800 28800 28800 28800 28800 28800 28800 28800 28800 28800 28800 28800 28800 28800 28800 28800 28800 28800 28800 28800 28800 28800 28800 28800 28800 28800 28800 28800 28800 28800 28800 28800 28800 28800 28800 28800 28800 28800 28800 28800 28800 28800 28800 28800 28800 28800 28800 28800 28800 28800 28800 28800 28800 28800 28800 28800 28800 28800 28800 28800 28800 28800 28800 28800 28800 28800 28800 28800 28800 28800 28800 28800 28800 28800 28800 28800 28800 28800 28800 28800 28800 28800 28800 28800 28800 28800 28800 28800 28800 28800 28800 28800 28800 28800 28800 28800 28800 28800 28800 28800 28800 28800 28800 28800 28800 28800 28800 28800 28800 28800 28800 28800 28800 28800 28800 28800 28800 28800 28800 28800 28800 28800 28800 28800 28800 28800 28800 28800 28800 28800 28800 28800 28800 28800 28800 28800 28800 28800 28800 28800 28800 28800 28800 28800 28800 28800 28800 28800 28800 28800 28800 28800 28800 28800 28800 28800 28800 28800 28800 28800 28800 28800 28800 28800 28800 28800 28800 28800 28800 28800 28800 28800 28800 28800 28800 28800 28800 28800 28800 28800 28800 28800 28800 28800 28800 28800 28800 28800 28800 28800 28800 28800 28800 28800 28800 28800 28800 28800 28800 28800 28800 28800 28800 28800 28800 28800 28800 28800 28800 28800 28800 28800 28800 28800 28800 28800 28800 28800 28800 28800 28800 28800 28800 28800 28800 28800 28800 28800 28800 28800 28800 28800 28800 28800 28800 28800 28800 28800 28800 28800 28800 28800 28800 28800 28800 28800 28800 28800 28800 28800 28800 28800 28800 28800 28800 28800 28800 28800 28800 28800 28800 28800 28800 28800 28800 28800 28800 28800 28800 28800 28800 28800 28800 28800 28800 28800 28800 28800 28800 28800 28800 28800 28800 28800 28800 28800 28800 28800 28800 28800 28800 28800 28800 28800 28800 28800 28800 28800 28800 28800 28800 28800 28800 28800 28800 28800 28800 28800 28800 28800 28800 28800 28800 28800 28800 28800 28800 28800 28800 28800 28800 28800 28800 28800 28800 28800 28800 28800 28800 28800 28800 28800 28800 28800 28800 28800 28800 28800 28800 28800 28800 28800 28800 28800 28800 28800 28800 28800 28800 28800 28800 28800 28800 28800 28800 28800 28800 28800 28800 28800 28800 28800 28800 28800 28800 28800 28800 28800 28800 28800 28800 28800 28800 28800 28800 28800 28800 28800 28800 28800 28800 28800 28800 28800 28800 28800 28800 28800 28800
1 1 17 40
1 1 18 40
2 1 17 40
2 1 18 40
3 1 17 40
3 1 18 40
4 1 17 40
4 1 18 40
5 1 17 40
5 1 18 40
6 1 17 40
6 1 18 40
7 1 17 40
7 1 18 40
8 1 17 40
8 1 18 40
9 1 17 40
9 1 18 40
10 1 17 40
10 1 18 40
11 1 17 40
11 1 18 40
12 1 17 40
12 1 18 40
13 1 17 40
13 1 18 40
14 1 17 40
14 1 18 40
15 1 17 40
15 1 18 40
16 1 17 40
16 1 18 40
17 1 17 40
17 1 18 40
18 1 17 40
18 1 18 40
19 1 17 40
19 1 18 40
20 1 17 40
20 1 18 40
21 1 17 40
21 1 18 40
22 1 17 40
22 1 18 40
23 1 17 40
23 1 18 40
24 1 17 40
24 1 18 40
25 1 17 40
25 1 18 40
26 1 17 40
26 1 18 40
27 1 17 40
27 1 18 40
28 1 17 40
28 1 18 40
29 1 17 40
29 1 18 40
30 1 17 40
30 1 18 40
31 1 17 40
31 1 18 40
32 1 17 40
32 1 18 40
33 1 17 40
33 1 18 40
34 1 17 40
34 1 18 40
35 1 17 40
35 1 18 40
36 1 17 40
36 1 18 40
37 1 17 40
37 1 18 40
38 1 17 40
38 1 18 40
39 1 17 40
39 1 18 40
40 1 17 40
40 1 18 40
41 1 17 40
41 1 18 40
42 1 17 40
42 1 18 40
43 1 17 40
43 1 18 40
44 1 17 40
44 1 18 40
45 1 17 40
45 1 18 40
46 1 17 40
46 1 18 40
47 1 17 40
47 1 18 40
48 1 17 40
48 1 18 40
49 1 17 40
49 1 18 40
50 1 17 40
50 1 18 40
51 1 17 40
51 1 18 40
52 1 17 40
52 1 18 40
53 1 17 40
53 1 18 40
54 1 17 40
54 1 18 40
55 1 17 40
55 1 18 40
56 1 17 40
56 1 18 40
57 1 17 40
57 1 18 40
58 1 17 40
58 1 18 40
59 1 17 40
59 1 18 40
60 1 17 40
60 1 18 40
61 1 17 40
61 1 18 40
62 1 17 40
62 1 18 40
63 1 17 40
63 1 18 40
64 1 17 40
64 1 18 40
65 1 17 40
65 1 18 40
66 1 17 40
66 1 18 40
67 1 17 40
67 1 18 40
68 1 17 40
68 1 18 40
69 1 17 40
69 1 18 40
70 1 17 40
70 1 18 40
71 1 17 40
71 1 18 40
72 1 17 40
72 1 18 40
73 1 17 40
73 1 18 40
74 1 17 40
74 1 18 40
75 1 17 40
75 1 18 40
76 1 17 40
76 1 18 40
77 1 17 40
77 1 18 40
78 1 17 40
78 1 18 40
79 1 17 40
79 1 18 40
80 1 17 40
80 1 18 40
81 1 17 40
81 1 18 40
82 1 17 40
82 1 18 40
83 1 17 40
83 1 18 40
84 1 17 40
84 1 18 40
85 1 17 40
85 1 18 40
86 1 17 40
86 1 18 40
87 1 17 40
87 1 18 40
88 1 17 40
88 1 18 40
89 1 17 40
89 1 18 40
90 1 17 40
90 1 18 40
91 1 17 40
91 1 18 40
92 1 17 40
92 1 18 40
93 1 17 40
93 1 18 40
94 1 17 40
94 1 18 40
95 1 17 40
95 1 18 40
96 1 17 40
96 1 18 40
97 1 17 40
97 1 18 40
98 1 17 40
98 1 18 40
99 1 17 40
99 1 18 40
100 1 17 40
100 1 18 40
101 1 17 40
101 1 18 40
102 1 17 40
102 1 18 40
103 1 17 40
103 1 18 40
104 1 17 40
104 1 18 40
105 1 17 40
105 1 18 40
106 1 17 40
106 1 18 40
107 1 17 40
107 1 18 40
108 1 17 40
108 1 18 40
109 1 17 40
109 1 18 40
110 1 17 40
110 1 18 40
111 1 17 40
111 1 18 40
112 1 17 40
112 1 18 40
113 1 17 40
113 1 18 40
114 1 17 40
114 1 18 40
115 1 17 40
115 1 18 40
116 1 17 40
116 1 18 40
117 1 17 40
117 1 18 40
118 1 17 40
118 1 18 40
119 1 17 40
119 1 18 40
120 1 17 40
120 1 18 40
121 1 17 40
121 1 18 40
122 1 17 40
122 1 18 40
123 1 17 40
123 1 18 40
124 1 17 40
124 1 18 40
125 1 17 40
125 1 18 40
126 1 17 40
126 1 18 40
127 1 17 40
127 1 18 40
128 1 17 40
128 1 18 40
129 1 17 40
129 1 18 40
130 1 17 40
130 1 18 40
131 1 17 40
131 1 18 40
132 1 17 40
132 1 18 40
133 1 17 40
133 1 18 40
134 1 17 40
134 1 18 40
135 1 17 40
135 1 18 40
136 1 17 40
136 1 18 40
137 1 17 40
137 1 18 40
138 1 17 40
138 1 18 40
139 1 17 40
139 1 18 40
140 1 17 40
140 1 18 40
141 1 17 40
141 1 18 40
142 1 17 40
142 1 18 40
143 1 17 40
143 1 18 40
144 1 17 40
144 1 18 40
145 1 17 40
145 1 18 40
146 1 17 40
146 1 18 40
147 1 17 40
147 1 18 40
148 1 17 40
148 1 18 40
149 1 17 40
149 1 18 40
150 1 17 40
150 1 18 40
151 1 17 40
151 1 18 40
152 1 17 40
152 1 18 40
153 1 17 40
153 1 18 40
154 1 17 40
154 1 18 40
155 1 17 40
155 1 18 40
156 1 17 40
156 1 18 40
157 1 17 40
157 1 18 40
158 1 17 40
158 1 18 40
159 1 17 40
159 1 18 40
160 1 17 40
160 1 18 40
161 1 17 40
161 1 18 40
162 1 17 40
162 1 18 40
163 1 17 40
163 1 18 40
164 1 17 40
164 1 18 40
165 1 17 40
165 1 18 40
166 1 17 40
166 1 18 40
167 1 17 40
167 1 18 40
168 1 17 40
168 1 18 40
169 1 17 40
169 1 18 40
170 1 17 40
170 1 18 40
171 1 17 40
171 1 18 40
172 1 17 40
172 1 18 40
173 1 17 40
173 1 18 40
174 1 17 40
174 1 18 40
175 1 17 40
175 1 18 40
176 1 17 40
176 1 18 40
177 1 17 40
177 1 18 40
178 1 17 40
178 1 18 40
179 1 17 40
179 1 18 40
180 1 17 40
180 1 18 40
181 1 17 40
181 1 18 40
182 1 17 40
182 1 18 40
183 1 17 40
183 1 18 40
184 1 17 40
184 1 18 40
185 1 17 40
185 1 18 40
186 1 17 40
186 1 18 40
187 1 17 40
187 1 18 40
188 1 17 40
188 1 18 40
189 1 17 40
189 1 18 40
190 1 17 40
190 1 18 40
191 1 17 40
191 1 18 40
192 1 17 40
192 1 18 40
193 1 17 40
193 1 18 40
194 1 17 40
194 1 18 40
195 1 17 40
195 1 18 40
196 1 17 40
196 1 18 40
197 1 17 40
197 1 18 40
198 1 17 40
198 1 18 40
199 1 17 40
199 1 18 40
200 1 17 40
200 1 18 40
201 1 2 150
201 1 3 150
201 2 17 200
201 2 18 200
201 3 5 440
201 3 6 440
201 3 7 440
201 3 8 440
201 3 9 440
201 3 10 440
201 3 11 440
201 3 12 440
201 3 13 440
201 4 26 110
201 4 27 110
201 5 28 90
201 5 29 90
201 5 30 90
202 1 2 150
202 1 3 150
202 2 17 200
202 2 18 200
202 3 5 440
202 3 6 440
202 3 7 440
202 3 8 440
202 3 9 440
202 3 10 440
202 3 11 440
202 3 12 440
202 3 13 440
202 4 26 110
202 4 27 110
202 5 28 90
202 5 29 90
202 5 30 90
203 1 2 150
203 1 3 150
203 2 17 200
203 2 18 200
203 3 5 440
203 3 6 440
203 3 7 440
203 3 8 440
203 3 9 440
203 3 10 440
203 3 11 440
203 3 12 440
203 3 13 440
203 4 26 110
203 4 27 110
203 5 28 90
203 5 29 90
203 5 30 90
204 1 2 150
204 1 3 150
204 2 17 200
204 2 18 200
204 3 5 440
204 3 6 440
204 3 7 440
204 3 8 440
204 3 9 440
204 3 10 440
204 3 11 440
204 3 12 440
204 3 13 440
204 4 26 110
204 4 27 110
204 5 28 90
204 5 29 90
204 5 30 90
205 1 2 150
205 1 3 150
205 2 17 200
205 2 18 200
205 3 5 440
205 3 6 440
205 3 7 440
205 3 8 440
205 3 9 440
205 3 10 440
205 3 11 440
205 3 12 440
205 3 13 440
205 4 26 110
205 4 27 110
205 5 28 90
205 5 29 90
205 5 30 90
206 1 2 150
206 1 3 150
206 2 17 200
206 2 18 200
206 3 5 440
206 3 6 440
206 3 7 440
206 3 8 440
206 3 9 440
206 3 10 440
206 3 11 440
206 3 12 440
206 3 13 440
206 4 26 110
206 4 27 110
206 5 28 90
206 5 29 90
206 5 30 90
207 1 2 150
207 1 3 150
207 2 17 200
207 2 18 200
207 3 5 440
207 3 6 440
207 3 7 440
207 3 8 440
207 3 9 440
207 3 10 440
207 3 11 440
207 3 12 440
207 3 13 440
207 4 26 110
207 4 27 110
207 5 28 90
207 5 29 90
207 5 30 90
208 1 2 150
208 1 3 150
208 2 17 200
208 2 18 200
208 3 5 440
208 3 6 440
208 3 7 440
208 3 8 440
208 3 9 440
208 3 10 440
208 3 11 440
208 3 12 440
208 3 13 440
208 4 26 110
208 4 27 110
208 5 28 90
208 5 29 90
208 5 30 90
209 1 2 150
209 1 3 150
209 2 17 200
209 2 18 200
209 3 5 440
209 3 6 440
209 3 7 440
209 3 8 440
209 3 9 440
209 3 10 440
209 3 11 440
209 3 12 440
209 3 13 440
209 4 26 110
209 4 27 110
209 5 28 90
209 5 29 90
209 5 30 90
210 1 2 150
210 1 3 150
210 2 17 200
210 2 18 200
210 3 5 440
210 3 6 440
210 3 7 440
210 3 8 440
210 3 9 440
210 3 10 440
210 3 11 440
210 3 12 440
210 3 13 440
210 4 26 110
210 4 27 110
210 5 28 90
210 5 29 90
210 5 30 90
211 1 2 150
211 1 3 150
211 2 17 200
211 2 18 200
211 3 5 440
211 3 6 440
211 3 7 440
211 3 8 440
211 3 9 440
211 3 10 440
211 3 11 440
211 3 12 440
211 3 13 440
211 4 26 110
211 4 27 110
211 5 28 90
211 5 29 90
211 5 30 90
212 1 2 150
212 1 3 150
212 2 17 200
212 2 18 200
212 3 5 440
212 3 6 440
212 3 7 440
212 3 8 440
212 3 9 440
212 3 10 440
212 3 11 440
212 3 12 440
212 3 13 440
212 4 26 110
212 4 27 110
212 5 28 90
212 5 29 90
212 5 30 90
213 1 2 150
213 1 3 150
213 2 17 200
213 2 18 200
213 3 5 440
213 3 6 440
213 3 7 440
213 3 8 440
213 3 9 440
213 3 10 440
213 3 11 440
213 3 12 440
213 3 13 440
213 4 26 110
213 4 27 110
213 5 28 90
213 5 29 90
213 5 30 90
214 1 2 150
214 1 3 150
214 2 17 200
214 2 18 200
214 3 5 440
214 3 6 440
214 3 7 440
214 3 8 440
214 3 9 440
214 3 10 440
214 3 11 440
214 3 12 440
214 3 13 440
214 4 26 110
214 4 27 110
214 5 28 90
214 5 29 90
214 5 30 90
215 1 2 150
215 1 3 150
215 2 17 200
215 2 18 200
215 3 5 440
215 3 6 440
215 3 7 440
215 3 8 440
215 3 9 440
215 3 10 440
215 3 11 440
215 3 12 440
215 3 13 440
215 4 26 110
215 4 27 110
215 5 28 90
215 5 29 90
215 5 30 90
216 1 2 150
216 1 3 150
216 2 17 200
216 2 18 200
216 3 5 440
216 3 6 440
216 3 7 440
216 3 8 440
216 3 9 440
216 3 10 440
216 3 11 440
216 3 12 440
216 3 13 440
216 4 26 110
216 4 27 110
216 5 28 90
216 5 29 90
216 5 30 90
217 1 2 150
217 1 3 150
217 2 17 200
217 2 18 200
217 3 5 440
217 3 6 440
217 3 7 440
217 3 8 440
217 3 9 440
217 3 10 440
217 3 11 440
217 3 12 440
217 3 13 440
217 4 26 110
217 4 27 110
217 5 28 90
217 5 29 90
217 5 30 90
218 1 2 150
218 1 3 150
218 2 17 200
218 2 18 200
218 3 5 440
218 3 6 440
218 3 7 440
218 3 8 440
218 3 9 440
218 3 10 440
218 3 11 440
218 3 12 440
218 3 13 440
218 4 26 110
218 4 27 110
218 5 28 90
218 5 29 90
218 5 30 90
219 1 2 150
219 1 3 150
219 2 17 200
219 2 18 200
219 3 5 440
219 3 6 440
219 3 7 440
219 3 8 440
219 3 9 440
219 3 10 440
219 3 11 440
219 3 12 440
219 3 13 440
219 4 26 110
219 4 27 110
219 5 28 90
219 5 29 90
219 5 30 90
220 1 2 150
220 1 3 150
220 2 17 200
220 2 18 200
220 3 5 440
220 3 6 440
220 3 7 440
220 3 8 440
220 3 9 440
220 3 10 440
220 3 11 440
220 3 12 440
220 3 13 440
220 4 26 110
220 4 27 110
220 5 28 90
220 5 29 90
220 5 30 90
221 1 2 150
221 1 3 150
221 2 17 200
221 2 18 200
221 3 5 440
221 3 6 440
221 3 7 440
221 3 8 440
221 3 9 440
221 3 10 440
221 3 11 440
221 3 12 440
221 3 13 440
221 4 26 110
221 4 27 110
221 5 28 90
221 5 29 90
221 5 30 90
222 1 2 150
222 1 3 150
222 2 17 200
222 2 18 200
222 3 5 440
222 3 6 440
222 3 7 440
222 3 8 440
222 3 9 440
222 3 10 440
222 3 11 440
222 3 12 440
222 3 13 440
222 4 26 110
222 4 27 110
222 5 28 90
222 5 29 90
222 5 30 90
223 1 2 150
223 1 3 150
223 2 17 200
223 2 18 200
223 3 5 440
223 3 6 440
223 3 7 440
223 3 8 440
223 3 9 440
223 3 10 440
223 3 11 440
223 3 12 440
223 3 13 440
223 4 26 110
223 4 27 110
223 5 28 90
223 5 29 90
223 5 30 90
224 1 2 150
224 1 3 150
224 2 17 200
224 2 18 200
224 3 5 440
224 3 6 440
224 3 7 440
224 3 8 440
224 3 9 440
224 3 10 440
224 3 11 440
224 3 12 440
224 3 13 440
224 4 26 110
224 4 27 110
224 5 28 90
224 5 29 90
224 5 30 90
225 1 2 150
225 1 3 150
225 2 17 200
225 2 18 200
225 3 5 440
225 3 6 440
225 3 7 440
225 3 8 440
225 3 9 440
225 3 10 440
225 3 11 440
225 3 12 440
225 3 13 440
225 4 26 110
225 4 27 110
225 5 28 90
225 5 29 90
225 5 30 90
226 1 2 150
226 1 3 150
226 2 17 200
226 2 18 200
226 3 5 440
226 3 6 440
226 3 7 440
226 3 8 440
226 3 9 440
226 3 10 440
226 3 11 440
226 3 12 440
226 3 13 440
226 4 26 110
226 4 27 110
226 5 28 90
226 5 29 90
226 5 30 90
227 1 2 150
227 1 3 150
227 2 17 200
227 2 18 200
227 3 5 440
227 3 6 440
227 3 7 440
227 3 8 440
227 3 9 440
227 3 10 440
227 3 11 440
227 3 12 440
227 3 13 440
227 4 26 110
227 4 27 110
227 5 28 90
227 5 29 90
227 5 30 90
228 1 2 150
228 1 3 150
228 2 17 200
228 2 18 200
228 3 5 440
228 3 6 440
228 3 7 440
228 3 8 440
228 3 9 440
228 3 10 440
228 3 11 440
228 3 12 440
228 3 13 440
228 4 26 110
228 4 27 110
228 5 28 90
228 5 29 90
228 5 30 90
229 1 2 150
229 1 3 150
229 2 17 200
229 2 18 200
229 3 5 440
229 3 6 440
229 3 7 440
229 3 8 440
229 3 9 440
229 3 10 440
229 3 11 440
229 3 12 440
229 3 13 440
229 4 26 110
229 4 27 110
229 5 28 90
229 5 29 90
229 5 30 90
230 1 2 150
230 1 3 150
230 2 17 200
230 2 18 200
230 3 5 440
230 3 6 440
230 3 7 440
230 3 8 440
230 3 9 440
230 3 10 440
230 3 11 440
230 3 12 440
230 3 13 440
230 4 26 110
230 4 27 110
230 5 28 90
230 5 29 90
230 5 30 90
231 1 2 150
231 1 3 150
231 2 17 200
231 2 18 200
231 3 5 440
231 3 6 440
231 3 7 440
231 3 8 440
231 3 9 440
231 3 10 440
231 3 11 440
231 3 12 440
231 3 13 440
231 4 26 110
231 4 27 110
231 5 28 90
231 5 29 90
231 5 30 90
232 1 2 150
232 1 3 150
232 2 17 200
232 2 18 200
232 3 5 440
232 3 6 440
232 3 7 440
232 3 8 440
232 3 9 440
232 3 10 440
232 3 11 440
232 3 12 440
232 3 13 440
232 4 26 110
232 4 27 110
232 5 28 90
232 5 29 90
232 5 30 90
233 1 2 150
233 1 3 150
233 2 17 200
233 2 18 200
233 3 5 440
233 3 6 440
233 3 7 440
233 3 8 440
233 3 9 440
233 3 10 440
233 3 11 440
233 3 12 440
233 3 13 440
233 4 26 110
233 4 27 110
233 5 28 90
233 5 29 90
233 5 30 90
234 1 2 150
234 1 3 150
234 2 17 200
234 2 18 200
234 3 5 440
234 3 6 440
234 3 7 440
234 3 8 440
234 3 9 440
234 3 10 440
234 3 11 440
234 3 12 440
234 3 13 440
234 4 26 110
234 4 27 110
234 5 28 90
234 5 29 90
234 5 30 90
235 1 2 150
235 1 3 150
235 2 17 200
235 2 18 200
235 3 5 440
235 3 6 440
235 3 7 440
235 3 8 440
235 3 9 440
235 3 10 440
235 3 11 440
235 3 12 440
235 3 13 440
235 4 26 110
235 4 27 110
235 5 28 90
235 5 29 90
235 5 30 90
236 1 2 150
236 1 3 150
236 2 17 200
236 2 18 200
236 3 5 440
236 3 6 440
236 3 7 440
236 3 8 440
236 3 9 440
236 3 10 440
236 3 11 440
236 3 12 440
236 3 13 440
236 4 26 110
236 4 27 110
236 5 28 90
236 5 29 90
236 5 30 90
237 1 2 150
237 1 3 150
237 2 17 200
237 2 18 200
237 3 5 440
237 3 6 440
237 3 7 440
237 3 8 440
237 3 9 440
237 3 10 440
237 3 11 440
237 3 12 440
237 3 13 440
237 4 26 110
237 4 27 110
237 5 28 90
237 5 29 90
237 5 30 90
238 1 2 150
238 1 3 150
238 2 17 200
238 2 18 200
238 3 5 440
238 3 6 440
238 3 7 440
238 3 8 440
238 3 9 440
238 3 10 440
238 3 11 440
238 3 12 440
238 3 13 440
238 4 26 110
238 4 27 110
238 5 28 90
238 5 29 90
238 5 30 90
239 1 2 150
239 1 3 150
239 2 17 200
239 2 18 200
239 3 5 440
239 3 6 440
239 3 7 440
239 3 8 440
239 3 9 440
239 3 10 440
239 3 11 440
239 3 12 440
239 3 13 440
239 4 26 110
239 4 27 110
239 5 28 90
239 5 29 90
239 5 30 90
240 1 2 150
240 1 3 150
240 2 17 200
240 2 18 200
240 3 5 440
240 3 6 440
240 3 7 440
240 3 8 440
240 3 9 440
240 3 10 440
240 3 11 440
240 3 12 440
240 3 13 440
240 4 26 110
240 4 27 110
240 5 28 90
240 5 29 90
240 5 30 90
241 1 2 150
241 1 3 150
241 2 17 200
241 2 18 200
241 3 5 440
241 3 6 440
241 3 7 440
241 3 8 440
241 3 9 440
241 3 10 440
241 3 11 440
241 3 12 440
241 3 13 440
241 4 26 110
241 4 27 110
241 5 28 90
241 5 29 90
241 5 30 90
242 1 2 150
242 1 3 150
242 2 17 200
242 2 18 200
242 3 5 440
242 3 6 440
242 3 7 440
242 3 8 440
242 3 9 440
242 3 10 440
242 3 11 440
242 3 12 440
242 3 13 440
242 4 26 110
242 4 27 110
242 5 28 90
242 5 29 90
242 5 30 90
243 1 2 150
243 1 3 150
243 2 17 200
243 2 18 200
243 3 5 440
243 3 6 440
243 3 7 440
243 3 8 440
243 3 9 440
243 3 10 440
243 3 11 440
243 3 12 440
243 3 13 440
243 4 26 110
243 4 27 110
243 5 28 90
243 5 29 90
243 5 30 90
244 1 2 150
244 1 3 150
244 2 17 200
244 2 18 200
244 3 5 440
244 3 6 440
244 3 7 440
244 3 8 440
244 3 9 440
244 3 10 440
244 3 11 440
244 3 12 440
244 3 13 440
244 4 26 110
244 4 27 110
244 5 28 90
244 5 29 90
244 5 30 90
245 1 2 150
245 1 3 150
245 2 17 200
245 2 18 200
245 3 5 440
245 3 6 440
245 3 7 440
245 3 8 440
245 3 9 440
245 3 10 440
245 3 11 440
245 3 12 440
245 3 13 440
245 4 26 110
245 4 27 110
245 5 28 90
245 5 29 90
245 5 30 90
246 1 2 150
246 1 3 150
246 2 17 200
246 2 18 200
246 3 5 440
246 3 6 440
246 3 7 440
246 3 8 440
246 3 9 440
246 3 10 440
246 3 11 440
246 3 12 440
246 3 13 440
246 4 26 110
246 4 27 110
246 5 28 90
246 5 29 90
246 5 30 90
247 1 2 150
247 1 3 150
247 2 17 200
247 2 18 200
247 3 5 440
247 3 6 440
247 3 7 440
247 3 8 440
247 3 9 440
247 3 10 440
247 3 11 440
247 3 12 440
247 3 13 440
247 4 26 110
247 4 27 110
247 5 28 90
247 5 29 90
247 5 30 90
248 1 2 150
248 1 3 150
248 2 17 200
248 2 18 200
248 3 5 440
248 3 6 440
248 3 7 440
248 3 8 440
248 3 9 440
248 3 10 440
248 3 11 440
248 3 12 440
248 3 13 440
248 4 26 110
248 4 27 110
248 5 28 90
248 5 29 90
248 5 30 90
249 1 2 150
249 1 3 150
249 2 17 200
249 2 18 200
249 3 5 440
249 3 6 440
249 3 7 440
249 3 8 440
249 3 9 440
249 3 10 440
249 3 11 440
249 3 12 440
249 3 13 440
249 4 26 110
249 4 27 110
249 5 28 90
249 5 29 90
249 5 30 90
250 1 2 150
250 1 3 150
250 2 17 200
250 2 18 200
250 3 5 440
250 3 6 440
250 3 7 440
250 3 8 440
250 3 9 440
250 3 10 440
250 3 11 440
250 3 12 440
250 3 13 440
250 4 26 110
250 4 27 110
250 5 28 90
250 5 29 90
250 5 30 90
251 1 2 150
251 1 3 150
251 2 17 200
251 2 18 200
251 3 5 440
251 3 6 440
251 3 7 440
251 3 8 440
251 3 9 440
251 3 10 440
251 3 11 440
251 3 12 440
251 3 13 440
251 4 26 110
251 4 27 110
251 5 28 90
251 5 29 90
251 5 30 90
252 1 2 150
252 1 3 150
252 2 17 200
252 2 18 200
252 3 5 440
252 3 6 440
252 3 7 440
252 3 8 440
252 3 9 440
252 3 10 440
252 3 11 440
252 3 12 440
252 3 13 440
252 4 26 110
252 4 27 110
252 5 28 90
252 5 29 90
252 5 30 90
253 1 2 150
253 1 3 150
253 2 17 200
253 2 18 200
253 3 5 440
253 3 6 440
253 3 7 440
253 3 8 440
253 3 9 440
253 3 10 440
253 3 11 440
253 3 12 440
253 3 13 440
253 4 26 110
253 4 27 110
253 5 28 90
253 5 29 90
253 5 30 90
254 1 2 150
254 1 3 150
254 2 17 200
254 2 18 200
254 3 5 440
254 3 6 440
254 3 7 440
254 3 8 440
254 3 9 440
254 3 10 440
254 3 11 440
254 3 12 440
254 3 13 440
254 4 26 110
254 4 27 110
254 5 28 90
254 5 29 90
254 5 30 90
255 1 2 150
255 1 3 150
255 2 17 200
255 2 18 200
255 3 5 440
255 3 6 440
255 3 7 440
255 3 8 440
255 3 9 440
255 3 10 440
255 3 11 440
255 3 12 440
255 3 13 440
255 4 26 110
255 4 27 110
255 5 28 90
255 5 29 90
255 5 30 90
256 1 2 150
256 1 3 150
256 2 17 200
256 2 18 200
256 3 5 440
256 3 6 440
256 3 7 440
256 3 8 440
256 3 9 440
256 3 10 440
256 3 11 440
256 3 12 440
256 3 13 440
256 4 26 110
256 4 27 110
256 5 28 90
256 5 29 90
256 5 30 90
257 1 2 150
257 1 3 150
257 2 17 200
257 2 18 200
257 3 5 440
257 3 6 440
257 3 7 440
257 3 8 440
257 3 9 440
257 3 10 440
257 3 11 440
257 3 12 440
257 3 13 440
257 4 26 110
257 4 27 110
257 5 28 90
257 5 29 90
257 5 30 90
258 1 2 150
258 1 3 150
258 2 17 200
258 2 18 200
258 3 5 440
258 3 6 440
258 3 7 440
258 3 8 440
258 3 9 440
258 3 10 440
258 3 11 440
258 3 12 440
258 3 13 440
258 4 26 110
258 4 27 110
258 5 28 90
258 5 29 90
258 5 30 90
259 1 2 150
259 1 3 150
259 2 17 200
259 2 18 200
259 3 5 440
259 3 6 440
259 3 7 440
259 3 8 440
259 3 9 440
259 3 10 440
259 3 11 440
259 3 12 440
259 3 13 440
259 4 26 110
259 4 27 110
259 5 28 90
259 5 29 90
259 5 30 90
260 1 2 150
260 1 3 150
260 2 17 200
260 2 18 200
260 3 5 440
260 3 6 440
260 3 7 440
260 3 8 440
260 3 9 440
260 3 10 440
260 3 11 440
260 3 12 440
260 3 13 440
260 4 26 110
260 4 27 110
260 5 28 90
260 5 29 90
260 5 30 90
261 1 2 150
261 1 3 150
261 2 17 200
261 2 18 200
261 3 5 440
261 3 6 440
261 3 7 440
261 3 8 440
261 3 9 440
261 3 10 440
261 3 11 440
261 3 12 440
261 3 13 440
261 4 26 110
261 4 27 110
261 5 28 90
261 5 29 90
261 5 30 90
262 1 2 150
262 1 3 150
262 2 17 200
262 2 18 200
262 3 5 440
262 3 6 440
262 3 7 440
262 3 8 440
262 3 9 440
262 3 10 440
262 3 11 440
262 3 12 440
262 3 13 440
262 4 26 110
262 4 27 110
262 5 28 90
262 5 29 90
262 5 30 90
263 1 2 150
263 1 3 150
263 2 17 200
263 2 18 200
263 3 5 440
263 3 6 440
263 3 7 440
263 3 8 440
263 3 9 440
263 3 10 440
263 3 11 440
263 3 12 440
263 3 13 440
263 4 26 110
263 4 27 110
263 5 28 90
263 5 29 90
263 5 30 90
264 1 2 150
264 1 3 150
264 2 17 200
264 2 18 200
264 3 5 440
264 3 6 440
264 3 7 440
264 3 8 440
264 3 9 440
264 3 10 440
264 3 11 440
264 3 12 440
264 3 13 440
264 4 26 110
264 4 27 110
264 5 28 90
264 5 29 90
264 5 30 90
265 1 2 150
265 1 3 150
265 2 17 200
265 2 18 200
265 3 5 440
265 3 6 440
265 3 7 440
265 3 8 440
265 3 9 440
265 3 10 440
265 3 11 440
265 3 12 440
265 3 13 440
265 4 26 110
265 4 27 110
265 5 28 90
265 5 29 90
265 5 30 90
266 1 2 150
266 1 3 150
266 2 17 200
266 2 18 200
266 3 5 440
266 3 6 440
266 3 7 440
266 3 8 440
266 3 9 440
266 3 10 440
266 3 11 440
266 3 12 440
266 3 13 440
266 4 26 110
266 4 27 110
266 5 28 90
266 5 29 90
266 5 30 90
267 1 2 150
267 1 3 150
267 2 17 200
267 2 18 200
267 3 5 440
267 3 6 440
267 3 7 440
267 3 8 440
267 3 9 440
267 3 10 440
267 3 11 440
267 3 12 440
267 3 13 440
267 4 26 110
267 4 27 110
267 5 28 90
267 5 29 90
267 5 30 90
268 1 2 150
268 1 3 150
268 2 17 200
268 2 18 200
268 3 5 440
268 3 6 440
268 3 7 440
268 3 8 440
268 3 9 440
268 3 10 440
268 3 11 440
268 3 12 440
268 3 13 440
268 4 26 110
268 4 27 110
268 5 28 90
268 5 29 90
268 5 30 90
269 1 2 150
269 1 3 150
269 2 17 200
269 2 18 200
269 3 5 440
269 3 6 440
269 3 7 440
269 3 8 440
269 3 9 440
269 3 10 440
269 3 11 440
269 3 12 440
269 3 13 440
269 4 26 110
269 4 27 110
269 5 28 90
269 5 29 90
269 5 30 90
270 1 2 150
270 1 3 150
270 2 17 200
270 2 18 200
270 3 5 440
270 3 6 440
270 3 7 440
270 3 8 440
270 3 9 440
270 3 10 440
270 3 11 440
270 3 12 440
270 3 13 440
270 4 26 110
270 4 27 110
270 5 28 90
270 5 29 90
270 5 30 90
271 1 2 150
271 1 3 150
271 2 17 200
271 2 18 200
271 3 5 440
271 3 6 440
271 3 7 440
271 3 8 440
271 3 9 440
271 3 10 440
271 3 11 440
271 3 12 440
271 3 13 440
271 4 26 110
271 4 27 110
271 5 28 90
271 5 29 90
271 5 30 90
272 1 2 150
272 1 3 150
272 2 17 200
272 2 18 200
272 3 5 440
272 3 6 440
272 3 7 440
272 3 8 440
272 3 9 440
272 3 10 440
272 3 11 440
272 3 12 440
272 3 13 440
272 4 26 110
272 4 27 110
272 5 28 90
272 5 29 90
272 5 30 90
273 1 2 150
273 1 3 150
273 2 17 200
273 2 18 200
273 3 5 440
273 3 6 440
273 3 7 440
273 3 8 440
273 3 9 440
273 3 10 440
273 3 11 440
273 3 12 440
273 3 13 440
273 4 26 110
273 4 27 110
273 5 28 90
273 5 29 90
273 5 30 90
274 1 2 150
274 1 3 150
274 2 17 200
274 2 18 200
274 3 5 440
274 3 6 440
274 3 7 440
274 3 8 440
274 3 9 440
274 3 10 440
274 3 11 440
274 3 12 440
274 3 13 440
274 4 26 110
274 4 27 110
274 5 28 90
274 5 29 90
274 5 30 90
275 1 2 150
275 1 3 150
275 2 17 200
275 2 18 200
275 3 5 440
275 3 6 440
275 3 7 440
275 3 8 440
275 3 9 440
275 3 10 440
275 3 11 440
275 3 12 440
275 3 13 440
275 4 26 110
275 4 27 110
275 5 28 90
275 5 29 90
275 5 30 90
276 1 2 150
276 1 3 150
276 2 17 200
276 2 18 200
276 3 5 440
276 3 6 440
276 3 7 440
276 3 8 440
276 3 9 440
276 3 10 440
276 3 11 440
276 3 12 440
276 3 13 440
276 4 26 110
276 4 27 110
276 5 28 90
276 5 29 90
276 5 30 90
277 1 2 150
277 1 3 150
277 2 17 200
277 2 18 200
277 3 5 440
277 3 6 440
277 3 7 440
277 3 8 440
277 3 9 440
277 3 10 440
277 3 11 440
277 3 12 440
277 3 13 440
277 4 26 110
277 4 27 110
277 5 28 90
277 5 29 90
277 5 30 90
278 1 2 150
278 1 3 150
278 2 17 200
278 2 18 200
278 3 5 440
278 3 6 440
278 3 7 440
278 3 8 440
278 3 9 440
278 3 10 440
278 3 11 440
278 3 12 440
278 3 13 440
278 4 26 110
278 4 27 110
278 5 28 90
278 5 29 90
278 5 30 90
279 1 2 150
279 1 3 150
279 2 17 200
279 2 18 200
279 3 5 440
279 3 6 440
279 3 7 440
279 3 8 440
279 3 9 440
279 3 10 440
279 3 11 440
279 3 12 440
279 3 13 440
279 4 26 110
279 4 27 110
279 5 28 90
279 5 29 90
279 5 30 90
280 1 2 150
280 1 3 150
280 2 17 200
280 2 18 200
280 3 5 440
280 3 6 440
280 3 7 440
280 3 8 440
280 3 9 440
280 3 10 440
280 3 11 440
280 3 12 440
280 3 13 440
280 4 26 110
280 4 27 110
280 5 28 90
280 5 29 90
280 5 30 90
281 1 2 150
281 1 3 150
281 2 17 200
281 2 18 200
281 3 5 440
281 3 6 440
281 3 7 440
281 3 8 440
281 3 9 440
281 3 10 440
281 3 11 440
281 3 12 440
281 3 13 440
281 4 26 110
281 4 27 110
281 5 28 90
281 5 29 90
281 5 30 90
282 1 2 150
282 1 3 150
282 2 17 200
282 2 18 200
282 3 5 440
282 3 6 440
282 3 7 440
282 3 8 440
282 3 9 440
282 3 10 440
282 3 11 440
282 3 12 440
282 3 13 440
282 4 26 110
282 4 27 110
282 5 28 90
282 5 29 90
282 5 30 90
283 1 2 150
283 1 3 150
283 2 17 200
283 2 18 200
283 3 5 440
283 3 6 440
283 3 7 440
283 3 8 440
283 3 9 440
283 3 10 440
283 3 11 440
283 3 12 440
283 3 13 440
283 4 26 110
283 4 27 110
283 5 28 90
283 5 29 90
283 5 30 90
284 1 2 150
284 1 3 150
284 2 17 200
284 2 18 200
284 3 5 440
284 3 6 440
284 3 7 440
284 3 8 440
284 3 9 440
284 3 10 440
284 3 11 440
284 3 12 440
284 3 13 440
284 4 26 110
284 4 27 110
284 5 28 90
284 5 29 90
284 5 30 90
285 1 2 150
285 1 3 150
285 2 17 200
285 2 18 200
285 3 5 440
285 3 6 440
285 3 7 440
285 3 8 440
285 3 9 440
285 3 10 440
285 3 11 440
285 3 12 440
285 3 13 440
285 4 26 110
285 4 27 110
285 5 28 90
285 5 29 90
285 5 30 90
286 1 2 150
286 1 3 150
286 2 17 200
286 2 18 200
286 3 5 440
286 3 6 440
286 3 7 440
286 3 8 440
286 3 9 440
286 3 10 440
286 3 11 440
286 3 12 440
286 3 13 440
286 4 26 110
286 4 27 110
286 5 28 90
286 5 29 90
286 5 30 90
287 1 2 150
287 1 3 150
287 2 17 200
287 2 18 200
287 3 5 440
287 3 6 440
287 3 7 440
287 3 8 440
287 3 9 440
287 3 10 440
287 3 11 440
287 3 12 440
287 3 13 440
287 4 26 110
287 4 27 110
287 5 28 90
287 5 29 90
287 5 30 90
288 1 2 150
288 1 3 150
288 2 17 200
288 2 18 200
288 3 5 440
288 3 6 440
288 3 7 440
288 3 8 440
288 3 9 440
288 3 10 440
288 3 11 440
288 3 12 440
288 3 13 440
288 4 26 110
288 4 27 110
288 5 28 90
288 5 29 90
288 5 30 90
289 1 2 150
289 1 3 150
289 2 17 200
289 2 18 200
289 3 5 440
289 3 6 440
289 3 7 440
289 3 8 440
289 3 9 440
289 3 10 440
289 3 11 440
289 3 12 440
289 3 13 440
289 4 26 110
289 4 27 110
289 5 28 90
289 5 29 90
289 5 30 90
290 1 2 150
290 1 3 150
290 2 17 200
290 2 18 200
290 3 5 440
290 3 6 440
290 3 7 440
290 3 8 440
290 3 9 440
290 3 10 440
290 3 11 440
290 3 12 440
290 3 13 440
290 4 26 110
290 4 27 110
290 5 28 90
290 5 29 90
290 5 30 90
291 1 2 150
291 1 3 150
291 2 17 200
291 2 18 200
291 3 5 440
291 3 6 440
291 3 7 440
291 3 8 440
291 3 9 440
291 3 10 440
291 3 11 440
291 3 12 440
291 3 13 440
291 4 26 110
291 4 27 110
291 5 28 90
291 5 29 90
291 5 30 90
292 1 2 150
292 1 3 150
292 2 17 200
292 2 18 200
292 3 5 440
292 3 6 440
292 3 7 440
292 3 8 440
292 3 9 440
292 3 10 440
292 3 11 440
292 3 12 440
292 3 13 440
292 4 26 110
292 4 27 110
292 5 28 90
292 5 29 90
292 5 30 90
293 1 2 150
293 1 3 150
293 2 17 200
293 2 18 200
293 3 5 440
293 3 6 440
293 3 7 440
293 3 8 440
293 3 9 440
293 3 10 440
293 3 11 440
293 3 12 440
293 3 13 440
293 4 26 110
293 4 27 110
293 5 28 90
293 5 29 90
293 5 30 90
294 1 2 150
294 1 3 150
294 2 17 200
294 2 18 200
294 3 5 440
294 3 6 440
294 3 7 440
294 3 8 440
294 3 9 440
294 3 10 440
294 3 11 440
294 3 12 440
294 3 13 440
294 4 26 110
294 4 27 110
294 5 28 90
294 5 29 90
294 5 30 90
295 1 2 150
295 1 3 150
295 2 17 200
295 2 18 200
295 3 5 440
295 3 6 440
295 3 7 440
295 3 8 440
295 3 9 440
295 3 10 440
295 3 11 440
295 3 12 440
295 3 13 440
295 4 26 110
295 4 27 110
295 5 28 90
295 5 29 90
295 5 30 90
296 1 2 150
296 1 3 150
296 2 17 200
296 2 18 200
296 3 5 440
296 3 6 440
296 3 7 440
296 3 8 440
296 3 9 440
296 3 10 440
296 3 11 440
296 3 12 440
296 3 13 440
296 4 26 110
296 4 27 110
296 5 28 90
296 5 29 90
296 5 30 90
297 1 2 150
297 1 3 150
297 2 17 200
297 2 18 200
297 3 5 440
297 3 6 440
297 3 7 440
297 3 8 440
297 3 9 440
297 3 10 440
297 3 11 440
297 3 12 440
297 3 13 440
297 4 26 110
297 4 27 110
297 5 28 90
297 5 29 90
297 5 30 90
298 1 2 150
298 1 3 150
298 2 17 200
298 2 18 200
298 3 5 440
298 3 6 440
298 3 7 440
298 3 8 440
298 3 9 440
298 3 10 440
298 3 11 440
298 3 12 440
298 3 13 440
298 4 26 110
298 4 27 110
298 5 28 90
298 5 29 90
298 5 30 90
299 1 2 150
299 1 3 150
299 2 17 200
299 2 18 200
299 3 5 440
299 3 6 440
299 3 7 440
299 3 8 440
299 3 9 440
299 3 10 440
299 3 11 440
299 3 12 440
299 3 13 440
299 4 26 110
299 4 27 110
299 5 28 90
299 5 29 90
299 5 30 90
300 1 2 150
300 1 3 150
300 2 17 200
300 2 18 200
300 3 5 440
300 3 6 440
300 3 7 440
300 3 8 440
300 3 9 440
300 3 10 440
300 3 11 440
300 3 12 440
300 3 13 440
300 4 26 110
300 4 27 110
300 5 28 90
300 5 29 90
300 5 30 90
301 1 2 150
301 1 3 150
301 2 17 200
301 2 18 200
301 3 5 440
301 3 6 440
301 3 7 440
301 3 8 440
301 3 9 440
301 3 10 440
301 3 11 440
301 3 12 440
301 3 13 440
301 4 26 110
301 4 27 110
301 5 28 90
301 5 29 90
301 5 30 90
302 1 2 150
302 1 3 150
302 2 17 200
302 2 18 200
302 3 5 440
302 3 6 440
302 3 7 440
302 3 8 440
302 3 9 440
302 3 10 440
302 3 11 440
302 3 12 440
302 3 13 440
302 4 26 110
302 4 27 110
302 5 28 90
302 5 29 90
302 5 30 90
303 1 2 150
303 1 3 150
303 2 17 200
303 2 18 200
303 3 5 440
303 3 6 440
303 3 7 440
303 3 8 440
303 3 9 440
303 3 10 440
303 3 11 440
303 3 12 440
303 3 13 440
303 4 26 110
303 4 27 110
303 5 28 90
303 5 29 90
303 5 30 90
304 1 2 150
304 1 3 150
304 2 17 200
304 2 18 200
304 3 5 440
304 3 6 440
304 3 7 440
304 3 8 440
304 3 9 440
304 3 10 440
304 3 11 440
304 3 12 440
304 3 13 440
304 4 26 110
304 4 27 110
304 5 28 90
304 5 29 90
304 5 30 90
305 1 2 150
305 1 3 150
305 2 17 200
305 2 18 200
305 3 5 440
305 3 6 440
305 3 7 440
305 3 8 440
305 3 9 440
305 3 10 440
305 3 11 440
305 3 12 440
305 3 13 440
305 4 26 110
305 4 27 110
305 5 28 90
305 5 29 90
305 5 30 90
306 1 2 150
306 1 3 150
306 2 17 200
306 2 18 200
306 3 5 440
306 3 6 440
306 3 7 440
306 3 8 440
306 3 9 440
306 3 10 440
306 3 11 440
306 3 12 440
306 3 13 440
306 4 26 110
306 4 27 110
306 5 28 90
306 5 29 90
306 5 30 90
307 1 2 150
307 1 3 150
307 2 17 200
307 2 18 200
307 3 5 440
307 3 6 440
307 3 7 440
307 3 8 440
307 3 9 440
307 3 10 440
307 3 11 440
307 3 12 440
307 3 13 440
307 4 26 110
307 4 27 110
307 5 28 90
307 5 29 90
307 5 30 90
308 1 2 150
308 1 3 150
308 2 17 200
308 2 18 200
308 3 5 440
308 3 6 440
308 3 7 440
308 3 8 440
308 3 9 440
308 3 10 440
308 3 11 440
308 3 12 440
308 3 13 440
308 4 26 110
308 4 27 110
308 5 28 90
308 5 29 90
308 5 30 90
309 1 2 150
309 1 3 150
309 2 17 200
309 2 18 200
309 3 5 440
309 3 6 440
309 3 7 440
309 3 8 440
309 3 9 440
309 3 10 440
309 3 11 440
309 3 12 440
309 3 13 440
309 4 26 110
309 4 27 110
309 5 28 90
309 5 29 90
309 5 30 90
310 1 2 150
310 1 3 150
310 2 17 200
310 2 18 200
310 3 5 440
310 3 6 440
310 3 7 440
310 3 8 440
310 3 9 440
310 3 10 440
310 3 11 440
310 3 12 440
310 3 13 440
310 4 26 110
310 4 27 110
310 5 28 90
310 5 29 90
310 5 30 90
311 1 2 150
311 1 3 150
311 2 17 200
311 2 18 200
311 3 5 440
311 3 6 440
311 3 7 440
311 3 8 440
311 3 9 440
311 3 10 440
311 3 11 440
311 3 12 440
311 3 13 440
311 4 26 110
311 4 27 110
311 5 28 90
311 5 29 90
311 5 30 90
312 1 2 150
312 1 3 150
312 2 17 200
312 2 18 200
312 3 5 440
312 3 6 440
312 3 7 440
312 3 8 440
312 3 9 440
312 3 10 440
312 3 11 440
312 3 12 440
312 3 13 440
312 4 26 110
312 4 27 110
312 5 28 90
312 5 29 90
312 5 30 90
313 1 2 150
313 1 3 150
313 2 17 200
313 2 18 200
313 3 5 440
313 3 6 440
313 3 7 440
313 3 8 440
313 3 9 440
313 3 10 440
313 3 11 440
313 3 12 440
313 3 13 440
313 4 26 110
313 4 27 110
313 5 28 90
313 5 29 90
313 5 30 90
314 1 2 150
314 1 3 150
314 2 17 200
314 2 18 200
314 3 5 440
314 3 6 440
314 3 7 440
314 3 8 440
314 3 9 440
314 3 10 440
314 3 11 440
314 3 12 440
314 3 13 440
314 4 26 110
314 4 27 110
314 5 28 90
314 5 29 90
314 5 30 90
315 1 2 150
315 1 3 150
315 2 17 200
315 2 18 200
315 3 5 440
315 3 6 440
315 3 7 440
315 3 8 440
315 3 9 440
315 3 10 440
315 3 11 440
315 3 12 440
315 3 13 440
315 4 26 110
315 4 27 110
315 5 28 90
315 5 29 90
315 5 30 90
316 1 2 150
316 1 3 150
316 2 17 200
316 2 18 200
316 3 5 440
316 3 6 440
316 3 7 440
316 3 8 440
316 3 9 440
316 3 10 440
316 3 11 440
316 3 12 440
316 3 13 440
316 4 26 110
316 4 27 110
316 5 28 90
316 5 29 90
316 5 30 90
317 1 2 150
317 1 3 150
317 2 17 200
317 2 18 200
317 3 5 440
317 3 6 440
317 3 7 440
317 3 8 440
317 3 9 440
317 3 10 440
317 3 11 440
317 3 12 440
317 3 13 440
317 4 26 110
317 4 27 110
317 5 28 90
317 5 29 90
317 5 30 90
318 1 2 150
318 1 3 150
318 2 17 200
318 2 18 200
318 3 5 440
318 3 6 440
318 3 7 440
318 3 8 440
318 3 9 440
318 3 10 440
318 3 11 440
318 3 12 440
318 3 13 440
318 4 26 110
318 4 27 110
318 5 28 90
318 5 29 90
318 5 30 90
319 1 2 150
319 1 3 150
319 2 17 200
319 2 18 200
319 3 5 440
319 3 6 440
319 3 7 440
319 3 8 440
319 3 9 440
319 3 10 440
319 3 11 440
319 3 12 440
319 3 13 440
319 4 26 110
319 4 27 110
319 5 28 90
319 5 29 90
319 5 30 90
320 1 2 150
320 1 3 150
320 2 17 200
320 2 18 200
320 3 5 440
320 3 6 440
320 3 7 440
320 3 8 440
320 3 9 440
320 3 10 440
320 3 11 440
320 3 12 440
320 3 13 440
320 4 26 110
320 4 27 110
320 5 28 90
320 5 29 90
320 5 30 90
321 1 2 150
321 1 3 150
321 2 17 200
321 2 18 200
321 3 5 440
321 3 6 440
321 3 7 440
321 3 8 440
321 3 9 440
321 3 10 440
321 3 11 440
321 3 12 440
321 3 13 440
321 4 26 110
321 4 27 110
321 5 28 90
321 5 29 90
321 5 30 90
322 1 2 150
322 1 3 150
322 2 17 200
322 2 18 200
322 3 5 440
322 3 6 440
322 3 7 440
322 3 8 440
322 3 9 440
322 3 10 440
322 3 11 440
322 3 12 440
322 3 13 440
322 4 26 110
322 4 27 110
322 5 28 90
322 5 29 90
322 5 30 90
323 1 2 150
323 1 3 150
323 2 17 200
323 2 18 200
323 3 5 440
323 3 6 440
323 3 7 440
323 3 8 440
323 3 9 440
323 3 10 440
323 3 11 440
323 3 12 440
323 3 13 440
323 4 26 110
323 4 27 110
323 5 28 90
323 5 29 90
323 5 30 90
324 1 2 150
324 1 3 150
324 2 17 200
324 2 18 200
324 3 5 440
324 3 6 440
324 3 7 440
324 3 8 440
324 3 9 440
324 3 10 440
324 3 11 440
324 3 12 440
324 3 13 440
324 4 26 110
324 4 27 110
324 5 28 90
324 5 29 90
324 5 30 90
325 1 2 150
325 1 3 150
325 2 17 200
325 2 18 200
325 3 5 440
325 3 6 440
325 3 7 440
325 3 8 440
325 3 9 440
325 3 10 440
325 3 11 440
325 3 12 440
325 3 13 440
325 4 26 110
325 4 27 110
325 5 28 90
325 5 29 90
325 5 30 90
326 1 2 150
326 1 3 150
326 2 17 200
326 2 18 200
326 3 5 440
326 3 6 440
326 3 7 440
326 3 8 440
326 3 9 440
326 3 10 440
326 3 11 440
326 3 12 440
326 3 13 440
326 4 26 110
326 4 27 110
326 5 28 90
326 5 29 90
326 5 30 90
327 1 2 150
327 1 3 150
327 2 17 200
327 2 18 200
327 3 5 440
327 3 6 440
327 3 7 440
327 3 8 440
327 3 9 440
327 3 10 440
327 3 11 440
327 3 12 440
327 3 13 440
327 4 26 110
327 4 27 110
327 5 28 90
327 5 29 90
327 5 30 90
328 1 2 150
328 1 3 150
328 2 17 200
328 2 18 200
328 3 5 440
328 3 6 440
328 3 7 440
328 3 8 440
328 3 9 440
328 3 10 440
328 3 11 440
328 3 12 440
328 3 13 440
328 4 26 110
328 4 27 110
328 5 28 90
328 5 29 90
328 5 30 90
329 1 2 150
329 1 3 150
329 2 17 200
329 2 18 200
329 3 5 440
329 3 6 440
329 3 7 440
329 3 8 440
329 3 9 440
329 3 10 440
329 3 11 440
329 3 12 440
329 3 13 440
329 4 26 110
329 4 27 110
329 5 28 90
329 5 29 90
329 5 30 90
330 1 2 150
330 1 3 150
330 2 17 200
330 2 18 200
330 3 5 440
330 3 6 440
330 3 7 440
330 3 8 440
330 3 9 440
330 3 10 440
330 3 11 440
330 3 12 440
330 3 13 440
330 4 26 110
330 4 27 110
330 5 28 90
330 5 29 90
330 5 30 90
331 1 2 150
331 1 3 150
331 2 17 200
331 2 18 200
331 3 5 440
331 3 6 440
331 3 7 440
331 3 8 440
331 3 9 440
331 3 10 440
331 3 11 440
331 3 12 440
331 3 13 440
331 4 26 110
331 4 27 110
331 5 28 90
331 5 29 90
331 5 30 90
332 1 2 150
332 1 3 150
332 2 17 200
332 2 18 200
332 3 5 440
332 3 6 440
332 3 7 440
332 3 8 440
332 3 9 440
332 3 10 440
332 3 11 440
332 3 12 440
332 3 13 440
332 4 26 110
332 4 27 110
332 5 28 90
332 5 29 90
332 5 30 90
333 1 2 150
333 1 3 150
333 2 17 200
333 2 18 200
333 3 5 440
333 3 6 440
333 3 7 440
333 3 8 440
333 3 9 440
333 3 10 440
333 3 11 440
333 3 12 440
333 3 13 440
333 4 26 110
333 4 27 110
333 5 28 90
333 5 29 90
333 5 30 90
334 1 2 150
334 1 3 150
334 2 17 200
334 2 18 200
334 3 5 440
334 3 6 440
334 3 7 440
334 3 8 440
334 3 9 440
334 3 10 440
334 3 11 440
334 3 12 440
334 3 13 440
334 4 26 110
334 4 27 110
334 5 28 90
334 5 29 90
334 5 30 90
335 1 2 150
335 1 3 150
335 2 17 200
335 2 18 200
335 3 5 440
335 3 6 440
335 3 7 440
335 3 8 440
335 3 9 440
335 3 10 440
335 3 11 440
335 3 12 440
335 3 13 440
335 4 26 110
335 4 27 110
335 5 28 90
335 5 29 90
335 5 30 90
336 1 2 150
336 1 3 150
336 2 17 200
336 2 18 200
336 3 5 440
336 3 6 440
336 3 7 440
336 3 8 440
336 3 9 440
336 3 10 440
336 3 11 440
336 3 12 440
336 3 13 440
336 4 26 110
336 4 27 110
336 5 28 90
336 5 29 90
336 5 30 90
337 1 2 150
337 1 3 150
337 2 17 200
337 2 18 200
337 3 5 440
337 3 6 440
337 3 7 440
337 3 8 440
337 3 9 440
337 3 10 440
337 3 11 440
337 3 12 440
337 3 13 440
337 4 26 110
337 4 27 110
337 5 28 90
337 5 29 90
337 5 30 90
338 1 2 150
338 1 3 150
338 2 17 200
338 2 18 200
338 3 5 440
338 3 6 440
338 3 7 440
338 3 8 440
338 3 9 440
338 3 10 440
338 3 11 440
338 3 12 440
338 3 13 440
338 4 26 110
338 4 27 110
338 5 28 90
338 5 29 90
338 5 30 90
339 1 2 150
339 1 3 150
339 2 17 200
339 2 18 200
339 3 5 440
339 3 6 440
339 3 7 440
339 3 8 440
339 3 9 440
339 3 10 440
339 3 11 440
339 3 12 440
339 3 13 440
339 4 26 110
339 4 27 110
339 5 28 90
339 5 29 90
339 5 30 90
340 1 2 150
340 1 3 150
340 2 17 200
340 2 18 200
340 3 5 440
340 3 6 440
340 3 7 440
340 3 8 440
340 3 9 440
340 3 10 440
340 3 11 440
340 3 12 440
340 3 13 440
340 4 26 110
340 4 27 110
340 5 28 90
340 5 29 90
340 5 30 90
341 1 2 150
341 1 3 150
341 2 17 200
341 2 18 200
341 3 5 440
341 3 6 440
341 3 7 440
341 3 8 440
341 3 9 440
341 3 10 440
341 3 11 440
341 3 12 440
341 3 13 440
341 4 26 110
341 4 27 110
341 5 28 90
341 5 29 90
341 5 30 90
342 1 2 150
342 1 3 150
342 2 17 200
342 2 18 200
342 3 5 440
342 3 6 440
342 3 7 440
342 3 8 440
342 3 9 440
342 3 10 440
342 3 11 440
342 3 12 440
342 3 13 440
342 4 26 110
342 4 27 110
342 5 28 90
342 5 29 90
342 5 30 90
343 1 2 150
343 1 3 150
343 2 17 200
343 2 18 200
343 3 5 440
343 3 6 440
343 3 7 440
343 3 8 440
343 3 9 440
343 3 10 440
343 3 11 440
343 3 12 440
343 3 13 440
343 4 26 110
343 4 27 110
343 5 28 90
343 5 29 90
343 5 30 90
344 1 2 150
344 1 3 150
344 2 17 200
344 2 18 200
344 3 5 440
344 3 6 440
344 3 7 440
344 3 8 440
344 3 9 440
344 3 10 440
344 3 11 440
344 3 12 440
344 3 13 440
344 4 26 110
344 4 27 110
344 5 28 90
344 5 29 90
344 5 30 90
345 1 2 150
345 1 3 150
345 2 17 200
345 2 18 200
345 3 5 440
345 3 6 440
345 3 7 440
345 3 8 440
345 3 9 440
345 3 10 440
345 3 11 440
345 3 12 440
345 3 13 440
345 4 26 110
345 4 27 110
345 5 28 90
345 5 29 90
345 5 30 90
346 1 2 150
346 1 3 150
346 2 17 200
346 2 18 200
346 3 5 440
346 3 6 440
346 3 7 440
346 3 8 440
346 3 9 440
346 3 10 440
346 3 11 440
346 3 12 440
346 3 13 440
346 4 26 110
346 4 27 110
346 5 28 90
346 5 29 90
346 5 30 90
347 1 2 150
347 1 3 150
347 2 17 200
347 2 18 200
347 3 5 440
347 3 6 440
347 3 7 440
347 3 8 440
347 3 9 440
347 3 10 440
347 3 11 440
347 3 12 440
347 3 13 440
347 4 26 110
347 4 27 110
347 5 28 90
347 5 29 90
347 5 30 90
348 1 2 150
348 1 3 150
348 2 17 200
348 2 18 200
348 3 5 440
348 3 6 440
348 3 7 440
348 3 8 440
348 3 9 440
348 3 10 440
348 3 11 440
348 3 12 440
348 3 13 440
348 4 26 110
348 4 27 110
348 5 28 90
348 5 29 90
348 5 30 90
349 1 2 150
349 1 3 150
349 2 17 200
349 2 18 200
349 3 5 440
349 3 6 440
349 3 7 440
349 3 8 440
349 3 9 440
349 3 10 440
349 3 11 440
349 3 12 440
349 3 13 440
349 4 26 110
349 4 27 110
349 5 28 90
349 5 29 90
349 5 30 90
350 1 2 150
350 1 3 150
350 2 17 200
350 2 18 200
350 3 5 440
350 3 6 440
350 3 7 440
350 3 8 440
350 3 9 440
350 3 10 440
350 3 11 440
350 3 12 440
350 3 13 440
350 4 26 110
350 4 27 110
350 5 28 90
350 5 29 90
350 5 30 90
351 1 2 150
351 1 3 150
351 2 17 200
351 2 18 200
351 3 5 440
351 3 6 440
351 3 7 440
351 3 8 440
351 3 9 440
351 3 10 440
351 3 11 440
351 3 12 440
351 3 13 440
351 4 26 110
351 4 27 110
351 5 28 90
351 5 29 90
351 5 30 90
352 1 2 150
352 1 3 150
352 2 17 200
352 2 18 200
352 3 5 440
352 3 6 440
352 3 7 440
352 3 8 440
352 3 9 440
352 3 10 440
352 3 11 440
352 3 12 440
352 3 13 440
352 4 26 110
352 4 27 110
352 5 28 90
352 5 29 90
352 5 30 90
353 1 2 150
353 1 3 150
353 2 17 200
353 2 18 200
353 3 5 440
353 3 6 440
353 3 7 440
353 3 8 440
353 3 9 440
353 3 10 440
353 3 11 440
353 3 12 440
353 3 13 440
353 4 26 110
353 4 27 110
353 5 28 90
353 5 29 90
353 5 30 90
354 1 2 150
354 1 3 150
354 2 17 200
354 2 18 200
354 3 5 440
354 3 6 440
354 3 7 440
354 3 8 440
354 3 9 440
354 3 10 440
354 3 11 440
354 3 12 440
354 3 13 440
354 4 26 110
354 4 27 110
354 5 28 90
354 5 29 90
354 5 30 90
355 1 2 150
355 1 3 150
355 2 17 200
355 2 18 200
355 3 5 440
355 3 6 440
355 3 7 440
355 3 8 440
355 3 9 440
355 3 10 440
355 3 11 440
355 3 12 440
355 3 13 440
355 4 26 110
355 4 27 110
355 5 28 90
355 5 29 90
355 5 30 90
356 1 2 150
356 1 3 150
356 2 17 200
356 2 18 200
356 3 5 440
356 3 6 440
356 3 7 440
356 3 8 440
356 3 9 440
356 3 10 440
356 3 11 440
356 3 12 440
356 3 13 440
356 4 26 110
356 4 27 110
356 5 28 90
356 5 29 90
356 5 30 90
357 1 2 150
357 1 3 150
357 2 17 200
357 2 18 200
357 3 5 440
357 3 6 440
357 3 7 440
357 3 8 440
357 3 9 440
357 3 10 440
357 3 11 440
357 3 12 440
357 3 13 440
357 4 26 110
357 4 27 110
357 5 28 90
357 5 29 90
357 5 30 90
358 1 2 150
358 1 3 150
358 2 17 200
358 2 18 200
358 3 5 440
358 3 6 440
358 3 7 440
358 3 8 440
358 3 9 440
358 3 10 440
358 3 11 440
358 3 12 440
358 3 13 440
358 4 26 110
358 4 27 110
358 5 28 90
358 5 29 90
358 5 30 90
359 1 2 150
359 1 3 150
359 2 17 200
359 2 18 200
359 3 5 440
359 3 6 440
359 3 7 440
359 3 8 440
359 3 9 440
359 3 10 440
359 3 11 440
359 3 12 440
359 3 13 440
359 4 26 110
359 4 27 110
359 5 28 90
359 5 29 90
359 5 30 90
360 1 2 150
360 1 3 150
360 2 17 200
360 2 18 200
360 3 5 440
360 3 6 440
360 3 7 440
360 3 8 440
360 3 9 440
360 3 10 440
360 3 11 440
360 3 12 440
360 3 13 440
360 4 26 110
360 4 27 110
360 5 28 90
360 5 29 90
360 5 30 90
361 1 2 150
361 1 3 150
361 2 17 200
361 2 18 200
361 3 5 440
361 3 6 440
361 3 7 440
361 3 8 440
361 3 9 440
361 3 10 440
361 3 11 440
361 3 12 440
361 3 13 440
361 4 26 110
361 4 27 110
361 5 28 90
361 5 29 90
361 5 30 90
362 1 2 150
362 1 3 150
362 2 17 200
362 2 18 200
362 3 5 440
362 3 6 440
362 3 7 440
362 3 8 440
362 3 9 440
362 3 10 440
362 3 11 440
362 3 12 440
362 3 13 440
362 4 26 110
362 4 27 110
362 5 28 90
362 5 29 90
362 5 30 90
363 1 2 150
363 1 3 150
363 2 17 200
363 2 18 200
363 3 5 440
363 3 6 440
363 3 7 440
363 3 8 440
363 3 9 440
363 3 10 440
363 3 11 440
363 3 12 440
363 3 13 440
363 4 26 110
363 4 27 110
363 5 28 90
363 5 29 90
363 5 30 90
364 1 2 150
364 1 3 150
364 2 17 200
364 2 18 200
364 3 5 440
364 3 6 440
364 3 7 440
364 3 8 440
364 3 9 440
364 3 10 440
364 3 11 440
364 3 12 440
364 3 13 440
364 4 26 110
364 4 27 110
364 5 28 90
364 5 29 90
364 5 30 90
365 1 2 150
365 1 3 150
365 2 17 200
365 2 18 200
365 3 5 440
365 3 6 440
365 3 7 440
365 3 8 440
365 3 9 440
365 3 10 440
365 3 11 440
365 3 12 440
365 3 13 440
365 4 26 110
365 4 27 110
365 5 28 90
365 5 29 90
365 5 30 90
366 1 2 150
366 1 3 150
366 2 17 200
366 2 18 200
366 3 5 440
366 3 6 440
366 3 7 440
366 3 8 440
366 3 9 440
366 3 10 440
366 3 11 440
366 3 12 440
366 3 13 440
366 4 26 110
366 4 27 110
366 5 28 90
366 5 29 90
366 5 30 90
367 1 2 150
367 1 3 150
367 2 17 200
367 2 18 200
367 3 5 440
367 3 6 440
367 3 7 440
367 3 8 440
367 3 9 440
367 3 10 440
367 3 11 440
367 3 12 440
367 3 13 440
367 4 26 110
367 4 27 110
367 5 28 90
367 5 29 90
367 5 30 90
368 1 2 150
368 1 3 150
368 2 17 200
368 2 18 200
368 3 5 440
368 3 6 440
368 3 7 440
368 3 8 440
368 3 9 440
368 3 10 440
368 3 11 440
368 3 12 440
368 3 13 440
368 4 26 110
368 4 27 110
368 5 28 90
368 5 29 90
368 5 30 90
369 1 2 150
369 1 3 150
369 2 17 200
369 2 18 200
369 3 5 440
369 3 6 440
369 3 7 440
369 3 8 440
369 3 9 440
369 3 10 440
369 3 11 440
369 3 12 440
369 3 13 440
369 4 26 110
369 4 27 110
369 5 28 90
369 5 29 90
369 5 30 90
370 1 2 150
370 1 3 150
370 2 17 200
370 2 18 200
370 3 5 440
370 3 6 440
370 3 7 440
370 3 8 440
370 3 9 440
370 3 10 440
370 3 11 440
370 3 12 440
370 3 13 440
370 4 26 110
370 4 27 110
370 5 28 90
370 5 29 90
370 5 30 90
371 1 2 150
371 1 3 150
371 2 17 200
371 2 18 200
371 3 5 440
371 3 6 440
371 3 7 440
371 3 8 440
371 3 9 440
371 3 10 440
371 3 11 440
371 3 12 440
371 3 13 440
371 4 26 110
371 4 27 110
371 5 28 90
371 5 29 90
371 5 30 90
372 1 2 150
372 1 3 150
372 2 17 200
372 2 18 200
372 3 5 440
372 3 6 440
372 3 7 440
372 3 8 440
372 3 9 440
372 3 10 440
372 3 11 440
372 3 12 440
372 3 13 440
372 4 26 110
372 4 27 110
372 5 28 90
372 5 29 90
372 5 30 90
373 1 2 150
373 1 3 150
373 2 17 200
373 2 18 200
373 3 5 440
373 3 6 440
373 3 7 440
373 3 8 440
373 3 9 440
373 3 10 440
373 3 11 440
373 3 12 440
373 3 13 440
373 4 26 110
373 4 27 110
373 5 28 90
373 5 29 90
373 5 30 90
374 1 2 150
374 1 3 150
374 2 17 200
374 2 18 200
374 3 5 440
374 3 6 440
374 3 7 440
374 3 8 440
374 3 9 440
374 3 10 440
374 3 11 440
374 3 12 440
374 3 13 440
374 4 26 110
374 4 27 110
374 5 28 90
374 5 29 90
374 5 30 90
375 1 2 150
375 1 3 150
375 2 17 200
375 2 18 200
375 3 5 440
375 3 6 440
375 3 7 440
375 3 8 440
375 3 9 440
375 3 10 440
375 3 11 440
375 3 12 440
375 3 13 440
375 4 26 110
375 4 27 110
375 5 28 90
375 5 29 90
375 5 30 90
376 1 2 150
376 1 3 150
376 2 17 200
376 2 18 200
376 3 5 440
376 3 6 440
376 3 7 440
376 3 8 440
376 3 9 440
376 3 10 440
376 3 11 440
376 3 12 440
376 3 13 440
376 4 26 110
376 4 27 110
376 5 28 90
376 5 29 90
376 5 30 90
377 1 2 150
377 1 3 150
377 2 17 200
377 2 18 200
377 3 5 440
377 3 6 440
377 3 7 440
377 3 8 440
377 3 9 440
377 3 10 440
377 3 11 440
377 3 12 440
377 3 13 440
377 4 26 110
377 4 27 110
377 5 28 90
377 5 29 90
377 5 30 90
378 1 2 150
378 1 3 150
378 2 17 200
378 2 18 200
378 3 5 440
378 3 6 440
378 3 7 440
378 3 8 440
378 3 9 440
378 3 10 440
378 3 11 440
378 3 12 440
378 3 13 440
378 4 26 110
378 4 27 110
378 5 28 90
378 5 29 90
378 5 30 90
379 1 2 150
379 1 3 150
379 2 17 200
379 2 18 200
379 3 5 440
379 3 6 440
379 3 7 440
379 3 8 440
379 3 9 440
379 3 10 440
379 3 11 440
379 3 12 440
379 3 13 440
379 4 26 110
379 4 27 110
379 5 28 90
379 5 29 90
379 5 30 90
380 1 2 150
380 1 3 150
380 2 17 200
380 2 18 200
380 3 5 440
380 3 6 440
380 3 7 440
380 3 8 440
380 3 9 440
380 3 10 440
380 3 11 440
380 3 12 440
380 3 13 440
380 4 26 110
380 4 27 110
380 5 28 90
380 5 29 90
380 5 30 90
381 1 2 150
381 1 3 150
381 2 17 200
381 2 18 200
381 3 5 440
381 3 6 440
381 3 7 440
381 3 8 440
381 3 9 440
381 3 10 440
381 3 11 440
381 3 12 440
381 3 13 440
381 4 26 110
381 4 27 110
381 5 28 90
381 5 29 90
381 5 30 90
382 1 2 150
382 1 3 150
382 2 17 200
382 2 18 200
382 3 5 440
382 3 6 440
382 3 7 440
382 3 8 440
382 3 9 440
382 3 10 440
382 3 11 440
382 3 12 440
382 3 13 440
382 4 26 110
382 4 27 110
382 5 28 90
382 5 29 90
382 5 30 90
383 1 2 150
383 1 3 150
383 2 17 200
383 2 18 200
383 3 5 440
383 3 6 440
383 3 7 440
383 3 8 440
383 3 9 440
383 3 10 440
383 3 11 440
383 3 12 440
383 3 13 440
383 4 26 110
383 4 27 110
383 5 28 90
383 5 29 90
383 5 30 90
384 1 2 150
384 1 3 150
384 2 17 200
384 2 18 200
384 3 5 440
384 3 6 440
384 3 7 440
384 3 8 440
384 3 9 440
384 3 10 440
384 3 11 440
384 3 12 440
384 3 13 440
384 4 26 110
384 4 27 110
384 5 28 90
384 5 29 90
384 5 30 90
385 1 2 150
385 1 3 150
385 2 17 200
385 2 18 200
385 3 5 440
385 3 6 440
385 3 7 440
385 3 8 440
385 3 9 440
385 3 10 440
385 3 11 440
385 3 12 440
385 3 13 440
385 4 26 110
385 4 27 110
385 5 28 90
385 5 29 90
385 5 30 90
386 1 2 150
386 1 3 150
386 2 17 200
386 2 18 200
386 3 5 440
386 3 6 440
386 3 7 440
386 3 8 440
386 3 9 440
386 3 10 440
386 3 11 440
386 3 12 440
386 3 13 440
386 4 26 110
386 4 27 110
386 5 28 90
386 5 29 90
386 5 30 90
387 1 2 150
387 1 3 150
387 2 17 200
387 2 18 200
387 3 5 440
387 3 6 440
387 3 7 440
387 3 8 440
387 3 9 440
387 3 10 440
387 3 11 440
387 3 12 440
387 3 13 440
387 4 26 110
387 4 27 110
387 5 28 90
387 5 29 90
387 5 30 90
388 1 2 150
388 1 3 150
388 2 17 200
388 2 18 200
388 3 5 440
388 3 6 440
388 3 7 440
388 3 8 440
388 3 9 440
388 3 10 440
388 3 11 440
388 3 12 440
388 3 13 440
388 4 26 110
388 4 27 110
388 5 28 90
388 5 29 90
388 5 30 90
389 1 2 150
389 1 3 150
389 2 17 200
389 2 18 200
389 3 5 440
389 3 6 440
389 3 7 440
389 3 8 440
389 3 9 440
389 3 10 440
389 3 11 440
389 3 12 440
389 3 13 440
389 4 26 110
389 4 27 110
389 5 28 90
389 5 29 90
389 5 30 90
390 1 2 150
390 1 3 150
390 2 17 200
390 2 18 200
390 3 5 440
390 3 6 440
390 3 7 440
390 3 8 440
390 3 9 440
390 3 10 440
390 3 11 440
390 3 12 440
390 3 13 440
390 4 26 110
390 4 27 110
390 5 28 90
390 5 29 90
390 5 30 90
391 1 2 150
391 1 3 150
391 2 17 200
391 2 18 200
391 3 5 440
391 3 6 440
391 3 7 440
391 3 8 440
391 3 9 440
391 3 10 440
391 3 11 440
391 3 12 440
391 3 13 440
391 4 26 110
391 4 27 110
391 5 28 90
391 5 29 90
391 5 30 90
392 1 2 150
392 1 3 150
392 2 17 200
392 2 18 200
392 3 5 440
392 3 6 440
392 3 7 440
392 3 8 440
392 3 9 440
392 3 10 440
392 3 11 440
392 3 12 440
392 3 13 440
392 4 26 110
392 4 27 110
392 5 28 90
392 5 29 90
392 5 30 90
393 1 2 150
393 1 3 150
393 2 17 200
393 2 18 200
393 3 5 440
393 3 6 440
393 3 7 440
393 3 8 440
393 3 9 440
393 3 10 440
393 3 11 440
393 3 12 440
393 3 13 440
393 4 26 110
393 4 27 110
393 5 28 90
393 5 29 90
393 5 30 90
394 1 2 150
394 1 3 150
394 2 17 200
394 2 18 200
394 3 5 440
394 3 6 440
394 3 7 440
394 3 8 440
394 3 9 440
394 3 10 440
394 3 11 440
394 3 12 440
394 3 13 440
394 4 26 110
394 4 27 110
394 5 28 90
394 5 29 90
394 5 30 90
395 1 2 150
395 1 3 150
395 2 17 200
395 2 18 200
395 3 5 440
395 3 6 440
395 3 7 440
395 3 8 440
395 3 9 440
395 3 10 440
395 3 11 440
395 3 12 440
395 3 13 440
395 4 26 110
395 4 27 110
395 5 28 90
395 5 29 90
395 5 30 90
396 1 2 150
396 1 3 150
396 2 17 200
396 2 18 200
396 3 5 440
396 3 6 440
396 3 7 440
396 3 8 440
396 3 9 440
396 3 10 440
396 3 11 440
396 3 12 440
396 3 13 440
396 4 26 110
396 4 27 110
396 5 28 90
396 5 29 90
396 5 30 90
397 1 2 150
397 1 3 150
397 2 17 200
397 2 18 200
397 3 5 440
397 3 6 440
397 3 7 440
397 3 8 440
397 3 9 440
397 3 10 440
397 3 11 440
397 3 12 440
397 3 13 440
397 4 26 110
397 4 27 110
397 5 28 90
397 5 29 90
397 5 30 90
398 1 2 150
398 1 3 150
398 2 17 200
398 2 18 200
398 3 5 440
398 3 6 440
398 3 7 440
398 3 8 440
398 3 9 440
398 3 10 440
398 3 11 440
398 3 12 440
398 3 13 440
398 4 26 110
398 4 27 110
398 5 28 90
398 5 29 90
398 5 30 90
399 1 2 150
399 1 3 150
399 2 17 200
399 2 18 200
399 3 5 440
399 3 6 440
399 3 7 440
399 3 8 440
399 3 9 440
399 3 10 440
399 3 11 440
399 3 12 440
399 3 13 440
399 4 26 110
399 4 27 110
399 5 28 90
399 5 29 90
399 5 30 90
400 1 2 150
400 1 3 150
400 2 17 200
400 2 18 200
400 3 5 440
400 3 6 440
400 3 7 440
400 3 8 440
400 3 9 440
400 3 10 440
400 3 11 440
400 3 12 440
400 3 13 440
400 4 26 110
400 4 27 110
400 5 28 90
400 5 29 90
400 5 30 90
401 1 2 150
401 1 3 150
401 2 17 200
401 2 18 200
401 3 5 440
401 3 6 440
401 3 7 440
401 3 8 440
401 3 9 440
401 3 10 440
401 3 11 440
401 3 12 440
401 3 13 440
401 4 26 110
401 4 27 110
401 5 28 90
401 5 29 90
401 5 30 90
402 1 2 150
402 1 3 150
402 2 17 200
402 2 18 200
402 3 5 440
402 3 6 440
402 3 7 440
402 3 8 440
402 3 9 440
402 3 10 440
402 3 11 440
402 3 12 440
402 3 13 440
402 4 26 110
402 4 27 110
402 5 28 90
402 5 29 90
402 5 30 90
403 1 2 150
403 1 3 150
403 2 17 200
403 2 18 200
403 3 5 440
403 3 6 440
403 3 7 440
403 3 8 440
403 3 9 440
403 3 10 440
403 3 11 440
403 3 12 440
403 3 13 440
403 4 26 110
403 4 27 110
403 5 28 90
403 5 29 90
403 5 30 90
404 1 2 150
404 1 3 150
404 2 17 200
404 2 18 200
404 3 5 440
404 3 6 440
404 3 7 440
404 3 8 440
404 3 9 440
404 3 10 440
404 3 11 440
404 3 12 440
404 3 13 440
404 4 26 110
404 4 27 110
404 5 28 90
404 5 29 90
404 5 30 90
405 1 2 150
405 1 3 150
405 2 17 200
405 2 18 200
405 3 5 440
405 3 6 440
405 3 7 440
405 3 8 440
405 3 9 440
405 3 10 440
405 3 11 440
405 3 12 440
405 3 13 440
405 4 26 110
405 4 27 110
405 5 28 90
405 5 29 90
405 5 30 90
406 1 2 150
406 1 3 150
406 2 17 200
406 2 18 200
406 3 5 440
406 3 6 440
406 3 7 440
406 3 8 440
406 3 9 440
406 3 10 440
406 3 11 440
406 3 12 440
406 3 13 440
406 4 26 110
406 4 27 110
406 5 28 90
406 5 29 90
406 5 30 90
407 1 2 150
407 1 3 150
407 2 17 200
407 2 18 200
407 3 5 440
407 3 6 440
407 3 7 440
407 3 8 440
407 3 9 440
407 3 10 440
407 3 11 440
407 3 12 440
407 3 13 440
407 4 26 110
407 4 27 110
407 5 28 90
407 5 29 90
407 5 30 90
408 1 2 150
408 1 3 150
408 2 17 200
408 2 18 200
408 3 5 440
408 3 6 440
408 3 7 440
408 3 8 440
408 3 9 440
408 3 10 440
408 3 11 440
408 3 12 440
408 3 13 440
408 4 26 110
408 4 27 110
408 5 28 90
408 5 29 90
408 5 30 90
409 1 2 150
409 1 3 150
409 2 17 200
409 2 18 200
409 3 5 440
409 3 6 440
409 3 7 440
409 3 8 440
409 3 9 440
409 3 10 440
409 3 11 440
409 3 12 440
409 3 13 440
409 4 26 110
409 4 27 110
409 5 28 90
409 5 29 90
409 5 30 90
410 1 2 150
410 1 3 150
410 2 17 200
410 2 18 200
410 3 5 440
410 3 6 440
410 3 7 440
410 3 8 440
410 3 9 440
410 3 10 440
410 3 11 440
410 3 12 440
410 3 13 440
410 4 26 110
410 4 27 110
410 5 28 90
410 5 29 90
410 5 30 90
411 1 2 150
411 1 3 150
411 2 17 200
411 2 18 200
411 3 5 440
411 3 6 440
411 3 7 440
411 3 8 440
411 3 9 440
411 3 10 440
411 3 11 440
411 3 12 440
411 3 13 440
411 4 26 110
411 4 27 110
411 5 28 90
411 5 29 90
411 5 30 90
412 1 2 150
412 1 3 150
412 2 17 200
412 2 18 200
412 3 5 440
412 3 6 440
412 3 7 440
412 3 8 440
412 3 9 440
412 3 10 440
412 3 11 440
412 3 12 440
412 3 13 440
412 4 26 110
412 4 27 110
412 5 28 90
412 5 29 90
412 5 30 90
413 1 2 150
413 1 3 150
413 2 17 200
413 2 18 200
413 3 5 440
413 3 6 440
413 3 7 440
413 3 8 440
413 3 9 440
413 3 10 440
413 3 11 440
413 3 12 440
413 3 13 440
413 4 26 110
413 4 27 110
413 5 28 90
413 5 29 90
413 5 30 90
414 1 2 150
414 1 3 150
414 2 17 200
414 2 18 200
414 3 5 440
414 3 6 440
414 3 7 440
414 3 8 440
414 3 9 440
414 3 10 440
414 3 11 440
414 3 12 440
414 3 13 440
414 4 26 110
414 4 27 110
414 5 28 90
414 5 29 90
414 5 30 90
415 1 2 150
415 1 3 150
415 2 17 200
415 2 18 200
415 3 5 440
415 3 6 440
415 3 7 440
415 3 8 440
415 3 9 440
415 3 10 440
415 3 11 440
415 3 12 440
415 3 13 440
415 4 26 110
415 4 27 110
415 5 28 90
415 5 29 90
415 5 30 90
416 1 2 150
416 1 3 150
416 2 17 200
416 2 18 200
416 3 5 440
416 3 6 440
416 3 7 440
416 3 8 440
416 3 9 440
416 3 10 440
416 3 11 440
416 3 12 440
416 3 13 440
416 4 26 110
416 4 27 110
416 5 28 90
416 5 29 90
416 5 30 90
417 1 2 150
417 1 3 150
417 2 17 200
417 2 18 200
417 3 5 440
417 3 6 440
417 3 7 440
417 3 8 440
417 3 9 440
417 3 10 440
417 3 11 440
417 3 12 440
417 3 13 440
417 4 26 110
417 4 27 110
417 5 28 90
417 5 29 90
417 5 30 90
418 1 2 150
418 1 3 150
418 2 17 200
418 2 18 200
418 3 5 440
418 3 6 440
418 3 7 440
418 3 8 440
418 3 9 440
418 3 10 440
418 3 11 440
418 3 12 440
418 3 13 440
418 4 26 110
418 4 27 110
418 5 28 90
418 5 29 90
418 5 30 90
419 1 2 150
419 1 3 150
419 2 17 200
419 2 18 200
419 3 5 440
419 3 6 440
419 3 7 440
419 3 8 440
419 3 9 440
419 3 10 440
419 3 11 440
419 3 12 440
419 3 13 440
419 4 26 110
419 4 27 110
419 5 28 90
419 5 29 90
419 5 30 90
420 1 2 150
420 1 3 150
420 2 17 200
420 2 18 200
420 3 5 440
420 3 6 440
420 3 7 440
420 3 8 440
420 3 9 440
420 3 10 440
420 3 11 440
420 3 12 440
420 3 13 440
420 4 26 110
420 4 27 110
420 5 28 90
420 5 29 90
420 5 30 90
421 1 2 150
421 1 3 150
421 2 17 200
421 2 18 200
421 3 5 440
421 3 6 440
421 3 7 440
421 3 8 440
421 3 9 440
421 3 10 440
421 3 11 440
421 3 12 440
421 3 13 440
421 4 26 110
421 4 27 110
421 5 28 90
421 5 29 90
421 5 30 90
422 1 2 150
422 1 3 150
422 2 17 200
422 2 18 200
422 3 5 440
422 3 6 440
422 3 7 440
422 3 8 440
422 3 9 440
422 3 10 440
422 3 11 440
422 3 12 440
422 3 13 440
422 4 26 110
422 4 27 110
422 5 28 90
422 5 29 90
422 5 30 90
423 1 2 150
423 1 3 150
423 2 17 200
423 2 18 200
423 3 5 440
423 3 6 440
423 3 7 440
423 3 8 440
423 3 9 440
423 3 10 440
423 3 11 440
423 3 12 440
423 3 13 440
423 4 26 110
423 4 27 110
423 5 28 90
423 5 29 90
423 5 30 90
424 1 2 150
424 1 3 150
424 2 17 200
424 2 18 200
424 3 5 440
424 3 6 440
424 3 7 440
424 3 8 440
424 3 9 440
424 3 10 440
424 3 11 440
424 3 12 440
424 3 13 440
424 4 26 110
424 4 27 110
424 5 28 90
424 5 29 90
424 5 30 90
425 1 2 150
425 1 3 150
425 2 17 200
425 2 18 200
425 3 5 440
425 3 6 440
425 3 7 440
425 3 8 440
425 3 9 440
425 3 10 440
425 3 11 440
425 3 12 440
425 3 13 440
425 4 26 110
425 4 27 110
425 5 28 90
425 5 29 90
425 5 30 90
426 1 2 150
426 1 3 150
426 2 17 200
426 2 18 200
426 3 5 440
426 3 6 440
426 3 7 440
426 3 8 440
426 3 9 440
426 3 10 440
426 3 11 440
426 3 12 440
426 3 13 440
426 4 26 110
426 4 27 110
426 5 28 90
426 5 29 90
426 5 30 90
427 1 2 150
427 1 3 150
427 2 17 200
427 2 18 200
427 3 5 440
427 3 6 440
427 3 7 440
427 3 8 440
427 3 9 440
427 3 10 440
427 3 11 440
427 3 12 440
427 3 13 440
427 4 26 110
427 4 27 110
427 5 28 90
427 5 29 90
427 5 30 90
428 1 2 150
428 1 3 150
428 2 17 200
428 2 18 200
428 3 5 440
428 3 6 440
428 3 7 440
428 3 8 440
428 3 9 440
428 3 10 440
428 3 11 440
428 3 12 440
428 3 13 440
428 4 26 110
428 4 27 110
428 5 28 90
428 5 29 90
428 5 30 90
429 1 2 150
429 1 3 150
429 2 17 200
429 2 18 200
429 3 5 440
429 3 6 440
429 3 7 440
429 3 8 440
429 3 9 440
429 3 10 440
429 3 11 440
429 3 12 440
429 3 13 440
429 4 26 110
429 4 27 110
429 5 28 90
429 5 29 90
429 5 30 90
430 1 2 150
430 1 3 150
430 2 17 200
430 2 18 200
430 3 5 440
430 3 6 440
430 3 7 440
430 3 8 440
430 3 9 440
430 3 10 440
430 3 11 440
430 3 12 440
430 3 13 440
430 4 26 110
430 4 27 110
430 5 28 90
430 5 29 90
430 5 30 90
431 1 2 150
431 1 3 150
431 2 17 200
431 2 18 200
431 3 5 440
431 3 6 440
431 3 7 440
431 3 8 440
431 3 9 440
431 3 10 440
431 3 11 440
431 3 12 440
431 3 13 440
431 4 26 110
431 4 27 110
431 5 28 90
431 5 29 90
431 5 30 90
432 1 2 150
432 1 3 150
432 2 17 200
432 2 18 200
432 3 5 440
432 3 6 440
432 3 7 440
432 3 8 440
432 3 9 440
432 3 10 440
432 3 11 440
432 3 12 440
432 3 13 440
432 4 26 110
432 4 27 110
432 5 28 90
432 5 29 90
432 5 30 90
433 1 2 150
433 1 3 150
433 2 17 200
433 2 18 200
433 3 5 440
433 3 6 440
433 3 7 440
433 3 8 440
433 3 9 440
433 3 10 440
433 3 11 440
433 3 12 440
433 3 13 440
433 4 26 110
433 4 27 110
433 5 28 90
433 5 29 90
433 5 30 90
434 1 2 150
434 1 3 150
434 2 17 200
434 2 18 200
434 3 5 440
434 3 6 440
434 3 7 440
434 3 8 440
434 3 9 440
434 3 10 440
434 3 11 440
434 3 12 440
434 3 13 440
434 4 26 110
434 4 27 110
434 5 28 90
434 5 29 90
434 5 30 90
435 1 2 150
435 1 3 150
435 2 17 200
435 2 18 200
435 3 5 440
435 3 6 440
435 3 7 440
435 3 8 440
435 3 9 440
435 3 10 440
435 3 11 440
435 3 12 440
435 3 13 440
435 4 26 110
435 4 27 110
435 5 28 90
435 5 29 90
435 5 30 90
436 1 2 150
436 1 3 150
436 2 17 200
436 2 18 200
436 3 5 440
436 3 6 440
436 3 7 440
436 3 8 440
436 3 9 440
436 3 10 440
436 3 11 440
436 3 12 440
436 3 13 440
436 4 26 110
436 4 27 110
436 5 28 90
436 5 29 90
436 5 30 90
437 1 2 150
437 1 3 150
437 2 17 200
437 2 18 200
437 3 5 440
437 3 6 440
437 3 7 440
437 3 8 440
437 3 9 440
437 3 10 440
437 3 11 440
437 3 12 440
437 3 13 440
437 4 26 110
437 4 27 110
437 5 28 90
437 5 29 90
437 5 30 90
438 1 2 150
438 1 3 150
438 2 17 200
438 2 18 200
438 3 5 440
438 3 6 440
438 3 7 440
438 3 8 440
438 3 9 440
438 3 10 440
438 3 11 440
438 3 12 440
438 3 13 440
438 4 26 110
438 4 27 110
438 5 28 90
438 5 29 90
438 5 30 90
439 1 2 150
439 1 3 150
439 2 17 200
439 2 18 200
439 3 5 440
439 3 6 440
439 3 7 440
439 3 8 440
439 3 9 440
439 3 10 440
439 3 11 440
439 3 12 440
439 3 13 440
439 4 26 110
439 4 27 110
439 5 28 90
439 5 29 90
439 5 30 90
