366
30
2 2 2 2 2 2 2 2 2 2 2 2 2 2 2 2 2 2 2 2 2 2 2 2 2 2 2 2 2 2 2 2 2 2 2 2 2 2 2 2 2 2 2 2 2 2 2 2 2 2 2 2 2 2 2 2 2 2 2 2 2 2 2 2 2 2 2 2 2 2 2 2 2 2 2 2 2 2 2 2 2 2 2 2 2 2 2 2 2 2 2 2 2 2 2 2 2 2 2 2 2 2 2 2 2 2 2 2 2 2 2 2 2 2 2 2 2 2 2 2 2 2 2 2 2 2 2 2 2 2 2 2 2 2 2 2 2 2 2 2 2 2 2 2 2 2 2 2 2 2 6 6 6 6 6 6 6 6 6 6 6 6 6 6 6 6 6 6 6 6 6 6 6 6 6 6 6 6 6 6 6 6 6 6 6 6 6 6 6 6 6 6 6 6 6 6 6 6 6 6 6 6 6 6 6 6 6 6 6 6 6 6 6 6 6 6 6 6 6 6 6 6 6 6 6 6 6 6 6 6 6 6 6 6 6 6 6 6 6 6 6 6 6 6 6 6 6 6 6 6 6 6 6 6 6 6 6 6 6 6 6 6 6 6 6 6 6 6 6 6 6 6 6 6 6 6 6 6 6 6 6 6 6 6 6 6 6 6 6 6 6 6 6 6 6 6 6 6 6 6 6 6 6 6 6 6 6 6 6 6 6 6 6 6 6 6 6 6 6 6 6 6 6 6 6 6 6 6 6 6 6 6 6 6 6 6 6 6 6 6 6 6 6 6 6 6 6 6 6 6 6 6 6 6 6 6 6 6 6 6 6 6 6 6 6 6
28800 28800 28800 28800 28800 28800 28800 28800 28800 28800 28800 28800 28800 28800 28800 28800 28800 28800 28800 28800 28800 28800 28800 28800 28800 28800 28800 28800 28800 28800 28800 28800 28800 28800 28800 28800 28800 28800 28800 28800 28800 28800 28800 28800 28800 28800 28800 28800 28800 28800 28800 28800 28800 28800 28800 28800 28800 28800 28800 28800 28800 28800 28800 28800 28800 28800 28800 28800 28800 28800 28800 28800 28800 28800 28800 28800 28800 28800 28800 28800 28800 28800 28800 28800 28800 28800 28800 28800 28800 28800 28800 28800 28800 28800 28800 28800 28800 28800 28800 28800 28800 28800 28800 28800 28800 28800 28800 28800 28800 28800 28800 28800 28800 28800 28800 28800 28800 28800 28800 28800 28800 28800 28800 28800 28800 28800 28800 28800 28800 28800 28800 28800 28800 28800 28800 28800 28800 28800 28800 28800 28800 28800 28800 28800 28800 28800 28800 28800 28800 28800 28800 28800 28800 28800 28800 28800 28800 28800 28800 28800 28800 28800 28800 28800 28800 28800 28800 28800 28800 28800 28800 28800 28800 28800 28800 28800 28800 28800 28800 28800 28800 28800 28800 28800 28800 28800 28800 28800 28800 28800 28800 28800 28800 28800 28800 28800 28800 28800 28800 28800 28800 28800 28800 28800 28800 28800 28800 28800 28800 28800 28800 28800 28800 28800 28800 28800 28800 28800 28800 28800 28800 28800 28800 28800 28800 28800 28800 28800 28800 28800 28800 28800 28800 28800 28800 28800 28800 28800 28800 28800 28800 28800 28800 28800 28800 28800 28800 28800 28800 28800 28800 28800 28800 28800 28800 28800 28800 28800 28800 28800 28800 28800 28800 28800 28800 28800 28800 28800 28800 28800 28800 28800 28800 28800 28800 28800 28800 28800 28800 28800 28800 28800 28800 28800 28800 28800 28800 28800 28800 28800 28800 28800 28800 28800 28800 28800 28800 28800 28800 28800 28800 28800 28800 28800 28800 28800 28800 28800 28800 28800 28800 28800 28800 28800 28800 28800 28800 28800 28800 28800 28800 28800 28800 28800 28800 28800 28800 28800 28800 28800 28800 28800 28800 28800 28800 28800 28800 28800 28800 28800 28800 28800 28800 28800 28800 28800 28800 28800 28800 28800 28800 28800 28800 28800 28800 28800 28800 28800 28800 28800 28800 28800 28800 28800 28800 28800
1 1 2 30
1 1 3 30
1 2 14 40
1 2 15 40
1 2 16 40
2 1 2 30
2 1 3 30
2 2 14 40
2 2 15 40
2 2 16 40
3 1 2 30
3 1 3 30
3 2 14 40
3 2 15 40
3 2 16 40
4 1 2 30
4 1 3 30
4 2 14 40
4 2 15 40
4 2 16 40
5 1 2 30
5 1 3 30
5 2 14 40
5 2 15 40
5 2 16 40
6 1 2 30
6 1 3 30
6 2 14 40
6 2 15 40
6 2 16 40
7 1 2 30
7 1 3 30
7 2 14 40
7 2 15 40
7 2 16 40
8 1 2 30
8 1 3 30
8 2 14 40
8 2 15 40
8 2 16 40
9 1 2 30
9 1 3 30
9 2 14 40
9 2 15 40
9 2 16 40
10 1 2 30
10 1 3 30
10 2 14 40
10 2 15 40
10 2 16 40
11 1 2 30
11 1 3 30
11 2 14 40
11 2 15 40
11 2 16 40
12 1 2 30
12 1 3 30
12 2 14 40
12 2 15 40
12 2 16 40
13 1 2 30
13 1 3 30
13 2 14 40
13 2 15 40
13 2 16 40
14 1 2 30
14 1 3 30
14 2 14 40
14 2 15 40
14 2 16 40
15 1 2 30
15 1 3 30
15 2 14 40
15 2 15 40
15 2 16 40
16 1 2 30
16 1 3 30
16 2 14 40
16 2 15 40
16 2 16 40
17 1 2 30
17 1 3 30
17 2 14 40
17 2 15 40
17 2 16 40
18 1 2 30
18 1 3 30
18 2 14 40
18 2 15 40
18 2 16 40
19 1 2 30
19 1 3 30
19 2 14 40
19 2 15 40
19 2 16 40
20 1 2 30
20 1 3 30
20 2 14 40
20 2 15 40
20 2 16 40
21 1 2 30
21 1 3 30
21 2 14 40
21 2 15 40
21 2 16 40
22 1 2 30
22 1 3 30
22 2 14 40
22 2 15 40
22 2 16 40
23 1 2 30
23 1 3 30
23 2 14 40
23 2 15 40
23 2 16 40
24 1 2 30
24 1 3 30
24 2 14 40
24 2 15 40
24 2 16 40
25 1 2 30
25 1 3 30
25 2 14 40
25 2 15 40
25 2 16 40
26 1 2 30
26 1 3 30
26 2 14 40
26 2 15 40
26 2 16 40
27 1 2 30
27 1 3 30
27 2 14 40
27 2 15 40
27 2 16 40
28 1 2 30
28 1 3 30
28 2 14 40
28 2 15 40
28 2 16 40
29 1 2 30
29 1 3 30
29 2 14 40
29 2 15 40
29 2 16 40
30 1 2 30
30 1 3 30
30 2 14 40
30 2 15 40
30 2 16 40
31 1 2 30
31 1 3 30
31 2 14 40
31 2 15 40
31 2 16 40
32 1 2 30
32 1 3 30
32 2 14 40
32 2 15 40
32 2 16 40
33 1 2 30
33 1 3 30
33 2 14 40
33 2 15 40
33 2 16 40
34 1 2 30
34 1 3 30
34 2 14 40
34 2 15 40
34 2 16 40
35 1 2 30
35 1 3 30
35 2 14 40
35 2 15 40
35 2 16 40
36 1 2 30
36 1 3 30
36 2 14 40
36 2 15 40
36 2 16 40
37 1 2 30
37 1 3 30
37 2 14 40
37 2 15 40
37 2 16 40
38 1 2 30
38 1 3 30
38 2 14 40
38 2 15 40
38 2 16 40
39 1 2 30
39 1 3 30
39 2 14 40
39 2 15 40
39 2 16 40
40 1 2 30
40 1 3 30
40 2 14 40
40 2 15 40
40 2 16 40
41 1 2 30
41 1 3 30
41 2 14 40
41 2 15 40
41 2 16 40
42 1 2 30
42 1 3 30
42 2 14 40
42 2 15 40
42 2 16 40
43 1 2 30
43 1 3 30
43 2 14 40
43 2 15 40
43 2 16 40
44 1 2 30
44 1 3 30
44 2 14 40
44 2 15 40
44 2 16 40
45 1 2 30
45 1 3 30
45 2 14 40
45 2 15 40
45 2 16 40
46 1 2 30
46 1 3 30
46 2 14 40
46 2 15 40
46 2 16 40
47 1 2 30
47 1 3 30
47 2 14 40
47 2 15 40
47 2 16 40
48 1 2 30
48 1 3 30
48 2 14 40
48 2 15 40
48 2 16 40
49 1 2 30
49 1 3 30
49 2 14 40
49 2 15 40
49 2 16 40
50 1 2 30
50 1 3 30
50 2 14 40
50 2 15 40
50 2 16 40
51 1 2 30
51 1 3 30
51 2 14 40
51 2 15 40
51 2 16 40
52 1 2 30
52 1 3 30
52 2 14 40
52 2 15 40
52 2 16 40
53 1 2 30
53 1 3 30
53 2 14 40
53 2 15 40
53 2 16 40
54 1 2 30
54 1 3 30
54 2 14 40
54 2 15 40
54 2 16 40
55 1 2 30
55 1 3 30
55 2 14 40
55 2 15 40
55 2 16 40
56 1 2 30
56 1 3 30
56 2 14 40
56 2 15 40
56 2 16 40
57 1 2 30
57 1 3 30
57 2 14 40
57 2 15 40
57 2 16 40
58 1 2 30
58 1 3 30
58 2 14 40
58 2 15 40
58 2 16 40
59 1 2 30
59 1 3 30
59 2 14 40
59 2 15 40
59 2 16 40
60 1 2 30
60 1 3 30
60 2 14 40
60 2 15 40
60 2 16 40
61 1 2 30
61 1 3 30
61 2 14 40
61 2 15 40
61 2 16 40
62 1 2 30
62 1 3 30
62 2 14 40
62 2 15 40
62 2 16 40
63 1 2 30
63 1 3 30
63 2 14 40
63 2 15 40
63 2 16 40
64 1 2 30
64 1 3 30
64 2 14 40
64 2 15 40
64 2 16 40
65 1 2 30
65 1 3 30
65 2 14 40
65 2 15 40
65 2 16 40
66 1 2 30
66 1 3 30
66 2 14 40
66 2 15 40
66 2 16 40
67 1 2 30
67 1 3 30
67 2 14 40
67 2 15 40
67 2 16 40
68 1 2 30
68 1 3 30
68 2 14 40
68 2 15 40
68 2 16 40
69 1 2 30
69 1 3 30
69 2 14 40
69 2 15 40
69 2 16 40
70 1 2 30
70 1 3 30
70 2 14 40
70 2 15 40
70 2 16 40
71 1 2 30
71 1 3 30
71 2 14 40
71 2 15 40
71 2 16 40
72 1 2 30
72 1 3 30
72 2 14 40
72 2 15 40
72 2 16 40
73 1 2 30
73 1 3 30
73 2 14 40
73 2 15 40
73 2 16 40
74 1 2 30
74 1 3 30
74 2 14 40
74 2 15 40
74 2 16 40
75 1 2 30
75 1 3 30
75 2 14 40
75 2 15 40
75 2 16 40
76 1 2 30
76 1 3 30
76 2 14 40
76 2 15 40
76 2 16 40
77 1 2 30
77 1 3 30
77 2 14 40
77 2 15 40
77 2 16 40
78 1 2 30
78 1 3 30
78 2 14 40
78 2 15 40
78 2 16 40
79 1 2 30
79 1 3 30
79 2 14 40
79 2 15 40
79 2 16 40
80 1 2 30
80 1 3 30
80 2 14 40
80 2 15 40
80 2 16 40
81 1 2 30
81 1 3 30
81 2 14 40
81 2 15 40
81 2 16 40
82 1 2 30
82 1 3 30
82 2 14 40
82 2 15 40
82 2 16 40
83 1 2 30
83 1 3 30
83 2 14 40
83 2 15 40
83 2 16 40
84 1 2 30
84 1 3 30
84 2 14 40
84 2 15 40
84 2 16 40
85 1 2 30
85 1 3 30
85 2 14 40
85 2 15 40
85 2 16 40
86 1 2 30
86 1 3 30
86 2 14 40
86 2 15 40
86 2 16 40
87 1 2 30
87 1 3 30
87 2 14 40
87 2 15 40
87 2 16 40
88 1 2 30
88 1 3 30
88 2 14 40
88 2 15 40
88 2 16 40
89 1 2 30
89 1 3 30
89 2 14 40
89 2 15 40
89 2 16 40
90 1 2 30
90 1 3 30
90 2 14 40
90 2 15 40
90 2 16 40
91 1 2 30
91 1 3 30
91 2 14 40
91 2 15 40
91 2 16 40
92 1 2 30
92 1 3 30
92 2 14 40
92 2 15 40
92 2 16 40
93 1 2 30
93 1 3 30
93 2 14 40
93 2 15 40
93 2 16 40
94 1 2 30
94 1 3 30
94 2 14 40
94 2 15 40
94 2 16 40
95 1 2 30
95 1 3 30
95 2 14 40
95 2 15 40
95 2 16 40
96 1 2 30
96 1 3 30
96 2 14 40
96 2 15 40
96 2 16 40
97 1 2 30
97 1 3 30
97 2 14 40
97 2 15 40
97 2 16 40
98 1 2 30
98 1 3 30
98 2 14 40
98 2 15 40
98 2 16 40
99 1 2 30
99 1 3 30
99 2 14 40
99 2 15 40
99 2 16 40
100 1 2 30
100 1 3 30
100 2 14 40
100 2 15 40
100 2 16 40
101 1 2 30
101 1 3 30
101 2 14 40
101 2 15 40
101 2 16 40
102 1 2 30
102 1 3 30
102 2 14 40
102 2 15 40
102 2 16 40
103 1 2 30
103 1 3 30
103 2 14 40
103 2 15 40
103 2 16 40
104 1 2 30
104 1 3 30
104 2 14 40
104 2 15 40
104 2 16 40
105 1 2 30
105 1 3 30
105 2 14 40
105 2 15 40
105 2 16 40
106 1 2 30
106 1 3 30
106 2 14 40
106 2 15 40
106 2 16 40
107 1 2 30
107 1 3 30
107 2 14 40
107 2 15 40
107 2 16 40
108 1 2 30
108 1 3 30
108 2 14 40
108 2 15 40
108 2 16 40
109 1 2 30
109 1 3 30
109 2 14 40
109 2 15 40
109 2 16 40
110 1 2 30
110 1 3 30
110 2 14 40
110 2 15 40
110 2 16 40
111 1 2 30
111 1 3 30
111 2 14 40
111 2 15 40
111 2 16 40
112 1 2 30
112 1 3 30
112 2 14 40
112 2 15 40
112 2 16 40
113 1 2 30
113 1 3 30
113 2 14 40
113 2 15 40
113 2 16 40
114 1 2 30
114 1 3 30
114 2 14 40
114 2 15 40
114 2 16 40
115 1 2 30
115 1 3 30
115 2 14 40
115 2 15 40
115 2 16 40
116 1 2 30
116 1 3 30
116 2 14 40
116 2 15 40
116 2 16 40
117 1 2 30
117 1 3 30
117 2 14 40
117 2 15 40
117 2 16 40
118 1 2 30
118 1 3 30
118 2 14 40
118 2 15 40
118 2 16 40
119 1 2 30
119 1 3 30
119 2 14 40
119 2 15 40
119 2 16 40
120 1 2 30
120 1 3 30
120 2 14 40
120 2 15 40
120 2 16 40
121 1 2 30
121 1 3 30
121 2 14 40
121 2 15 40
121 2 16 40
122 1 2 30
122 1 3 30
122 2 14 40
122 2 15 40
122 2 16 40
123 1 2 30
123 1 3 30
123 2 14 40
123 2 15 40
123 2 16 40
124 1 2 30
124 1 3 30
124 2 14 40
124 2 15 40
124 2 16 40
125 1 2 30
125 1 3 30
125 2 14 40
125 2 15 40
125 2 16 40
126 1 2 30
126 1 3 30
126 2 14 40
126 2 15 40
126 2 16 40
127 1 2 30
127 1 3 30
127 2 14 40
127 2 15 40
127 2 16 40
128 1 2 30
128 1 3 30
128 2 14 40
128 2 15 40
128 2 16 40
129 1 2 30
129 1 3 30
129 2 14 40
129 2 15 40
129 2 16 40
130 1 2 30
130 1 3 30
130 2 14 40
130 2 15 40
130 2 16 40
131 1 2 30
131 1 3 30
131 2 14 40
131 2 15 40
131 2 16 40
132 1 2 30
132 1 3 30
132 2 14 40
132 2 15 40
132 2 16 40
133 1 2 30
133 1 3 30
133 2 14 40
133 2 15 40
133 2 16 40
134 1 2 30
134 1 3 30
134 2 14 40
134 2 15 40
134 2 16 40
135 1 2 30
135 1 3 30
135 2 14 40
135 2 15 40
135 2 16 40
136 1 2 30
136 1 3 30
136 2 14 40
136 2 15 40
136 2 16 40
137 1 2 30
137 1 3 30
137 2 14 40
137 2 15 40
137 2 16 40
138 1 2 30
138 1 3 30
138 2 14 40
138 2 15 40
138 2 16 40
139 1 2 30
139 1 3 30
139 2 14 40
139 2 15 40
139 2 16 40
140 1 2 30
140 1 3 30
140 2 14 40
140 2 15 40
140 2 16 40
141 1 2 30
141 1 3 30
141 2 14 40
141 2 15 40
141 2 16 40
142 1 2 30
142 1 3 30
142 2 14 40
142 2 15 40
142 2 16 40
143 1 2 30
143 1 3 30
143 2 14 40
143 2 15 40
143 2 16 40
144 1 2 30
144 1 3 30
144 2 14 40
144 2 15 40
144 2 16 40
145 1 2 30
145 1 3 30
145 2 14 40
145 2 15 40
145 2 16 40
146 1 2 30
146 1 3 30
146 2 14 40
146 2 15 40
146 2 16 40
147 1 2 30
147 1 3 30
147 2 14 40
147 2 15 40
147 2 16 40
148 1 2 30
148 1 3 30
148 2 14 40
148 2 15 40
148 2 16 40
149 1 2 30
149 1 3 30
149 2 14 40
149 2 15 40
149 2 16 40
150 1 2 30
150 1 3 30
150 2 14 40
150 2 15 40
150 2 16 40
151 1 2 30
151 1 3 30
151 2 14 40
151 2 15 40
151 2 16 40
151 3 21 240
151 3 22 240
151 4 23 120
151 4 24 120
151 4 25 120
151 5 26 140
151 5 27 140
151 6 28 140
151 6 29 140
151 6 30 140
152 1 2 30
152 1 3 30
152 2 14 40
152 2 15 40
152 2 16 40
152 3 21 240
152 3 22 240
152 4 23 120
152 4 24 120
152 4 25 120
152 5 26 140
152 5 27 140
152 6 28 140
152 6 29 140
152 6 30 140
153 1 2 30
153 1 3 30
153 2 14 40
153 2 15 40
153 2 16 40
153 3 21 240
153 3 22 240
153 4 23 120
153 4 24 120
153 4 25 120
153 5 26 140
153 5 27 140
153 6 28 140
153 6 29 140
153 6 30 140
154 1 2 30
154 1 3 30
154 2 14 40
154 2 15 40
154 2 16 40
154 3 21 240
154 3 22 240
154 4 23 120
154 4 24 120
154 4 25 120
154 5 26 140
154 5 27 140
154 6 28 140
154 6 29 140
154 6 30 140
155 1 2 30
155 1 3 30
155 2 14 40
155 2 15 40
155 2 16 40
155 3 21 240
155 3 22 240
155 4 23 120
155 4 24 120
155 4 25 120
155 5 26 140
155 5 27 140
155 6 28 140
155 6 29 140
155 6 30 140
156 1 2 30
156 1 3 30
156 2 14 40
156 2 15 40
156 2 16 40
156 3 21 240
156 3 22 240
156 4 23 120
156 4 24 120
156 4 25 120
156 5 26 140
156 5 27 140
156 6 28 140
156 6 29 140
156 6 30 140
157 1 2 30
157 1 3 30
157 2 14 40
157 2 15 40
157 2 16 40
157 3 21 240
157 3 22 240
157 4 23 120
157 4 24 120
157 4 25 120
157 5 26 140
157 5 27 140
157 6 28 140
157 6 29 140
157 6 30 140
158 1 2 30
158 1 3 30
158 2 14 40
158 2 15 40
158 2 16 40
158 3 21 240
158 3 22 240
158 4 23 120
158 4 24 120
158 4 25 120
158 5 26 140
158 5 27 140
158 6 28 140
158 6 29 140
158 6 30 140
159 1 2 30
159 1 3 30
159 2 14 40
159 2 15 40
159 2 16 40
159 3 21 240
159 3 22 240
159 4 23 120
159 4 24 120
159 4 25 120
159 5 26 140
159 5 27 140
159 6 28 140
159 6 29 140
159 6 30 140
160 1 2 30
160 1 3 30
160 2 14 40
160 2 15 40
160 2 16 40
160 3 21 240
160 3 22 240
160 4 23 120
160 4 24 120
160 4 25 120
160 5 26 140
160 5 27 140
160 6 28 140
160 6 29 140
160 6 30 140
161 1 2 30
161 1 3 30
161 2 14 40
161 2 15 40
161 2 16 40
161 3 21 240
161 3 22 240
161 4 23 120
161 4 24 120
161 4 25 120
161 5 26 140
161 5 27 140
161 6 28 140
161 6 29 140
161 6 30 140
162 1 2 30
162 1 3 30
162 2 14 40
162 2 15 40
162 2 16 40
162 3 21 240
162 3 22 240
162 4 23 120
162 4 24 120
162 4 25 120
162 5 26 140
162 5 27 140
162 6 28 140
162 6 29 140
162 6 30 140
163 1 2 30
163 1 3 30
163 2 14 40
163 2 15 40
163 2 16 40
163 3 21 240
163 3 22 240
163 4 23 120
163 4 24 120
163 4 25 120
163 5 26 140
163 5 27 140
163 6 28 140
163 6 29 140
163 6 30 140
164 1 2 30
164 1 3 30
164 2 14 40
164 2 15 40
164 2 16 40
164 3 21 240
164 3 22 240
164 4 23 120
164 4 24 120
164 4 25 120
164 5 26 140
164 5 27 140
164 6 28 140
164 6 29 140
164 6 30 140
165 1 2 30
165 1 3 30
165 2 14 40
165 2 15 40
165 2 16 40
165 3 21 240
165 3 22 240
165 4 23 120
165 4 24 120
165 4 25 120
165 5 26 140
165 5 27 140
165 6 28 140
165 6 29 140
165 6 30 140
166 1 2 30
166 1 3 30
166 2 14 40
166 2 15 40
166 2 16 40
166 3 21 240
166 3 22 240
166 4 23 120
166 4 24 120
166 4 25 120
166 5 26 140
166 5 27 140
166 6 28 140
166 6 29 140
166 6 30 140
167 1 2 30
167 1 3 30
167 2 14 40
167 2 15 40
167 2 16 40
167 3 21 240
167 3 22 240
167 4 23 120
167 4 24 120
167 4 25 120
167 5 26 140
167 5 27 140
167 6 28 140
167 6 29 140
167 6 30 140
168 1 2 30
168 1 3 30
168 2 14 40
168 2 15 40
168 2 16 40
168 3 21 240
168 3 22 240
168 4 23 120
168 4 24 120
168 4 25 120
168 5 26 140
168 5 27 140
168 6 28 140
168 6 29 140
168 6 30 140
169 1 2 30
169 1 3 30
169 2 14 40
169 2 15 40
169 2 16 40
169 3 21 240
169 3 22 240
169 4 23 120
169 4 24 120
169 4 25 120
169 5 26 140
169 5 27 140
169 6 28 140
169 6 29 140
169 6 30 140
170 1 2 30
170 1 3 30
170 2 14 40
170 2 15 40
170 2 16 40
170 3 21 240
170 3 22 240
170 4 23 120
170 4 24 120
170 4 25 120
170 5 26 140
170 5 27 140
170 6 28 140
170 6 29 140
170 6 30 140
171 1 2 30
171 1 3 30
171 2 14 40
171 2 15 40
171 2 16 40
171 3 21 240
171 3 22 240
171 4 23 120
171 4 24 120
171 4 25 120
171 5 26 140
171 5 27 140
171 6 28 140
171 6 29 140
171 6 30 140
172 1 2 30
172 1 3 30
172 2 14 40
172 2 15 40
172 2 16 40
172 3 21 240
172 3 22 240
172 4 23 120
172 4 24 120
172 4 25 120
172 5 26 140
172 5 27 140
172 6 28 140
172 6 29 140
172 6 30 140
173 1 2 30
173 1 3 30
173 2 14 40
173 2 15 40
173 2 16 40
173 3 21 240
173 3 22 240
173 4 23 120
173 4 24 120
173 4 25 120
173 5 26 140
173 5 27 140
173 6 28 140
173 6 29 140
173 6 30 140
174 1 2 30
174 1 3 30
174 2 14 40
174 2 15 40
174 2 16 40
174 3 21 240
174 3 22 240
174 4 23 120
174 4 24 120
174 4 25 120
174 5 26 140
174 5 27 140
174 6 28 140
174 6 29 140
174 6 30 140
175 1 2 30
175 1 3 30
175 2 14 40
175 2 15 40
175 2 16 40
175 3 21 240
175 3 22 240
175 4 23 120
175 4 24 120
175 4 25 120
175 5 26 140
175 5 27 140
175 6 28 140
175 6 29 140
175 6 30 140
176 1 2 30
176 1 3 30
176 2 14 40
176 2 15 40
176 2 16 40
176 3 21 240
176 3 22 240
176 4 23 120
176 4 24 120
176 4 25 120
176 5 26 140
176 5 27 140
176 6 28 140
176 6 29 140
176 6 30 140
177 1 2 30
177 1 3 30
177 2 14 40
177 2 15 40
177 2 16 40
177 3 21 240
177 3 22 240
177 4 23 120
177 4 24 120
177 4 25 120
177 5 26 140
177 5 27 140
177 6 28 140
177 6 29 140
177 6 30 140
178 1 2 30
178 1 3 30
178 2 14 40
178 2 15 40
178 2 16 40
178 3 21 240
178 3 22 240
178 4 23 120
178 4 24 120
178 4 25 120
178 5 26 140
178 5 27 140
178 6 28 140
178 6 29 140
178 6 30 140
179 1 2 30
179 1 3 30
179 2 14 40
179 2 15 40
179 2 16 40
179 3 21 240
179 3 22 240
179 4 23 120
179 4 24 120
179 4 25 120
179 5 26 140
179 5 27 140
179 6 28 140
179 6 29 140
179 6 30 140
180 1 2 30
180 1 3 30
180 2 14 40
180 2 15 40
180 2 16 40
180 3 21 240
180 3 22 240
180 4 23 120
180 4 24 120
180 4 25 120
180 5 26 140
180 5 27 140
180 6 28 140
180 6 29 140
180 6 30 140
181 1 2 30
181 1 3 30
181 2 14 40
181 2 15 40
181 2 16 40
181 3 21 240
181 3 22 240
181 4 23 120
181 4 24 120
181 4 25 120
181 5 26 140
181 5 27 140
181 6 28 140
181 6 29 140
181 6 30 140
182 1 2 30
182 1 3 30
182 2 14 40
182 2 15 40
182 2 16 40
182 3 21 240
182 3 22 240
182 4 23 120
182 4 24 120
182 4 25 120
182 5 26 140
182 5 27 140
182 6 28 140
182 6 29 140
182 6 30 140
183 1 2 30
183 1 3 30
183 2 14 40
183 2 15 40
183 2 16 40
183 3 21 240
183 3 22 240
183 4 23 120
183 4 24 120
183 4 25 120
183 5 26 140
183 5 27 140
183 6 28 140
183 6 29 140
183 6 30 140
184 1 2 30
184 1 3 30
184 2 14 40
184 2 15 40
184 2 16 40
184 3 21 240
184 3 22 240
184 4 23 120
184 4 24 120
184 4 25 120
184 5 26 140
184 5 27 140
184 6 28 140
184 6 29 140
184 6 30 140
185 1 2 30
185 1 3 30
185 2 14 40
185 2 15 40
185 2 16 40
185 3 21 240
185 3 22 240
185 4 23 120
185 4 24 120
185 4 25 120
185 5 26 140
185 5 27 140
185 6 28 140
185 6 29 140
185 6 30 140
186 1 2 30
186 1 3 30
186 2 14 40
186 2 15 40
186 2 16 40
186 3 21 240
186 3 22 240
186 4 23 120
186 4 24 120
186 4 25 120
186 5 26 140
186 5 27 140
186 6 28 140
186 6 29 140
186 6 30 140
187 1 2 30
187 1 3 30
187 2 14 40
187 2 15 40
187 2 16 40
187 3 21 240
187 3 22 240
187 4 23 120
187 4 24 120
187 4 25 120
187 5 26 140
187 5 27 140
187 6 28 140
187 6 29 140
187 6 30 140
188 1 2 30
188 1 3 30
188 2 14 40
188 2 15 40
188 2 16 40
188 3 21 240
188 3 22 240
188 4 23 120
188 4 24 120
188 4 25 120
188 5 26 140
188 5 27 140
188 6 28 140
188 6 29 140
188 6 30 140
189 1 2 30
189 1 3 30
189 2 14 40
189 2 15 40
189 2 16 40
189 3 21 240
189 3 22 240
189 4 23 120
189 4 24 120
189 4 25 120
189 5 26 140
189 5 27 140
189 6 28 140
189 6 29 140
189 6 30 140
190 1 2 30
190 1 3 30
190 2 14 40
190 2 15 40
190 2 16 40
190 3 21 240
190 3 22 240
190 4 23 120
190 4 24 120
190 4 25 120
190 5 26 140
190 5 27 140
190 6 28 140
190 6 29 140
190 6 30 140
191 1 2 30
191 1 3 30
191 2 14 40
191 2 15 40
191 2 16 40
191 3 21 240
191 3 22 240
191 4 23 120
191 4 24 120
191 4 25 120
191 5 26 140
191 5 27 140
191 6 28 140
191 6 29 140
191 6 30 140
192 1 2 30
192 1 3 30
192 2 14 40
192 2 15 40
192 2 16 40
192 3 21 240
192 3 22 240
192 4 23 120
192 4 24 120
192 4 25 120
192 5 26 140
192 5 27 140
192 6 28 140
192 6 29 140
192 6 30 140
193 1 2 30
193 1 3 30
193 2 14 40
193 2 15 40
193 2 16 40
193 3 21 240
193 3 22 240
193 4 23 120
193 4 24 120
193 4 25 120
193 5 26 140
193 5 27 140
193 6 28 140
193 6 29 140
193 6 30 140
194 1 2 30
194 1 3 30
194 2 14 40
194 2 15 40
194 2 16 40
194 3 21 240
194 3 22 240
194 4 23 120
194 4 24 120
194 4 25 120
194 5 26 140
194 5 27 140
194 6 28 140
194 6 29 140
194 6 30 140
195 1 2 30
195 1 3 30
195 2 14 40
195 2 15 40
195 2 16 40
195 3 21 240
195 3 22 240
195 4 23 120
195 4 24 120
195 4 25 120
195 5 26 140
195 5 27 140
195 6 28 140
195 6 29 140
195 6 30 140
196 1 2 30
196 1 3 30
196 2 14 40
196 2 15 40
196 2 16 40
196 3 21 240
196 3 22 240
196 4 23 120
196 4 24 120
196 4 25 120
196 5 26 140
196 5 27 140
196 6 28 140
196 6 29 140
196 6 30 140
197 1 2 30
197 1 3 30
197 2 14 40
197 2 15 40
197 2 16 40
197 3 21 240
197 3 22 240
197 4 23 120
197 4 24 120
197 4 25 120
197 5 26 140
197 5 27 140
197 6 28 140
197 6 29 140
197 6 30 140
198 1 2 30
198 1 3 30
198 2 14 40
198 2 15 40
198 2 16 40
198 3 21 240
198 3 22 240
198 4 23 120
198 4 24 120
198 4 25 120
198 5 26 140
198 5 27 140
198 6 28 140
198 6 29 140
198 6 30 140
199 1 2 30
199 1 3 30
199 2 14 40
199 2 15 40
199 2 16 40
199 3 21 240
199 3 22 240
199 4 23 120
199 4 24 120
199 4 25 120
199 5 26 140
199 5 27 140
199 6 28 140
199 6 29 140
199 6 30 140
200 1 2 30
200 1 3 30
200 2 14 40
200 2 15 40
200 2 16 40
200 3 21 240
200 3 22 240
200 4 23 120
200 4 24 120
200 4 25 120
200 5 26 140
200 5 27 140
200 6 28 140
200 6 29 140
200 6 30 140
201 1 2 30
201 1 3 30
201 2 14 40
201 2 15 40
201 2 16 40
201 3 21 240
201 3 22 240
201 4 23 120
201 4 24 120
201 4 25 120
201 5 26 140
201 5 27 140
201 6 28 140
201 6 29 140
201 6 30 140
202 1 2 30
202 1 3 30
202 2 14 40
202 2 15 40
202 2 16 40
202 3 21 240
202 3 22 240
202 4 23 120
202 4 24 120
202 4 25 120
202 5 26 140
202 5 27 140
202 6 28 140
202 6 29 140
202 6 30 140
203 1 2 30
203 1 3 30
203 2 14 40
203 2 15 40
203 2 16 40
203 3 21 240
203 3 22 240
203 4 23 120
203 4 24 120
203 4 25 120
203 5 26 140
203 5 27 140
203 6 28 140
203 6 29 140
203 6 30 140
204 1 2 30
204 1 3 30
204 2 14 40
204 2 15 40
204 2 16 40
204 3 21 240
204 3 22 240
204 4 23 120
204 4 24 120
204 4 25 120
204 5 26 140
204 5 27 140
204 6 28 140
204 6 29 140
204 6 30 140
205 1 2 30
205 1 3 30
205 2 14 40
205 2 15 40
205 2 16 40
205 3 21 240
205 3 22 240
205 4 23 120
205 4 24 120
205 4 25 120
205 5 26 140
205 5 27 140
205 6 28 140
205 6 29 140
205 6 30 140
206 1 2 30
206 1 3 30
206 2 14 40
206 2 15 40
206 2 16 40
206 3 21 240
206 3 22 240
206 4 23 120
206 4 24 120
206 4 25 120
206 5 26 140
206 5 27 140
206 6 28 140
206 6 29 140
206 6 30 140
207 1 2 30
207 1 3 30
207 2 14 40
207 2 15 40
207 2 16 40
207 3 21 240
207 3 22 240
207 4 23 120
207 4 24 120
207 4 25 120
207 5 26 140
207 5 27 140
207 6 28 140
207 6 29 140
207 6 30 140
208 1 2 30
208 1 3 30
208 2 14 40
208 2 15 40
208 2 16 40
208 3 21 240
208 3 22 240
208 4 23 120
208 4 24 120
208 4 25 120
208 5 26 140
208 5 27 140
208 6 28 140
208 6 29 140
208 6 30 140
209 1 2 30
209 1 3 30
209 2 14 40
209 2 15 40
209 2 16 40
209 3 21 240
209 3 22 240
209 4 23 120
209 4 24 120
209 4 25 120
209 5 26 140
209 5 27 140
209 6 28 140
209 6 29 140
209 6 30 140
210 1 2 30
210 1 3 30
210 2 14 40
210 2 15 40
210 2 16 40
210 3 21 240
210 3 22 240
210 4 23 120
210 4 24 120
210 4 25 120
210 5 26 140
210 5 27 140
210 6 28 140
210 6 29 140
210 6 30 140
211 1 2 30
211 1 3 30
211 2 14 40
211 2 15 40
211 2 16 40
211 3 21 240
211 3 22 240
211 4 23 120
211 4 24 120
211 4 25 120
211 5 26 140
211 5 27 140
211 6 28 140
211 6 29 140
211 6 30 140
212 1 2 30
212 1 3 30
212 2 14 40
212 2 15 40
212 2 16 40
212 3 21 240
212 3 22 240
212 4 23 120
212 4 24 120
212 4 25 120
212 5 26 140
212 5 27 140
212 6 28 140
212 6 29 140
212 6 30 140
213 1 2 30
213 1 3 30
213 2 14 40
213 2 15 40
213 2 16 40
213 3 21 240
213 3 22 240
213 4 23 120
213 4 24 120
213 4 25 120
213 5 26 140
213 5 27 140
213 6 28 140
213 6 29 140
213 6 30 140
214 1 2 30
214 1 3 30
214 2 14 40
214 2 15 40
214 2 16 40
214 3 21 240
214 3 22 240
214 4 23 120
214 4 24 120
214 4 25 120
214 5 26 140
214 5 27 140
214 6 28 140
214 6 29 140
214 6 30 140
215 1 2 30
215 1 3 30
215 2 14 40
215 2 15 40
215 2 16 40
215 3 21 240
215 3 22 240
215 4 23 120
215 4 24 120
215 4 25 120
215 5 26 140
215 5 27 140
215 6 28 140
215 6 29 140
215 6 30 140
216 1 2 30
216 1 3 30
216 2 14 40
216 2 15 40
216 2 16 40
216 3 21 240
216 3 22 240
216 4 23 120
216 4 24 120
216 4 25 120
216 5 26 140
216 5 27 140
216 6 28 140
216 6 29 140
216 6 30 140
217 1 2 30
217 1 3 30
217 2 14 40
217 2 15 40
217 2 16 40
217 3 21 240
217 3 22 240
217 4 23 120
217 4 24 120
217 4 25 120
217 5 26 140
217 5 27 140
217 6 28 140
217 6 29 140
217 6 30 140
218 1 2 30
218 1 3 30
218 2 14 40
218 2 15 40
218 2 16 40
218 3 21 240
218 3 22 240
218 4 23 120
218 4 24 120
218 4 25 120
218 5 26 140
218 5 27 140
218 6 28 140
218 6 29 140
218 6 30 140
219 1 2 30
219 1 3 30
219 2 14 40
219 2 15 40
219 2 16 40
219 3 21 240
219 3 22 240
219 4 23 120
219 4 24 120
219 4 25 120
219 5 26 140
219 5 27 140
219 6 28 140
219 6 29 140
219 6 30 140
220 1 2 30
220 1 3 30
220 2 14 40
220 2 15 40
220 2 16 40
220 3 21 240
220 3 22 240
220 4 23 120
220 4 24 120
220 4 25 120
220 5 26 140
220 5 27 140
220 6 28 140
220 6 29 140
220 6 30 140
221 1 2 30
221 1 3 30
221 2 14 40
221 2 15 40
221 2 16 40
221 3 21 240
221 3 22 240
221 4 23 120
221 4 24 120
221 4 25 120
221 5 26 140
221 5 27 140
221 6 28 140
221 6 29 140
221 6 30 140
222 1 2 30
222 1 3 30
222 2 14 40
222 2 15 40
222 2 16 40
222 3 21 240
222 3 22 240
222 4 23 120
222 4 24 120
222 4 25 120
222 5 26 140
222 5 27 140
222 6 28 140
222 6 29 140
222 6 30 140
223 1 2 30
223 1 3 30
223 2 14 40
223 2 15 40
223 2 16 40
223 3 21 240
223 3 22 240
223 4 23 120
223 4 24 120
223 4 25 120
223 5 26 140
223 5 27 140
223 6 28 140
223 6 29 140
223 6 30 140
224 1 2 30
224 1 3 30
224 2 14 40
224 2 15 40
224 2 16 40
224 3 21 240
224 3 22 240
224 4 23 120
224 4 24 120
224 4 25 120
224 5 26 140
224 5 27 140
224 6 28 140
224 6 29 140
224 6 30 140
225 1 2 30
225 1 3 30
225 2 14 40
225 2 15 40
225 2 16 40
225 3 21 240
225 3 22 240
225 4 23 120
225 4 24 120
225 4 25 120
225 5 26 140
225 5 27 140
225 6 28 140
225 6 29 140
225 6 30 140
226 1 2 30
226 1 3 30
226 2 14 40
226 2 15 40
226 2 16 40
226 3 21 240
226 3 22 240
226 4 23 120
226 4 24 120
226 4 25 120
226 5 26 140
226 5 27 140
226 6 28 140
226 6 29 140
226 6 30 140
227 1 2 30
227 1 3 30
227 2 14 40
227 2 15 40
227 2 16 40
227 3 21 240
227 3 22 240
227 4 23 120
227 4 24 120
227 4 25 120
227 5 26 140
227 5 27 140
227 6 28 140
227 6 29 140
227 6 30 140
228 1 2 30
228 1 3 30
228 2 14 40
228 2 15 40
228 2 16 40
228 3 21 240
228 3 22 240
228 4 23 120
228 4 24 120
228 4 25 120
228 5 26 140
228 5 27 140
228 6 28 140
228 6 29 140
228 6 30 140
229 1 2 30
229 1 3 30
229 2 14 40
229 2 15 40
229 2 16 40
229 3 21 240
229 3 22 240
229 4 23 120
229 4 24 120
229 4 25 120
229 5 26 140
229 5 27 140
229 6 28 140
229 6 29 140
229 6 30 140
230 1 2 30
230 1 3 30
230 2 14 40
230 2 15 40
230 2 16 40
230 3 21 240
230 3 22 240
230 4 23 120
230 4 24 120
230 4 25 120
230 5 26 140
230 5 27 140
230 6 28 140
230 6 29 140
230 6 30 140
231 1 2 30
231 1 3 30
231 2 14 40
231 2 15 40
231 2 16 40
231 3 21 240
231 3 22 240
231 4 23 120
231 4 24 120
231 4 25 120
231 5 26 140
231 5 27 140
231 6 28 140
231 6 29 140
231 6 30 140
232 1 2 30
232 1 3 30
232 2 14 40
232 2 15 40
232 2 16 40
232 3 21 240
232 3 22 240
232 4 23 120
232 4 24 120
232 4 25 120
232 5 26 140
232 5 27 140
232 6 28 140
232 6 29 140
232 6 30 140
233 1 2 30
233 1 3 30
233 2 14 40
233 2 15 40
233 2 16 40
233 3 21 240
233 3 22 240
233 4 23 120
233 4 24 120
233 4 25 120
233 5 26 140
233 5 27 140
233 6 28 140
233 6 29 140
233 6 30 140
234 1 2 30
234 1 3 30
234 2 14 40
234 2 15 40
234 2 16 40
234 3 21 240
234 3 22 240
234 4 23 120
234 4 24 120
234 4 25 120
234 5 26 140
234 5 27 140
234 6 28 140
234 6 29 140
234 6 30 140
235 1 2 30
235 1 3 30
235 2 14 40
235 2 15 40
235 2 16 40
235 3 21 240
235 3 22 240
235 4 23 120
235 4 24 120
235 4 25 120
235 5 26 140
235 5 27 140
235 6 28 140
235 6 29 140
235 6 30 140
236 1 2 30
236 1 3 30
236 2 14 40
236 2 15 40
236 2 16 40
236 3 21 240
236 3 22 240
236 4 23 120
236 4 24 120
236 4 25 120
236 5 26 140
236 5 27 140
236 6 28 140
236 6 29 140
236 6 30 140
237 1 2 30
237 1 3 30
237 2 14 40
237 2 15 40
237 2 16 40
237 3 21 240
237 3 22 240
237 4 23 120
237 4 24 120
237 4 25 120
237 5 26 140
237 5 27 140
237 6 28 140
237 6 29 140
237 6 30 140
238 1 2 30
238 1 3 30
238 2 14 40
238 2 15 40
238 2 16 40
238 3 21 240
238 3 22 240
238 4 23 120
238 4 24 120
238 4 25 120
238 5 26 140
238 5 27 140
238 6 28 140
238 6 29 140
238 6 30 140
239 1 2 30
239 1 3 30
239 2 14 40
239 2 15 40
239 2 16 40
239 3 21 240
239 3 22 240
239 4 23 120
239 4 24 120
239 4 25 120
239 5 26 140
239 5 27 140
239 6 28 140
239 6 29 140
239 6 30 140
240 1 2 30
240 1 3 30
240 2 14 40
240 2 15 40
240 2 16 40
240 3 21 240
240 3 22 240
240 4 23 120
240 4 24 120
240 4 25 120
240 5 26 140
240 5 27 140
240 6 28 140
240 6 29 140
240 6 30 140
241 1 2 30
241 1 3 30
241 2 14 40
241 2 15 40
241 2 16 40
241 3 21 240
241 3 22 240
241 4 23 120
241 4 24 120
241 4 25 120
241 5 26 140
241 5 27 140
241 6 28 140
241 6 29 140
241 6 30 140
242 1 2 30
242 1 3 30
242 2 14 40
242 2 15 40
242 2 16 40
242 3 21 240
242 3 22 240
242 4 23 120
242 4 24 120
242 4 25 120
242 5 26 140
242 5 27 140
242 6 28 140
242 6 29 140
242 6 30 140
243 1 2 30
243 1 3 30
243 2 14 40
243 2 15 40
243 2 16 40
243 3 21 240
243 3 22 240
243 4 23 120
243 4 24 120
243 4 25 120
243 5 26 140
243 5 27 140
243 6 28 140
243 6 29 140
243 6 30 140
244 1 2 30
244 1 3 30
244 2 14 40
244 2 15 40
244 2 16 40
244 3 21 240
244 3 22 240
244 4 23 120
244 4 24 120
244 4 25 120
244 5 26 140
244 5 27 140
244 6 28 140
244 6 29 140
244 6 30 140
245 1 2 30
245 1 3 30
245 2 14 40
245 2 15 40
245 2 16 40
245 3 21 240
245 3 22 240
245 4 23 120
245 4 24 120
245 4 25 120
245 5 26 140
245 5 27 140
245 6 28 140
245 6 29 140
245 6 30 140
246 1 2 30
246 1 3 30
246 2 14 40
246 2 15 40
246 2 16 40
246 3 21 240
246 3 22 240
246 4 23 120
246 4 24 120
246 4 25 120
246 5 26 140
246 5 27 140
246 6 28 140
246 6 29 140
246 6 30 140
247 1 2 30
247 1 3 30
247 2 14 40
247 2 15 40
247 2 16 40
247 3 21 240
247 3 22 240
247 4 23 120
247 4 24 120
247 4 25 120
247 5 26 140
247 5 27 140
247 6 28 140
247 6 29 140
247 6 30 140
248 1 2 30
248 1 3 30
248 2 14 40
248 2 15 40
248 2 16 40
248 3 21 240
248 3 22 240
248 4 23 120
248 4 24 120
248 4 25 120
248 5 26 140
248 5 27 140
248 6 28 140
248 6 29 140
248 6 30 140
249 1 2 30
249 1 3 30
249 2 14 40
249 2 15 40
249 2 16 40
249 3 21 240
249 3 22 240
249 4 23 120
249 4 24 120
249 4 25 120
249 5 26 140
249 5 27 140
249 6 28 140
249 6 29 140
249 6 30 140
250 1 2 30
250 1 3 30
250 2 14 40
250 2 15 40
250 2 16 40
250 3 21 240
250 3 22 240
250 4 23 120
250 4 24 120
250 4 25 120
250 5 26 140
250 5 27 140
250 6 28 140
250 6 29 140
250 6 30 140
251 1 2 30
251 1 3 30
251 2 14 40
251 2 15 40
251 2 16 40
251 3 21 240
251 3 22 240
251 4 23 120
251 4 24 120
251 4 25 120
251 5 26 140
251 5 27 140
251 6 28 140
251 6 29 140
251 6 30 140
252 1 2 30
252 1 3 30
252 2 14 40
252 2 15 40
252 2 16 40
252 3 21 240
252 3 22 240
252 4 23 120
252 4 24 120
252 4 25 120
252 5 26 140
252 5 27 140
252 6 28 140
252 6 29 140
252 6 30 140
253 1 2 30
253 1 3 30
253 2 14 40
253 2 15 40
253 2 16 40
253 3 21 240
253 3 22 240
253 4 23 120
253 4 24 120
253 4 25 120
253 5 26 140
253 5 27 140
253 6 28 140
253 6 29 140
253 6 30 140
254 1 2 30
254 1 3 30
254 2 14 40
254 2 15 40
254 2 16 40
254 3 21 240
254 3 22 240
254 4 23 120
254 4 24 120
254 4 25 120
254 5 26 140
254 5 27 140
254 6 28 140
254 6 29 140
254 6 30 140
255 1 2 30
255 1 3 30
255 2 14 40
255 2 15 40
255 2 16 40
255 3 21 240
255 3 22 240
255 4 23 120
255 4 24 120
255 4 25 120
255 5 26 140
255 5 27 140
255 6 28 140
255 6 29 140
255 6 30 140
256 1 2 30
256 1 3 30
256 2 14 40
256 2 15 40
256 2 16 40
256 3 21 240
256 3 22 240
256 4 23 120
256 4 24 120
256 4 25 120
256 5 26 140
256 5 27 140
256 6 28 140
256 6 29 140
256 6 30 140
257 1 2 30
257 1 3 30
257 2 14 40
257 2 15 40
257 2 16 40
257 3 21 240
257 3 22 240
257 4 23 120
257 4 24 120
257 4 25 120
257 5 26 140
257 5 27 140
257 6 28 140
257 6 29 140
257 6 30 140
258 1 2 30
258 1 3 30
258 2 14 40
258 2 15 40
258 2 16 40
258 3 21 240
258 3 22 240
258 4 23 120
258 4 24 120
258 4 25 120
258 5 26 140
258 5 27 140
258 6 28 140
258 6 29 140
258 6 30 140
259 1 2 30
259 1 3 30
259 2 14 40
259 2 15 40
259 2 16 40
259 3 21 240
259 3 22 240
259 4 23 120
259 4 24 120
259 4 25 120
259 5 26 140
259 5 27 140
259 6 28 140
259 6 29 140
259 6 30 140
260 1 2 30
260 1 3 30
260 2 14 40
260 2 15 40
260 2 16 40
260 3 21 240
260 3 22 240
260 4 23 120
260 4 24 120
260 4 25 120
260 5 26 140
260 5 27 140
260 6 28 140
260 6 29 140
260 6 30 140
261 1 2 30
261 1 3 30
261 2 14 40
261 2 15 40
261 2 16 40
261 3 21 240
261 3 22 240
261 4 23 120
261 4 24 120
261 4 25 120
261 5 26 140
261 5 27 140
261 6 28 140
261 6 29 140
261 6 30 140
262 1 2 30
262 1 3 30
262 2 14 40
262 2 15 40
262 2 16 40
262 3 21 240
262 3 22 240
262 4 23 120
262 4 24 120
262 4 25 120
262 5 26 140
262 5 27 140
262 6 28 140
262 6 29 140
262 6 30 140
263 1 2 30
263 1 3 30
263 2 14 40
263 2 15 40
263 2 16 40
263 3 21 240
263 3 22 240
263 4 23 120
263 4 24 120
263 4 25 120
263 5 26 140
263 5 27 140
263 6 28 140
263 6 29 140
263 6 30 140
264 1 2 30
264 1 3 30
264 2 14 40
264 2 15 40
264 2 16 40
264 3 21 240
264 3 22 240
264 4 23 120
264 4 24 120
264 4 25 120
264 5 26 140
264 5 27 140
264 6 28 140
264 6 29 140
264 6 30 140
265 1 2 30
265 1 3 30
265 2 14 40
265 2 15 40
265 2 16 40
265 3 21 240
265 3 22 240
265 4 23 120
265 4 24 120
265 4 25 120
265 5 26 140
265 5 27 140
265 6 28 140
265 6 29 140
265 6 30 140
266 1 2 30
266 1 3 30
266 2 14 40
266 2 15 40
266 2 16 40
266 3 21 240
266 3 22 240
266 4 23 120
266 4 24 120
266 4 25 120
266 5 26 140
266 5 27 140
266 6 28 140
266 6 29 140
266 6 30 140
267 1 2 30
267 1 3 30
267 2 14 40
267 2 15 40
267 2 16 40
267 3 21 240
267 3 22 240
267 4 23 120
267 4 24 120
267 4 25 120
267 5 26 140
267 5 27 140
267 6 28 140
267 6 29 140
267 6 30 140
268 1 2 30
268 1 3 30
268 2 14 40
268 2 15 40
268 2 16 40
268 3 21 240
268 3 22 240
268 4 23 120
268 4 24 120
268 4 25 120
268 5 26 140
268 5 27 140
268 6 28 140
268 6 29 140
268 6 30 140
269 1 2 30
269 1 3 30
269 2 14 40
269 2 15 40
269 2 16 40
269 3 21 240
269 3 22 240
269 4 23 120
269 4 24 120
269 4 25 120
269 5 26 140
269 5 27 140
269 6 28 140
269 6 29 140
269 6 30 140
270 1 2 30
270 1 3 30
270 2 14 40
270 2 15 40
270 2 16 40
270 3 21 240
270 3 22 240
270 4 23 120
270 4 24 120
270 4 25 120
270 5 26 140
270 5 27 140
270 6 28 140
270 6 29 140
270 6 30 140
271 1 2 30
271 1 3 30
271 2 14 40
271 2 15 40
271 2 16 40
271 3 21 240
271 3 22 240
271 4 23 120
271 4 24 120
271 4 25 120
271 5 26 140
271 5 27 140
271 6 28 140
271 6 29 140
271 6 30 140
272 1 2 30
272 1 3 30
272 2 14 40
272 2 15 40
272 2 16 40
272 3 21 240
272 3 22 240
272 4 23 120
272 4 24 120
272 4 25 120
272 5 26 140
272 5 27 140
272 6 28 140
272 6 29 140
272 6 30 140
273 1 2 30
273 1 3 30
273 2 14 40
273 2 15 40
273 2 16 40
273 3 21 240
273 3 22 240
273 4 23 120
273 4 24 120
273 4 25 120
273 5 26 140
273 5 27 140
273 6 28 140
273 6 29 140
273 6 30 140
274 1 2 30
274 1 3 30
274 2 14 40
274 2 15 40
274 2 16 40
274 3 21 240
274 3 22 240
274 4 23 120
274 4 24 120
274 4 25 120
274 5 26 140
274 5 27 140
274 6 28 140
274 6 29 140
274 6 30 140
275 1 2 30
275 1 3 30
275 2 14 40
275 2 15 40
275 2 16 40
275 3 21 240
275 3 22 240
275 4 23 120
275 4 24 120
275 4 25 120
275 5 26 140
275 5 27 140
275 6 28 140
275 6 29 140
275 6 30 140
276 1 2 30
276 1 3 30
276 2 14 40
276 2 15 40
276 2 16 40
276 3 21 240
276 3 22 240
276 4 23 120
276 4 24 120
276 4 25 120
276 5 26 140
276 5 27 140
276 6 28 140
276 6 29 140
276 6 30 140
277 1 2 30
277 1 3 30
277 2 14 40
277 2 15 40
277 2 16 40
277 3 21 240
277 3 22 240
277 4 23 120
277 4 24 120
277 4 25 120
277 5 26 140
277 5 27 140
277 6 28 140
277 6 29 140
277 6 30 140
278 1 2 30
278 1 3 30
278 2 14 40
278 2 15 40
278 2 16 40
278 3 21 240
278 3 22 240
278 4 23 120
278 4 24 120
278 4 25 120
278 5 26 140
278 5 27 140
278 6 28 140
278 6 29 140
278 6 30 140
279 1 2 30
279 1 3 30
279 2 14 40
279 2 15 40
279 2 16 40
279 3 21 240
279 3 22 240
279 4 23 120
279 4 24 120
279 4 25 120
279 5 26 140
279 5 27 140
279 6 28 140
279 6 29 140
279 6 30 140
280 1 2 30
280 1 3 30
280 2 14 40
280 2 15 40
280 2 16 40
280 3 21 240
280 3 22 240
280 4 23 120
280 4 24 120
280 4 25 120
280 5 26 140
280 5 27 140
280 6 28 140
280 6 29 140
280 6 30 140
281 1 2 30
281 1 3 30
281 2 14 40
281 2 15 40
281 2 16 40
281 3 21 240
281 3 22 240
281 4 23 120
281 4 24 120
281 4 25 120
281 5 26 140
281 5 27 140
281 6 28 140
281 6 29 140
281 6 30 140
282 1 2 30
282 1 3 30
282 2 14 40
282 2 15 40
282 2 16 40
282 3 21 240
282 3 22 240
282 4 23 120
282 4 24 120
282 4 25 120
282 5 26 140
282 5 27 140
282 6 28 140
282 6 29 140
282 6 30 140
283 1 2 30
283 1 3 30
283 2 14 40
283 2 15 40
283 2 16 40
283 3 21 240
283 3 22 240
283 4 23 120
283 4 24 120
283 4 25 120
283 5 26 140
283 5 27 140
283 6 28 140
283 6 29 140
283 6 30 140
284 1 2 30
284 1 3 30
284 2 14 40
284 2 15 40
284 2 16 40
284 3 21 240
284 3 22 240
284 4 23 120
284 4 24 120
284 4 25 120
284 5 26 140
284 5 27 140
284 6 28 140
284 6 29 140
284 6 30 140
285 1 2 30
285 1 3 30
285 2 14 40
285 2 15 40
285 2 16 40
285 3 21 240
285 3 22 240
285 4 23 120
285 4 24 120
285 4 25 120
285 5 26 140
285 5 27 140
285 6 28 140
285 6 29 140
285 6 30 140
286 1 2 30
286 1 3 30
286 2 14 40
286 2 15 40
286 2 16 40
286 3 21 240
286 3 22 240
286 4 23 120
286 4 24 120
286 4 25 120
286 5 26 140
286 5 27 140
286 6 28 140
286 6 29 140
286 6 30 140
287 1 2 30
287 1 3 30
287 2 14 40
287 2 15 40
287 2 16 40
287 3 21 240
287 3 22 240
287 4 23 120
287 4 24 120
287 4 25 120
287 5 26 140
287 5 27 140
287 6 28 140
287 6 29 140
287 6 30 140
288 1 2 30
288 1 3 30
288 2 14 40
288 2 15 40
288 2 16 40
288 3 21 240
288 3 22 240
288 4 23 120
288 4 24 120
288 4 25 120
288 5 26 140
288 5 27 140
288 6 28 140
288 6 29 140
288 6 30 140
289 1 2 30
289 1 3 30
289 2 14 40
289 2 15 40
289 2 16 40
289 3 21 240
289 3 22 240
289 4 23 120
289 4 24 120
289 4 25 120
289 5 26 140
289 5 27 140
289 6 28 140
289 6 29 140
289 6 30 140
290 1 2 30
290 1 3 30
290 2 14 40
290 2 15 40
290 2 16 40
290 3 21 240
290 3 22 240
290 4 23 120
290 4 24 120
290 4 25 120
290 5 26 140
290 5 27 140
290 6 28 140
290 6 29 140
290 6 30 140
291 1 2 30
291 1 3 30
291 2 14 40
291 2 15 40
291 2 16 40
291 3 21 240
291 3 22 240
291 4 23 120
291 4 24 120
291 4 25 120
291 5 26 140
291 5 27 140
291 6 28 140
291 6 29 140
291 6 30 140
292 1 2 30
292 1 3 30
292 2 14 40
292 2 15 40
292 2 16 40
292 3 21 240
292 3 22 240
292 4 23 120
292 4 24 120
292 4 25 120
292 5 26 140
292 5 27 140
292 6 28 140
292 6 29 140
292 6 30 140
293 1 2 30
293 1 3 30
293 2 14 40
293 2 15 40
293 2 16 40
293 3 21 240
293 3 22 240
293 4 23 120
293 4 24 120
293 4 25 120
293 5 26 140
293 5 27 140
293 6 28 140
293 6 29 140
293 6 30 140
294 1 2 30
294 1 3 30
294 2 14 40
294 2 15 40
294 2 16 40
294 3 21 240
294 3 22 240
294 4 23 120
294 4 24 120
294 4 25 120
294 5 26 140
294 5 27 140
294 6 28 140
294 6 29 140
294 6 30 140
295 1 2 30
295 1 3 30
295 2 14 40
295 2 15 40
295 2 16 40
295 3 21 240
295 3 22 240
295 4 23 120
295 4 24 120
295 4 25 120
295 5 26 140
295 5 27 140
295 6 28 140
295 6 29 140
295 6 30 140
296 1 2 30
296 1 3 30
296 2 14 40
296 2 15 40
296 2 16 40
296 3 21 240
296 3 22 240
296 4 23 120
296 4 24 120
296 4 25 120
296 5 26 140
296 5 27 140
296 6 28 140
296 6 29 140
296 6 30 140
297 1 2 30
297 1 3 30
297 2 14 40
297 2 15 40
297 2 16 40
297 3 21 240
297 3 22 240
297 4 23 120
297 4 24 120
297 4 25 120
297 5 26 140
297 5 27 140
297 6 28 140
297 6 29 140
297 6 30 140
298 1 2 30
298 1 3 30
298 2 14 40
298 2 15 40
298 2 16 40
298 3 21 240
298 3 22 240
298 4 23 120
298 4 24 120
298 4 25 120
298 5 26 140
298 5 27 140
298 6 28 140
298 6 29 140
298 6 30 140
299 1 2 30
299 1 3 30
299 2 14 40
299 2 15 40
299 2 16 40
299 3 21 240
299 3 22 240
299 4 23 120
299 4 24 120
299 4 25 120
299 5 26 140
299 5 27 140
299 6 28 140
299 6 29 140
299 6 30 140
300 1 2 30
300 1 3 30
300 2 14 40
300 2 15 40
300 2 16 40
300 3 21 240
300 3 22 240
300 4 23 120
300 4 24 120
300 4 25 120
300 5 26 140
300 5 27 140
300 6 28 140
300 6 29 140
300 6 30 140
301 1 2 30
301 1 3 30
301 2 14 40
301 2 15 40
301 2 16 40
301 3 21 240
301 3 22 240
301 4 23 120
301 4 24 120
301 4 25 120
301 5 26 140
301 5 27 140
301 6 28 140
301 6 29 140
301 6 30 140
302 1 2 30
302 1 3 30
302 2 14 40
302 2 15 40
302 2 16 40
302 3 21 240
302 3 22 240
302 4 23 120
302 4 24 120
302 4 25 120
302 5 26 140
302 5 27 140
302 6 28 140
302 6 29 140
302 6 30 140
303 1 2 30
303 1 3 30
303 2 14 40
303 2 15 40
303 2 16 40
303 3 21 240
303 3 22 240
303 4 23 120
303 4 24 120
303 4 25 120
303 5 26 140
303 5 27 140
303 6 28 140
303 6 29 140
303 6 30 140
304 1 2 30
304 1 3 30
304 2 14 40
304 2 15 40
304 2 16 40
304 3 21 240
304 3 22 240
304 4 23 120
304 4 24 120
304 4 25 120
304 5 26 140
304 5 27 140
304 6 28 140
304 6 29 140
304 6 30 140
305 1 2 30
305 1 3 30
305 2 14 40
305 2 15 40
305 2 16 40
305 3 21 240
305 3 22 240
305 4 23 120
305 4 24 120
305 4 25 120
305 5 26 140
305 5 27 140
305 6 28 140
305 6 29 140
305 6 30 140
306 1 2 30
306 1 3 30
306 2 14 40
306 2 15 40
306 2 16 40
306 3 21 240
306 3 22 240
306 4 23 120
306 4 24 120
306 4 25 120
306 5 26 140
306 5 27 140
306 6 28 140
306 6 29 140
306 6 30 140
307 1 2 30
307 1 3 30
307 2 14 40
307 2 15 40
307 2 16 40
307 3 21 240
307 3 22 240
307 4 23 120
307 4 24 120
307 4 25 120
307 5 26 140
307 5 27 140
307 6 28 140
307 6 29 140
307 6 30 140
308 1 2 30
308 1 3 30
308 2 14 40
308 2 15 40
308 2 16 40
308 3 21 240
308 3 22 240
308 4 23 120
308 4 24 120
308 4 25 120
308 5 26 140
308 5 27 140
308 6 28 140
308 6 29 140
308 6 30 140
309 1 2 30
309 1 3 30
309 2 14 40
309 2 15 40
309 2 16 40
309 3 21 240
309 3 22 240
309 4 23 120
309 4 24 120
309 4 25 120
309 5 26 140
309 5 27 140
309 6 28 140
309 6 29 140
309 6 30 140
310 1 2 30
310 1 3 30
310 2 14 40
310 2 15 40
310 2 16 40
310 3 21 240
310 3 22 240
310 4 23 120
310 4 24 120
310 4 25 120
310 5 26 140
310 5 27 140
310 6 28 140
310 6 29 140
310 6 30 140
311 1 2 30
311 1 3 30
311 2 14 40
311 2 15 40
311 2 16 40
311 3 21 240
311 3 22 240
311 4 23 120
311 4 24 120
311 4 25 120
311 5 26 140
311 5 27 140
311 6 28 140
311 6 29 140
311 6 30 140
312 1 2 30
312 1 3 30
312 2 14 40
312 2 15 40
312 2 16 40
312 3 21 240
312 3 22 240
312 4 23 120
312 4 24 120
312 4 25 120
312 5 26 140
312 5 27 140
312 6 28 140
312 6 29 140
312 6 30 140
313 1 2 30
313 1 3 30
313 2 14 40
313 2 15 40
313 2 16 40
313 3 21 240
313 3 22 240
313 4 23 120
313 4 24 120
313 4 25 120
313 5 26 140
313 5 27 140
313 6 28 140
313 6 29 140
313 6 30 140
314 1 2 30
314 1 3 30
314 2 14 40
314 2 15 40
314 2 16 40
314 3 21 240
314 3 22 240
314 4 23 120
314 4 24 120
314 4 25 120
314 5 26 140
314 5 27 140
314 6 28 140
314 6 29 140
314 6 30 140
315 1 2 30
315 1 3 30
315 2 14 40
315 2 15 40
315 2 16 40
315 3 21 240
315 3 22 240
315 4 23 120
315 4 24 120
315 4 25 120
315 5 26 140
315 5 27 140
315 6 28 140
315 6 29 140
315 6 30 140
316 1 2 30
316 1 3 30
316 2 14 40
316 2 15 40
316 2 16 40
316 3 21 240
316 3 22 240
316 4 23 120
316 4 24 120
316 4 25 120
316 5 26 140
316 5 27 140
316 6 28 140
316 6 29 140
316 6 30 140
317 1 2 30
317 1 3 30
317 2 14 40
317 2 15 40
317 2 16 40
317 3 21 240
317 3 22 240
317 4 23 120
317 4 24 120
317 4 25 120
317 5 26 140
317 5 27 140
317 6 28 140
317 6 29 140
317 6 30 140
318 1 2 30
318 1 3 30
318 2 14 40
318 2 15 40
318 2 16 40
318 3 21 240
318 3 22 240
318 4 23 120
318 4 24 120
318 4 25 120
318 5 26 140
318 5 27 140
318 6 28 140
318 6 29 140
318 6 30 140
319 1 2 30
319 1 3 30
319 2 14 40
319 2 15 40
319 2 16 40
319 3 21 240
319 3 22 240
319 4 23 120
319 4 24 120
319 4 25 120
319 5 26 140
319 5 27 140
319 6 28 140
319 6 29 140
319 6 30 140
320 1 2 30
320 1 3 30
320 2 14 40
320 2 15 40
320 2 16 40
320 3 21 240
320 3 22 240
320 4 23 120
320 4 24 120
320 4 25 120
320 5 26 140
320 5 27 140
320 6 28 140
320 6 29 140
320 6 30 140
321 1 2 30
321 1 3 30
321 2 14 40
321 2 15 40
321 2 16 40
321 3 21 240
321 3 22 240
321 4 23 120
321 4 24 120
321 4 25 120
321 5 26 140
321 5 27 140
321 6 28 140
321 6 29 140
321 6 30 140
322 1 2 30
322 1 3 30
322 2 14 40
322 2 15 40
322 2 16 40
322 3 21 240
322 3 22 240
322 4 23 120
322 4 24 120
322 4 25 120
322 5 26 140
322 5 27 140
322 6 28 140
322 6 29 140
322 6 30 140
323 1 2 30
323 1 3 30
323 2 14 40
323 2 15 40
323 2 16 40
323 3 21 240
323 3 22 240
323 4 23 120
323 4 24 120
323 4 25 120
323 5 26 140
323 5 27 140
323 6 28 140
323 6 29 140
323 6 30 140
324 1 2 30
324 1 3 30
324 2 14 40
324 2 15 40
324 2 16 40
324 3 21 240
324 3 22 240
324 4 23 120
324 4 24 120
324 4 25 120
324 5 26 140
324 5 27 140
324 6 28 140
324 6 29 140
324 6 30 140
325 1 2 30
325 1 3 30
325 2 14 40
325 2 15 40
325 2 16 40
325 3 21 240
325 3 22 240
325 4 23 120
325 4 24 120
325 4 25 120
325 5 26 140
325 5 27 140
325 6 28 140
325 6 29 140
325 6 30 140
326 1 2 30
326 1 3 30
326 2 14 40
326 2 15 40
326 2 16 40
326 3 21 240
326 3 22 240
326 4 23 120
326 4 24 120
326 4 25 120
326 5 26 140
326 5 27 140
326 6 28 140
326 6 29 140
326 6 30 140
327 1 2 30
327 1 3 30
327 2 14 40
327 2 15 40
327 2 16 40
327 3 21 240
327 3 22 240
327 4 23 120
327 4 24 120
327 4 25 120
327 5 26 140
327 5 27 140
327 6 28 140
327 6 29 140
327 6 30 140
328 1 2 30
328 1 3 30
328 2 14 40
328 2 15 40
328 2 16 40
328 3 21 240
328 3 22 240
328 4 23 120
328 4 24 120
328 4 25 120
328 5 26 140
328 5 27 140
328 6 28 140
328 6 29 140
328 6 30 140
329 1 2 30
329 1 3 30
329 2 14 40
329 2 15 40
329 2 16 40
329 3 21 240
329 3 22 240
329 4 23 120
329 4 24 120
329 4 25 120
329 5 26 140
329 5 27 140
329 6 28 140
329 6 29 140
329 6 30 140
330 1 2 30
330 1 3 30
330 2 14 40
330 2 15 40
330 2 16 40
330 3 21 240
330 3 22 240
330 4 23 120
330 4 24 120
330 4 25 120
330 5 26 140
330 5 27 140
330 6 28 140
330 6 29 140
330 6 30 140
331 1 2 30
331 1 3 30
331 2 14 40
331 2 15 40
331 2 16 40
331 3 21 240
331 3 22 240
331 4 23 120
331 4 24 120
331 4 25 120
331 5 26 140
331 5 27 140
331 6 28 140
331 6 29 140
331 6 30 140
332 1 2 30
332 1 3 30
332 2 14 40
332 2 15 40
332 2 16 40
332 3 21 240
332 3 22 240
332 4 23 120
332 4 24 120
332 4 25 120
332 5 26 140
332 5 27 140
332 6 28 140
332 6 29 140
332 6 30 140
333 1 2 30
333 1 3 30
333 2 14 40
333 2 15 40
333 2 16 40
333 3 21 240
333 3 22 240
333 4 23 120
333 4 24 120
333 4 25 120
333 5 26 140
333 5 27 140
333 6 28 140
333 6 29 140
333 6 30 140
334 1 2 30
334 1 3 30
334 2 14 40
334 2 15 40
334 2 16 40
334 3 21 240
334 3 22 240
334 4 23 120
334 4 24 120
334 4 25 120
334 5 26 140
334 5 27 140
334 6 28 140
334 6 29 140
334 6 30 140
335 1 2 30
335 1 3 30
335 2 14 40
335 2 15 40
335 2 16 40
335 3 21 240
335 3 22 240
335 4 23 120
335 4 24 120
335 4 25 120
335 5 26 140
335 5 27 140
335 6 28 140
335 6 29 140
335 6 30 140
336 1 2 30
336 1 3 30
336 2 14 40
336 2 15 40
336 2 16 40
336 3 21 240
336 3 22 240
336 4 23 120
336 4 24 120
336 4 25 120
336 5 26 140
336 5 27 140
336 6 28 140
336 6 29 140
336 6 30 140
337 1 2 30
337 1 3 30
337 2 14 40
337 2 15 40
337 2 16 40
337 3 21 240
337 3 22 240
337 4 23 120
337 4 24 120
337 4 25 120
337 5 26 140
337 5 27 140
337 6 28 140
337 6 29 140
337 6 30 140
338 1 2 30
338 1 3 30
338 2 14 40
338 2 15 40
338 2 16 40
338 3 21 240
338 3 22 240
338 4 23 120
338 4 24 120
338 4 25 120
338 5 26 140
338 5 27 140
338 6 28 140
338 6 29 140
338 6 30 140
339 1 2 30
339 1 3 30
339 2 14 40
339 2 15 40
339 2 16 40
339 3 21 240
339 3 22 240
339 4 23 120
339 4 24 120
339 4 25 120
339 5 26 140
339 5 27 140
339 6 28 140
339 6 29 140
339 6 30 140
340 1 2 30
340 1 3 30
340 2 14 40
340 2 15 40
340 2 16 40
340 3 21 240
340 3 22 240
340 4 23 120
340 4 24 120
340 4 25 120
340 5 26 140
340 5 27 140
340 6 28 140
340 6 29 140
340 6 30 140
341 1 2 30
341 1 3 30
341 2 14 40
341 2 15 40
341 2 16 40
341 3 21 240
341 3 22 240
341 4 23 120
341 4 24 120
341 4 25 120
341 5 26 140
341 5 27 140
341 6 28 140
341 6 29 140
341 6 30 140
342 1 2 30
342 1 3 30
342 2 14 40
342 2 15 40
342 2 16 40
342 3 21 240
342 3 22 240
342 4 23 120
342 4 24 120
342 4 25 120
342 5 26 140
342 5 27 140
342 6 28 140
342 6 29 140
342 6 30 140
343 1 2 30
343 1 3 30
343 2 14 40
343 2 15 40
343 2 16 40
343 3 21 240
343 3 22 240
343 4 23 120
343 4 24 120
343 4 25 120
343 5 26 140
343 5 27 140
343 6 28 140
343 6 29 140
343 6 30 140
344 1 2 30
344 1 3 30
344 2 14 40
344 2 15 40
344 2 16 40
344 3 21 240
344 3 22 240
344 4 23 120
344 4 24 120
344 4 25 120
344 5 26 140
344 5 27 140
344 6 28 140
344 6 29 140
344 6 30 140
345 1 2 30
345 1 3 30
345 2 14 40
345 2 15 40
345 2 16 40
345 3 21 240
345 3 22 240
345 4 23 120
345 4 24 120
345 4 25 120
345 5 26 140
345 5 27 140
345 6 28 140
345 6 29 140
345 6 30 140
346 1 2 30
346 1 3 30
346 2 14 40
346 2 15 40
346 2 16 40
346 3 21 240
346 3 22 240
346 4 23 120
346 4 24 120
346 4 25 120
346 5 26 140
346 5 27 140
346 6 28 140
346 6 29 140
346 6 30 140
347 1 2 30
347 1 3 30
347 2 14 40
347 2 15 40
347 2 16 40
347 3 21 240
347 3 22 240
347 4 23 120
347 4 24 120
347 4 25 120
347 5 26 140
347 5 27 140
347 6 28 140
347 6 29 140
347 6 30 140
348 1 2 30
348 1 3 30
348 2 14 40
348 2 15 40
348 2 16 40
348 3 21 240
348 3 22 240
348 4 23 120
348 4 24 120
348 4 25 120
348 5 26 140
348 5 27 140
348 6 28 140
348 6 29 140
348 6 30 140
349 1 2 30
349 1 3 30
349 2 14 40
349 2 15 40
349 2 16 40
349 3 21 240
349 3 22 240
349 4 23 120
349 4 24 120
349 4 25 120
349 5 26 140
349 5 27 140
349 6 28 140
349 6 29 140
349 6 30 140
350 1 2 30
350 1 3 30
350 2 14 40
350 2 15 40
350 2 16 40
350 3 21 240
350 3 22 240
350 4 23 120
350 4 24 120
350 4 25 120
350 5 26 140
350 5 27 140
350 6 28 140
350 6 29 140
350 6 30 140
351 1 2 30
351 1 3 30
351 2 14 40
351 2 15 40
351 2 16 40
351 3 21 240
351 3 22 240
351 4 23 120
351 4 24 120
351 4 25 120
351 5 26 140
351 5 27 140
351 6 28 140
351 6 29 140
351 6 30 140
352 1 2 30
352 1 3 30
352 2 14 40
352 2 15 40
352 2 16 40
352 3 21 240
352 3 22 240
352 4 23 120
352 4 24 120
352 4 25 120
352 5 26 140
352 5 27 140
352 6 28 140
352 6 29 140
352 6 30 140
353 1 2 30
353 1 3 30
353 2 14 40
353 2 15 40
353 2 16 40
353 3 21 240
353 3 22 240
353 4 23 120
353 4 24 120
353 4 25 120
353 5 26 140
353 5 27 140
353 6 28 140
353 6 29 140
353 6 30 140
354 1 2 30
354 1 3 30
354 2 14 40
354 2 15 40
354 2 16 40
354 3 21 240
354 3 22 240
354 4 23 120
354 4 24 120
354 4 25 120
354 5 26 140
354 5 27 140
354 6 28 140
354 6 29 140
354 6 30 140
355 1 2 30
355 1 3 30
355 2 14 40
355 2 15 40
355 2 16 40
355 3 21 240
355 3 22 240
355 4 23 120
355 4 24 120
355 4 25 120
355 5 26 140
355 5 27 140
355 6 28 140
355 6 29 140
355 6 30 140
356 1 2 30
356 1 3 30
356 2 14 40
356 2 15 40
356 2 16 40
356 3 21 240
356 3 22 240
356 4 23 120
356 4 24 120
356 4 25 120
356 5 26 140
356 5 27 140
356 6 28 140
356 6 29 140
356 6 30 140
357 1 2 30
357 1 3 30
357 2 14 40
357 2 15 40
357 2 16 40
357 3 21 240
357 3 22 240
357 4 23 120
357 4 24 120
357 4 25 120
357 5 26 140
357 5 27 140
357 6 28 140
357 6 29 140
357 6 30 140
358 1 2 30
358 1 3 30
358 2 14 40
358 2 15 40
358 2 16 40
358 3 21 240
358 3 22 240
358 4 23 120
358 4 24 120
358 4 25 120
358 5 26 140
358 5 27 140
358 6 28 140
358 6 29 140
358 6 30 140
359 1 2 30
359 1 3 30
359 2 14 40
359 2 15 40
359 2 16 40
359 3 21 240
359 3 22 240
359 4 23 120
359 4 24 120
359 4 25 120
359 5 26 140
359 5 27 140
359 6 28 140
359 6 29 140
359 6 30 140
360 1 2 30
360 1 3 30
360 2 14 40
360 2 15 40
360 2 16 40
360 3 21 240
360 3 22 240
360 4 23 120
360 4 24 120
360 4 25 120
360 5 26 140
360 5 27 140
360 6 28 140
360 6 29 140
360 6 30 140
361 1 2 30
361 1 3 30
361 2 14 40
361 2 15 40
361 2 16 40
361 3 21 240
361 3 22 240
361 4 23 120
361 4 24 120
361 4 25 120
361 5 26 140
361 5 27 140
361 6 28 140
361 6 29 140
361 6 30 140
362 1 2 30
362 1 3 30
362 2 14 40
362 2 15 40
362 2 16 40
362 3 21 240
362 3 22 240
362 4 23 120
362 4 24 120
362 4 25 120
362 5 26 140
362 5 27 140
362 6 28 140
362 6 29 140
362 6 30 140
363 1 2 30
363 1 3 30
363 2 14 40
363 2 15 40
363 2 16 40
363 3 21 240
363 3 22 240
363 4 23 120
363 4 24 120
363 4 25 120
363 5 26 140
363 5 27 140
363 6 28 140
363 6 29 140
363 6 30 140
364 1 2 30
364 1 3 30
364 2 14 40
364 2 15 40
364 2 16 40
364 3 21 240
364 3 22 240
364 4 23 120
364 4 24 120
364 4 25 120
364 5 26 140
364 5 27 140
364 6 28 140
364 6 29 140
364 6 30 140
365 1 2 30
365 1 3 30
365 2 14 40
365 2 15 40
365 2 16 40
365 3 21 240
365 3 22 240
365 4 23 120
365 4 24 120
365 4 25 120
365 5 26 140
365 5 27 140
365 6 28 140
365 6 29 140
365 6 30 140
366 1 2 30
366 1 3 30
366 2 14 40
366 2 15 40
366 2 16 40
366 3 21 240
366 3 22 240
366 4 23 120
366 4 24 120
366 4 25 120
366 5 26 140
366 5 27 140
366 6 28 140
366 6 29 140
366 6 30 140
