558
30
6 6 6 6 6 6 6 6 6 6 6 6 6 6 6 6 6 6 6 6 6 6 6 6 6 6 6 6 6 6 6 6 6 6 6 6 6 6 6 6 6 6 6 6 6 6 6 6 6 6 6 6 6 6 6 6 6 6 6 6 6 6 6 6 6 6 6 6 6 6 6 6 6 6 6 6 6 6 6 6 6 6 6 6 6 6 6 6 6 6 6 6 6 6 6 6 6 6 6 6 6 6 6 6 6 6 6 6 6 6 6 6 6 6 6 6 6 6 6 6 6 6 6 6 6 6 6 6 6 6 6 6 6 6 6 6 6 6 6 6 6 6 6 6 6 6 6 6 6 6 6 6 6 6 6 6 6 6 6 6 6 6 6 6 6 6 6 6 6 6 6 6 6 6 6 6 6 6 6 6 6 6 6 6 6 6 6 6 6 6 6 6 6 6 6 6 6 6 6 6 6 6 6 6 6 6 6 6 6 6 6 6 6 6 6 6 6 6 6 6 6 6 6 6 6 2 2 2 2 2 2 2 2 2 2 2 2 2 2 2 2 2 2 2 2 2 2 2 2 2 2 2 2 2 2 2 2 2 2 2 2 2 2 2 2 2 2 2 2 2 2 2 2 2 2 2 2 2 2 2 2 2 2 2 2 2 2 2 2 2 2 2 2 2 2 2 2 2 2 2 2 2 2 2 2 2 2 2 2 2 2 2 2 2 2 2 2 2 2 2 2 2 2 2 2 2 2 2 2 2 2 2 2 3 3 3 3 3 3 3 3 3 3 3 3 3 3 3 3 3 3 3 3 3 3 3 3 3 3 3 3 3 3 3 3 3 3 3 3 3 3 3 3 3 3 3 3 3 3 3 3 3 3 3 3 3 3 3 3 3 3 3 3 3 3 3 3 3 3 3 3 3 3 3 3 3 3 3 3 3 3 3 3 3 3 3 3 3 3 3 3 3 3 3 3 3 3 3 3 3 3 3 3 3 3 3 3 3 3 3 3 3 3 3 3 3 3 3 3 3 3 3 3 3 3 3 3 3 3 3 3 3 3 3 3 3 3 3 3 3 3 3 3 3 3 3 3 3 3 3 3 3 3 3 3 3 3 3 3 3 3 3 3 3 3 3 3 3 3 3 3 3 3 3 3 3 3 3 3 3 3 3 3 3 3 3 3 3 3 3 3 3 3 3 3 3 3 3 3 3 3 3 3 3 3 3 3 3 3 3 3 3 3 3 3 3 3 3 3 3 3 3 3 3 3 3 3 3
28800 28800 28800 28800 28800 28800 28800 28800 28800 28800 28800 28800 28800 28800 28800 28800 28800 28800 28800 28800 28800 28800 28800 28800 28800 28800 28800 28800 28800 28800 28800 28800 28800 28800 28800 28800 28800 28800 28800 28800 28800 28800 28800 28800 28800 28800 28800 28800 28800 28800 28800 28800 28800 28800 28800 28800 28800 28800 28800 28800 28800 28800 28800 28800 28800 28800 28800 28800 28800 28800 28800 28800 28800 28800 28800 28800 28800 28800 28800 28800 28800 28800 28800 28800 28800 28800 28800 28800 28800 28800 28800 28800 28800 28800 28800 28800 28800 28800 28800 28800 28800 28800 28800 28800 28800 28800 28800 28800 28800 28800 28800 28800 28800 28800 28800 28800 28800 28800 28800 28800 28800 28800 28800 28800 28800 28800 28800 28800 28800 28800 28800 28800 28800 28800 28800 28800 28800 28800 28800 28800 28800 28800 28800 28800 28800 28800 28800 28800 28800 28800 28800 28800 28800 28800 28800 28800 28800 28800 28800 28800 28800 28800 28800 28800 28800 28800 28800 28800 28800 28800 28800 28800 28800 28800 28800 28800 28800 28800 28800 28800 28800 28800 28800 28800 28800 28800 28800 28800 28800 28800 28800 28800 28800 28800 28800 28800 28800 28800 28800 28800 28800 28800 28800 28800 28800 28800 28800 28800 28800 28800 28800 28800 28800 28800 28800 28800 28800 28800 28800 28800 28800 28800 28800 28800 28800 28800 28800 28800 28800 28800 28800 28800 28800 28800 28800 28800 28800 28800 28800 28800 28800 28800 28800 28800 28800 28800 28800 28800 28800 28800 28800 28800 28800 28800 28800 28800 28800 28800 28800 28800 28800 28800 28800 28800 28800 28800 28800 28800 28800 28800 28800 28800 28800 28800 28800 28800 28800 28800 28800 28800 28800 28800 28800 28800 28800 28800 28800 28800 28800 28800 28800 28800 28800 28800 28800 28800 28800 28800 28800 28800 28800 28800 28800 28800 28800 28800 28800 28800 28800 28800 28800 28800 28800 28800 28800 28800 28800 28800 28800 28800 28800 28800 28800 28800 28800 28800 28800 28800 28800 28800 28800 28800 28800 28800 28800 28800 28800 28800 28800 28800 28800 28800 28800 28800 28800 28800 28800 28800 28800 28800 28800 28800 28800 28800 28800 28800 28800 28800 28800 28800 28800 28800 28800 28800 28800 28800 28800 28800 28800 28800 28800 28800 28800 28800 28800 28800 28800 28800 28800 28800 28800 28800 28800 28800 28800 28800 28800 28800 28800 28800 28800 28800 28800 28800 28800 28800 28800 28800 28800 28800 28800 28800 28800 28800 28800 28800 28800 28800 28800 28800 28800 28800 28800 28800 28800 28800 28800 28800 28800 28800 28800 28800 28800 28800 28800 28800 28800 28800 28800 28800 28800 28800 28800 28800 28800 28800 28800 28800 28800 28800 28800 28800 28800 28800 28800 28800 28800 28800 28800 28800 28800 28800 28800 28800 28800 28800 28800 28800 28800 28800 28800 28800 28800 28800 28800 28800 28800 28800 28800 28800 28800 28800 28800 28800 28800 28800 28800 28800 28800 28800 28800 28800 28800 28800 28800 28800 28800 28800 28800 28800 28800 28800 28800 28800 28800 28800 28800 28800 28800 28800 28800 28800 28800 28800 28800 28800 28800 28800 28800 28800 28800 28800 28800 28800 28800 28800 28800 28800 28800 28800 28800 28800 28800 28800 28800 28800 28800 28800 28800 28800 28800 28800 28800 28800 28800 28800 28800 28800 28800 28800 28800 28800 28800 28800 28800 28800 28800 28800 28800 28800 28800 28800 28800 28800 28800 28800 28800 28800
1 1 2 30
1 1 3 30
1 2 14 40
1 2 15 40
1 2 16 40
1 3 21 240
1 3 22 240
1 4 23 120
1 4 24 120
1 4 25 120
1 5 26 140
1 5 27 140
1 6 28 140
1 6 29 140
1 6 30 140
2 1 2 30
2 1 3 30
2 2 14 40
2 2 15 40
2 2 16 40
2 3 21 240
2 3 22 240
2 4 23 120
2 4 24 120
2 4 25 120
2 5 26 140
2 5 27 140
2 6 28 140
2 6 29 140
2 6 30 140
3 1 2 30
3 1 3 30
3 2 14 40
3 2 15 40
3 2 16 40
3 3 21 240
3 3 22 240
3 4 23 120
3 4 24 120
3 4 25 120
3 5 26 140
3 5 27 140
3 6 28 140
3 6 29 140
3 6 30 140
4 1 2 30
4 1 3 30
4 2 14 40
4 2 15 40
4 2 16 40
4 3 21 240
4 3 22 240
4 4 23 120
4 4 24 120
4 4 25 120
4 5 26 140
4 5 27 140
4 6 28 140
4 6 29 140
4 6 30 140
5 1 2 30
5 1 3 30
5 2 14 40
5 2 15 40
5 2 16 40
5 3 21 240
5 3 22 240
5 4 23 120
5 4 24 120
5 4 25 120
5 5 26 140
5 5 27 140
5 6 28 140
5 6 29 140
5 6 30 140
6 1 2 30
6 1 3 30
6 2 14 40
6 2 15 40
6 2 16 40
6 3 21 240
6 3 22 240
6 4 23 120
6 4 24 120
6 4 25 120
6 5 26 140
6 5 27 140
6 6 28 140
6 6 29 140
6 6 30 140
7 1 2 30
7 1 3 30
7 2 14 40
7 2 15 40
7 2 16 40
7 3 21 240
7 3 22 240
7 4 23 120
7 4 24 120
7 4 25 120
7 5 26 140
7 5 27 140
7 6 28 140
7 6 29 140
7 6 30 140
8 1 2 30
8 1 3 30
8 2 14 40
8 2 15 40
8 2 16 40
8 3 21 240
8 3 22 240
8 4 23 120
8 4 24 120
8 4 25 120
8 5 26 140
8 5 27 140
8 6 28 140
8 6 29 140
8 6 30 140
9 1 2 30
9 1 3 30
9 2 14 40
9 2 15 40
9 2 16 40
9 3 21 240
9 3 22 240
9 4 23 120
9 4 24 120
9 4 25 120
9 5 26 140
9 5 27 140
9 6 28 140
9 6 29 140
9 6 30 140
10 1 2 30
10 1 3 30
10 2 14 40
10 2 15 40
10 2 16 40
10 3 21 240
10 3 22 240
10 4 23 120
10 4 24 120
10 4 25 120
10 5 26 140
10 5 27 140
10 6 28 140
10 6 29 140
10 6 30 140
11 1 2 30
11 1 3 30
11 2 14 40
11 2 15 40
11 2 16 40
11 3 21 240
11 3 22 240
11 4 23 120
11 4 24 120
11 4 25 120
11 5 26 140
11 5 27 140
11 6 28 140
11 6 29 140
11 6 30 140
12 1 2 30
12 1 3 30
12 2 14 40
12 2 15 40
12 2 16 40
12 3 21 240
12 3 22 240
12 4 23 120
12 4 24 120
12 4 25 120
12 5 26 140
12 5 27 140
12 6 28 140
12 6 29 140
12 6 30 140
13 1 2 30
13 1 3 30
13 2 14 40
13 2 15 40
13 2 16 40
13 3 21 240
13 3 22 240
13 4 23 120
13 4 24 120
13 4 25 120
13 5 26 140
13 5 27 140
13 6 28 140
13 6 29 140
13 6 30 140
14 1 2 30
14 1 3 30
14 2 14 40
14 2 15 40
14 2 16 40
14 3 21 240
14 3 22 240
14 4 23 120
14 4 24 120
14 4 25 120
14 5 26 140
14 5 27 140
14 6 28 140
14 6 29 140
14 6 30 140
15 1 2 30
15 1 3 30
15 2 14 40
15 2 15 40
15 2 16 40
15 3 21 240
15 3 22 240
15 4 23 120
15 4 24 120
15 4 25 120
15 5 26 140
15 5 27 140
15 6 28 140
15 6 29 140
15 6 30 140
16 1 2 30
16 1 3 30
16 2 14 40
16 2 15 40
16 2 16 40
16 3 21 240
16 3 22 240
16 4 23 120
16 4 24 120
16 4 25 120
16 5 26 140
16 5 27 140
16 6 28 140
16 6 29 140
16 6 30 140
17 1 2 30
17 1 3 30
17 2 14 40
17 2 15 40
17 2 16 40
17 3 21 240
17 3 22 240
17 4 23 120
17 4 24 120
17 4 25 120
17 5 26 140
17 5 27 140
17 6 28 140
17 6 29 140
17 6 30 140
18 1 2 30
18 1 3 30
18 2 14 40
18 2 15 40
18 2 16 40
18 3 21 240
18 3 22 240
18 4 23 120
18 4 24 120
18 4 25 120
18 5 26 140
18 5 27 140
18 6 28 140
18 6 29 140
18 6 30 140
19 1 2 30
19 1 3 30
19 2 14 40
19 2 15 40
19 2 16 40
19 3 21 240
19 3 22 240
19 4 23 120
19 4 24 120
19 4 25 120
19 5 26 140
19 5 27 140
19 6 28 140
19 6 29 140
19 6 30 140
20 1 2 30
20 1 3 30
20 2 14 40
20 2 15 40
20 2 16 40
20 3 21 240
20 3 22 240
20 4 23 120
20 4 24 120
20 4 25 120
20 5 26 140
20 5 27 140
20 6 28 140
20 6 29 140
20 6 30 140
21 1 2 30
21 1 3 30
21 2 14 40
21 2 15 40
21 2 16 40
21 3 21 240
21 3 22 240
21 4 23 120
21 4 24 120
21 4 25 120
21 5 26 140
21 5 27 140
21 6 28 140
21 6 29 140
21 6 30 140
22 1 2 30
22 1 3 30
22 2 14 40
22 2 15 40
22 2 16 40
22 3 21 240
22 3 22 240
22 4 23 120
22 4 24 120
22 4 25 120
22 5 26 140
22 5 27 140
22 6 28 140
22 6 29 140
22 6 30 140
23 1 2 30
23 1 3 30
23 2 14 40
23 2 15 40
23 2 16 40
23 3 21 240
23 3 22 240
23 4 23 120
23 4 24 120
23 4 25 120
23 5 26 140
23 5 27 140
23 6 28 140
23 6 29 140
23 6 30 140
24 1 2 30
24 1 3 30
24 2 14 40
24 2 15 40
24 2 16 40
24 3 21 240
24 3 22 240
24 4 23 120
24 4 24 120
24 4 25 120
24 5 26 140
24 5 27 140
24 6 28 140
24 6 29 140
24 6 30 140
25 1 2 30
25 1 3 30
25 2 14 40
25 2 15 40
25 2 16 40
25 3 21 240
25 3 22 240
25 4 23 120
25 4 24 120
25 4 25 120
25 5 26 140
25 5 27 140
25 6 28 140
25 6 29 140
25 6 30 140
26 1 2 30
26 1 3 30
26 2 14 40
26 2 15 40
26 2 16 40
26 3 21 240
26 3 22 240
26 4 23 120
26 4 24 120
26 4 25 120
26 5 26 140
26 5 27 140
26 6 28 140
26 6 29 140
26 6 30 140
27 1 2 30
27 1 3 30
27 2 14 40
27 2 15 40
27 2 16 40
27 3 21 240
27 3 22 240
27 4 23 120
27 4 24 120
27 4 25 120
27 5 26 140
27 5 27 140
27 6 28 140
27 6 29 140
27 6 30 140
28 1 2 30
28 1 3 30
28 2 14 40
28 2 15 40
28 2 16 40
28 3 21 240
28 3 22 240
28 4 23 120
28 4 24 120
28 4 25 120
28 5 26 140
28 5 27 140
28 6 28 140
28 6 29 140
28 6 30 140
29 1 2 30
29 1 3 30
29 2 14 40
29 2 15 40
29 2 16 40
29 3 21 240
29 3 22 240
29 4 23 120
29 4 24 120
29 4 25 120
29 5 26 140
29 5 27 140
29 6 28 140
29 6 29 140
29 6 30 140
30 1 2 30
30 1 3 30
30 2 14 40
30 2 15 40
30 2 16 40
30 3 21 240
30 3 22 240
30 4 23 120
30 4 24 120
30 4 25 120
30 5 26 140
30 5 27 140
30 6 28 140
30 6 29 140
30 6 30 140
31 1 2 30
31 1 3 30
31 2 14 40
31 2 15 40
31 2 16 40
31 3 21 240
31 3 22 240
31 4 23 120
31 4 24 120
31 4 25 120
31 5 26 140
31 5 27 140
31 6 28 140
31 6 29 140
31 6 30 140
32 1 2 30
32 1 3 30
32 2 14 40
32 2 15 40
32 2 16 40
32 3 21 240
32 3 22 240
32 4 23 120
32 4 24 120
32 4 25 120
32 5 26 140
32 5 27 140
32 6 28 140
32 6 29 140
32 6 30 140
33 1 2 30
33 1 3 30
33 2 14 40
33 2 15 40
33 2 16 40
33 3 21 240
33 3 22 240
33 4 23 120
33 4 24 120
33 4 25 120
33 5 26 140
33 5 27 140
33 6 28 140
33 6 29 140
33 6 30 140
34 1 2 30
34 1 3 30
34 2 14 40
34 2 15 40
34 2 16 40
34 3 21 240
34 3 22 240
34 4 23 120
34 4 24 120
34 4 25 120
34 5 26 140
34 5 27 140
34 6 28 140
34 6 29 140
34 6 30 140
35 1 2 30
35 1 3 30
35 2 14 40
35 2 15 40
35 2 16 40
35 3 21 240
35 3 22 240
35 4 23 120
35 4 24 120
35 4 25 120
35 5 26 140
35 5 27 140
35 6 28 140
35 6 29 140
35 6 30 140
36 1 2 30
36 1 3 30
36 2 14 40
36 2 15 40
36 2 16 40
36 3 21 240
36 3 22 240
36 4 23 120
36 4 24 120
36 4 25 120
36 5 26 140
36 5 27 140
36 6 28 140
36 6 29 140
36 6 30 140
37 1 2 30
37 1 3 30
37 2 14 40
37 2 15 40
37 2 16 40
37 3 21 240
37 3 22 240
37 4 23 120
37 4 24 120
37 4 25 120
37 5 26 140
37 5 27 140
37 6 28 140
37 6 29 140
37 6 30 140
38 1 2 30
38 1 3 30
38 2 14 40
38 2 15 40
38 2 16 40
38 3 21 240
38 3 22 240
38 4 23 120
38 4 24 120
38 4 25 120
38 5 26 140
38 5 27 140
38 6 28 140
38 6 29 140
38 6 30 140
39 1 2 30
39 1 3 30
39 2 14 40
39 2 15 40
39 2 16 40
39 3 21 240
39 3 22 240
39 4 23 120
39 4 24 120
39 4 25 120
39 5 26 140
39 5 27 140
39 6 28 140
39 6 29 140
39 6 30 140
40 1 2 30
40 1 3 30
40 2 14 40
40 2 15 40
40 2 16 40
40 3 21 240
40 3 22 240
40 4 23 120
40 4 24 120
40 4 25 120
40 5 26 140
40 5 27 140
40 6 28 140
40 6 29 140
40 6 30 140
41 1 2 30
41 1 3 30
41 2 14 40
41 2 15 40
41 2 16 40
41 3 21 240
41 3 22 240
41 4 23 120
41 4 24 120
41 4 25 120
41 5 26 140
41 5 27 140
41 6 28 140
41 6 29 140
41 6 30 140
42 1 2 30
42 1 3 30
42 2 14 40
42 2 15 40
42 2 16 40
42 3 21 240
42 3 22 240
42 4 23 120
42 4 24 120
42 4 25 120
42 5 26 140
42 5 27 140
42 6 28 140
42 6 29 140
42 6 30 140
43 1 2 30
43 1 3 30
43 2 14 40
43 2 15 40
43 2 16 40
43 3 21 240
43 3 22 240
43 4 23 120
43 4 24 120
43 4 25 120
43 5 26 140
43 5 27 140
43 6 28 140
43 6 29 140
43 6 30 140
44 1 2 30
44 1 3 30
44 2 14 40
44 2 15 40
44 2 16 40
44 3 21 240
44 3 22 240
44 4 23 120
44 4 24 120
44 4 25 120
44 5 26 140
44 5 27 140
44 6 28 140
44 6 29 140
44 6 30 140
45 1 2 30
45 1 3 30
45 2 14 40
45 2 15 40
45 2 16 40
45 3 21 240
45 3 22 240
45 4 23 120
45 4 24 120
45 4 25 120
45 5 26 140
45 5 27 140
45 6 28 140
45 6 29 140
45 6 30 140
46 1 2 30
46 1 3 30
46 2 14 40
46 2 15 40
46 2 16 40
46 3 21 240
46 3 22 240
46 4 23 120
46 4 24 120
46 4 25 120
46 5 26 140
46 5 27 140
46 6 28 140
46 6 29 140
46 6 30 140
47 1 2 30
47 1 3 30
47 2 14 40
47 2 15 40
47 2 16 40
47 3 21 240
47 3 22 240
47 4 23 120
47 4 24 120
47 4 25 120
47 5 26 140
47 5 27 140
47 6 28 140
47 6 29 140
47 6 30 140
48 1 2 30
48 1 3 30
48 2 14 40
48 2 15 40
48 2 16 40
48 3 21 240
48 3 22 240
48 4 23 120
48 4 24 120
48 4 25 120
48 5 26 140
48 5 27 140
48 6 28 140
48 6 29 140
48 6 30 140
49 1 2 30
49 1 3 30
49 2 14 40
49 2 15 40
49 2 16 40
49 3 21 240
49 3 22 240
49 4 23 120
49 4 24 120
49 4 25 120
49 5 26 140
49 5 27 140
49 6 28 140
49 6 29 140
49 6 30 140
50 1 2 30
50 1 3 30
50 2 14 40
50 2 15 40
50 2 16 40
50 3 21 240
50 3 22 240
50 4 23 120
50 4 24 120
50 4 25 120
50 5 26 140
50 5 27 140
50 6 28 140
50 6 29 140
50 6 30 140
51 1 2 30
51 1 3 30
51 2 14 40
51 2 15 40
51 2 16 40
51 3 21 240
51 3 22 240
51 4 23 120
51 4 24 120
51 4 25 120
51 5 26 140
51 5 27 140
51 6 28 140
51 6 29 140
51 6 30 140
52 1 2 30
52 1 3 30
52 2 14 40
52 2 15 40
52 2 16 40
52 3 21 240
52 3 22 240
52 4 23 120
52 4 24 120
52 4 25 120
52 5 26 140
52 5 27 140
52 6 28 140
52 6 29 140
52 6 30 140
53 1 2 30
53 1 3 30
53 2 14 40
53 2 15 40
53 2 16 40
53 3 21 240
53 3 22 240
53 4 23 120
53 4 24 120
53 4 25 120
53 5 26 140
53 5 27 140
53 6 28 140
53 6 29 140
53 6 30 140
54 1 2 30
54 1 3 30
54 2 14 40
54 2 15 40
54 2 16 40
54 3 21 240
54 3 22 240
54 4 23 120
54 4 24 120
54 4 25 120
54 5 26 140
54 5 27 140
54 6 28 140
54 6 29 140
54 6 30 140
55 1 2 30
55 1 3 30
55 2 14 40
55 2 15 40
55 2 16 40
55 3 21 240
55 3 22 240
55 4 23 120
55 4 24 120
55 4 25 120
55 5 26 140
55 5 27 140
55 6 28 140
55 6 29 140
55 6 30 140
56 1 2 30
56 1 3 30
56 2 14 40
56 2 15 40
56 2 16 40
56 3 21 240
56 3 22 240
56 4 23 120
56 4 24 120
56 4 25 120
56 5 26 140
56 5 27 140
56 6 28 140
56 6 29 140
56 6 30 140
57 1 2 30
57 1 3 30
57 2 14 40
57 2 15 40
57 2 16 40
57 3 21 240
57 3 22 240
57 4 23 120
57 4 24 120
57 4 25 120
57 5 26 140
57 5 27 140
57 6 28 140
57 6 29 140
57 6 30 140
58 1 2 30
58 1 3 30
58 2 14 40
58 2 15 40
58 2 16 40
58 3 21 240
58 3 22 240
58 4 23 120
58 4 24 120
58 4 25 120
58 5 26 140
58 5 27 140
58 6 28 140
58 6 29 140
58 6 30 140
59 1 2 30
59 1 3 30
59 2 14 40
59 2 15 40
59 2 16 40
59 3 21 240
59 3 22 240
59 4 23 120
59 4 24 120
59 4 25 120
59 5 26 140
59 5 27 140
59 6 28 140
59 6 29 140
59 6 30 140
60 1 2 30
60 1 3 30
60 2 14 40
60 2 15 40
60 2 16 40
60 3 21 240
60 3 22 240
60 4 23 120
60 4 24 120
60 4 25 120
60 5 26 140
60 5 27 140
60 6 28 140
60 6 29 140
60 6 30 140
61 1 2 30
61 1 3 30
61 2 14 40
61 2 15 40
61 2 16 40
61 3 21 240
61 3 22 240
61 4 23 120
61 4 24 120
61 4 25 120
61 5 26 140
61 5 27 140
61 6 28 140
61 6 29 140
61 6 30 140
62 1 2 30
62 1 3 30
62 2 14 40
62 2 15 40
62 2 16 40
62 3 21 240
62 3 22 240
62 4 23 120
62 4 24 120
62 4 25 120
62 5 26 140
62 5 27 140
62 6 28 140
62 6 29 140
62 6 30 140
63 1 2 30
63 1 3 30
63 2 14 40
63 2 15 40
63 2 16 40
63 3 21 240
63 3 22 240
63 4 23 120
63 4 24 120
63 4 25 120
63 5 26 140
63 5 27 140
63 6 28 140
63 6 29 140
63 6 30 140
64 1 2 30
64 1 3 30
64 2 14 40
64 2 15 40
64 2 16 40
64 3 21 240
64 3 22 240
64 4 23 120
64 4 24 120
64 4 25 120
64 5 26 140
64 5 27 140
64 6 28 140
64 6 29 140
64 6 30 140
65 1 2 30
65 1 3 30
65 2 14 40
65 2 15 40
65 2 16 40
65 3 21 240
65 3 22 240
65 4 23 120
65 4 24 120
65 4 25 120
65 5 26 140
65 5 27 140
65 6 28 140
65 6 29 140
65 6 30 140
66 1 2 30
66 1 3 30
66 2 14 40
66 2 15 40
66 2 16 40
66 3 21 240
66 3 22 240
66 4 23 120
66 4 24 120
66 4 25 120
66 5 26 140
66 5 27 140
66 6 28 140
66 6 29 140
66 6 30 140
67 1 2 30
67 1 3 30
67 2 14 40
67 2 15 40
67 2 16 40
67 3 21 240
67 3 22 240
67 4 23 120
67 4 24 120
67 4 25 120
67 5 26 140
67 5 27 140
67 6 28 140
67 6 29 140
67 6 30 140
68 1 2 30
68 1 3 30
68 2 14 40
68 2 15 40
68 2 16 40
68 3 21 240
68 3 22 240
68 4 23 120
68 4 24 120
68 4 25 120
68 5 26 140
68 5 27 140
68 6 28 140
68 6 29 140
68 6 30 140
69 1 2 30
69 1 3 30
69 2 14 40
69 2 15 40
69 2 16 40
69 3 21 240
69 3 22 240
69 4 23 120
69 4 24 120
69 4 25 120
69 5 26 140
69 5 27 140
69 6 28 140
69 6 29 140
69 6 30 140
70 1 2 30
70 1 3 30
70 2 14 40
70 2 15 40
70 2 16 40
70 3 21 240
70 3 22 240
70 4 23 120
70 4 24 120
70 4 25 120
70 5 26 140
70 5 27 140
70 6 28 140
70 6 29 140
70 6 30 140
71 1 2 30
71 1 3 30
71 2 14 40
71 2 15 40
71 2 16 40
71 3 21 240
71 3 22 240
71 4 23 120
71 4 24 120
71 4 25 120
71 5 26 140
71 5 27 140
71 6 28 140
71 6 29 140
71 6 30 140
72 1 2 30
72 1 3 30
72 2 14 40
72 2 15 40
72 2 16 40
72 3 21 240
72 3 22 240
72 4 23 120
72 4 24 120
72 4 25 120
72 5 26 140
72 5 27 140
72 6 28 140
72 6 29 140
72 6 30 140
73 1 2 30
73 1 3 30
73 2 14 40
73 2 15 40
73 2 16 40
73 3 21 240
73 3 22 240
73 4 23 120
73 4 24 120
73 4 25 120
73 5 26 140
73 5 27 140
73 6 28 140
73 6 29 140
73 6 30 140
74 1 2 30
74 1 3 30
74 2 14 40
74 2 15 40
74 2 16 40
74 3 21 240
74 3 22 240
74 4 23 120
74 4 24 120
74 4 25 120
74 5 26 140
74 5 27 140
74 6 28 140
74 6 29 140
74 6 30 140
75 1 2 30
75 1 3 30
75 2 14 40
75 2 15 40
75 2 16 40
75 3 21 240
75 3 22 240
75 4 23 120
75 4 24 120
75 4 25 120
75 5 26 140
75 5 27 140
75 6 28 140
75 6 29 140
75 6 30 140
76 1 2 30
76 1 3 30
76 2 14 40
76 2 15 40
76 2 16 40
76 3 21 240
76 3 22 240
76 4 23 120
76 4 24 120
76 4 25 120
76 5 26 140
76 5 27 140
76 6 28 140
76 6 29 140
76 6 30 140
77 1 2 30
77 1 3 30
77 2 14 40
77 2 15 40
77 2 16 40
77 3 21 240
77 3 22 240
77 4 23 120
77 4 24 120
77 4 25 120
77 5 26 140
77 5 27 140
77 6 28 140
77 6 29 140
77 6 30 140
78 1 2 30
78 1 3 30
78 2 14 40
78 2 15 40
78 2 16 40
78 3 21 240
78 3 22 240
78 4 23 120
78 4 24 120
78 4 25 120
78 5 26 140
78 5 27 140
78 6 28 140
78 6 29 140
78 6 30 140
79 1 2 30
79 1 3 30
79 2 14 40
79 2 15 40
79 2 16 40
79 3 21 240
79 3 22 240
79 4 23 120
79 4 24 120
79 4 25 120
79 5 26 140
79 5 27 140
79 6 28 140
79 6 29 140
79 6 30 140
80 1 2 30
80 1 3 30
80 2 14 40
80 2 15 40
80 2 16 40
80 3 21 240
80 3 22 240
80 4 23 120
80 4 24 120
80 4 25 120
80 5 26 140
80 5 27 140
80 6 28 140
80 6 29 140
80 6 30 140
81 1 2 30
81 1 3 30
81 2 14 40
81 2 15 40
81 2 16 40
81 3 21 240
81 3 22 240
81 4 23 120
81 4 24 120
81 4 25 120
81 5 26 140
81 5 27 140
81 6 28 140
81 6 29 140
81 6 30 140
82 1 2 30
82 1 3 30
82 2 14 40
82 2 15 40
82 2 16 40
82 3 21 240
82 3 22 240
82 4 23 120
82 4 24 120
82 4 25 120
82 5 26 140
82 5 27 140
82 6 28 140
82 6 29 140
82 6 30 140
83 1 2 30
83 1 3 30
83 2 14 40
83 2 15 40
83 2 16 40
83 3 21 240
83 3 22 240
83 4 23 120
83 4 24 120
83 4 25 120
83 5 26 140
83 5 27 140
83 6 28 140
83 6 29 140
83 6 30 140
84 1 2 30
84 1 3 30
84 2 14 40
84 2 15 40
84 2 16 40
84 3 21 240
84 3 22 240
84 4 23 120
84 4 24 120
84 4 25 120
84 5 26 140
84 5 27 140
84 6 28 140
84 6 29 140
84 6 30 140
85 1 2 30
85 1 3 30
85 2 14 40
85 2 15 40
85 2 16 40
85 3 21 240
85 3 22 240
85 4 23 120
85 4 24 120
85 4 25 120
85 5 26 140
85 5 27 140
85 6 28 140
85 6 29 140
85 6 30 140
86 1 2 30
86 1 3 30
86 2 14 40
86 2 15 40
86 2 16 40
86 3 21 240
86 3 22 240
86 4 23 120
86 4 24 120
86 4 25 120
86 5 26 140
86 5 27 140
86 6 28 140
86 6 29 140
86 6 30 140
87 1 2 30
87 1 3 30
87 2 14 40
87 2 15 40
87 2 16 40
87 3 21 240
87 3 22 240
87 4 23 120
87 4 24 120
87 4 25 120
87 5 26 140
87 5 27 140
87 6 28 140
87 6 29 140
87 6 30 140
88 1 2 30
88 1 3 30
88 2 14 40
88 2 15 40
88 2 16 40
88 3 21 240
88 3 22 240
88 4 23 120
88 4 24 120
88 4 25 120
88 5 26 140
88 5 27 140
88 6 28 140
88 6 29 140
88 6 30 140
89 1 2 30
89 1 3 30
89 2 14 40
89 2 15 40
89 2 16 40
89 3 21 240
89 3 22 240
89 4 23 120
89 4 24 120
89 4 25 120
89 5 26 140
89 5 27 140
89 6 28 140
89 6 29 140
89 6 30 140
90 1 2 30
90 1 3 30
90 2 14 40
90 2 15 40
90 2 16 40
90 3 21 240
90 3 22 240
90 4 23 120
90 4 24 120
90 4 25 120
90 5 26 140
90 5 27 140
90 6 28 140
90 6 29 140
90 6 30 140
91 1 2 30
91 1 3 30
91 2 14 40
91 2 15 40
91 2 16 40
91 3 21 240
91 3 22 240
91 4 23 120
91 4 24 120
91 4 25 120
91 5 26 140
91 5 27 140
91 6 28 140
91 6 29 140
91 6 30 140
92 1 2 30
92 1 3 30
92 2 14 40
92 2 15 40
92 2 16 40
92 3 21 240
92 3 22 240
92 4 23 120
92 4 24 120
92 4 25 120
92 5 26 140
92 5 27 140
92 6 28 140
92 6 29 140
92 6 30 140
93 1 2 30
93 1 3 30
93 2 14 40
93 2 15 40
93 2 16 40
93 3 21 240
93 3 22 240
93 4 23 120
93 4 24 120
93 4 25 120
93 5 26 140
93 5 27 140
93 6 28 140
93 6 29 140
93 6 30 140
94 1 2 30
94 1 3 30
94 2 14 40
94 2 15 40
94 2 16 40
94 3 21 240
94 3 22 240
94 4 23 120
94 4 24 120
94 4 25 120
94 5 26 140
94 5 27 140
94 6 28 140
94 6 29 140
94 6 30 140
95 1 2 30
95 1 3 30
95 2 14 40
95 2 15 40
95 2 16 40
95 3 21 240
95 3 22 240
95 4 23 120
95 4 24 120
95 4 25 120
95 5 26 140
95 5 27 140
95 6 28 140
95 6 29 140
95 6 30 140
96 1 2 30
96 1 3 30
96 2 14 40
96 2 15 40
96 2 16 40
96 3 21 240
96 3 22 240
96 4 23 120
96 4 24 120
96 4 25 120
96 5 26 140
96 5 27 140
96 6 28 140
96 6 29 140
96 6 30 140
97 1 2 30
97 1 3 30
97 2 14 40
97 2 15 40
97 2 16 40
97 3 21 240
97 3 22 240
97 4 23 120
97 4 24 120
97 4 25 120
97 5 26 140
97 5 27 140
97 6 28 140
97 6 29 140
97 6 30 140
98 1 2 30
98 1 3 30
98 2 14 40
98 2 15 40
98 2 16 40
98 3 21 240
98 3 22 240
98 4 23 120
98 4 24 120
98 4 25 120
98 5 26 140
98 5 27 140
98 6 28 140
98 6 29 140
98 6 30 140
99 1 2 30
99 1 3 30
99 2 14 40
99 2 15 40
99 2 16 40
99 3 21 240
99 3 22 240
99 4 23 120
99 4 24 120
99 4 25 120
99 5 26 140
99 5 27 140
99 6 28 140
99 6 29 140
99 6 30 140
100 1 2 30
100 1 3 30
100 2 14 40
100 2 15 40
100 2 16 40
100 3 21 240
100 3 22 240
100 4 23 120
100 4 24 120
100 4 25 120
100 5 26 140
100 5 27 140
100 6 28 140
100 6 29 140
100 6 30 140
101 1 2 30
101 1 3 30
101 2 14 40
101 2 15 40
101 2 16 40
101 3 21 240
101 3 22 240
101 4 23 120
101 4 24 120
101 4 25 120
101 5 26 140
101 5 27 140
101 6 28 140
101 6 29 140
101 6 30 140
102 1 2 30
102 1 3 30
102 2 14 40
102 2 15 40
102 2 16 40
102 3 21 240
102 3 22 240
102 4 23 120
102 4 24 120
102 4 25 120
102 5 26 140
102 5 27 140
102 6 28 140
102 6 29 140
102 6 30 140
103 1 2 30
103 1 3 30
103 2 14 40
103 2 15 40
103 2 16 40
103 3 21 240
103 3 22 240
103 4 23 120
103 4 24 120
103 4 25 120
103 5 26 140
103 5 27 140
103 6 28 140
103 6 29 140
103 6 30 140
104 1 2 30
104 1 3 30
104 2 14 40
104 2 15 40
104 2 16 40
104 3 21 240
104 3 22 240
104 4 23 120
104 4 24 120
104 4 25 120
104 5 26 140
104 5 27 140
104 6 28 140
104 6 29 140
104 6 30 140
105 1 2 30
105 1 3 30
105 2 14 40
105 2 15 40
105 2 16 40
105 3 21 240
105 3 22 240
105 4 23 120
105 4 24 120
105 4 25 120
105 5 26 140
105 5 27 140
105 6 28 140
105 6 29 140
105 6 30 140
106 1 2 30
106 1 3 30
106 2 14 40
106 2 15 40
106 2 16 40
106 3 21 240
106 3 22 240
106 4 23 120
106 4 24 120
106 4 25 120
106 5 26 140
106 5 27 140
106 6 28 140
106 6 29 140
106 6 30 140
107 1 2 30
107 1 3 30
107 2 14 40
107 2 15 40
107 2 16 40
107 3 21 240
107 3 22 240
107 4 23 120
107 4 24 120
107 4 25 120
107 5 26 140
107 5 27 140
107 6 28 140
107 6 29 140
107 6 30 140
108 1 2 30
108 1 3 30
108 2 14 40
108 2 15 40
108 2 16 40
108 3 21 240
108 3 22 240
108 4 23 120
108 4 24 120
108 4 25 120
108 5 26 140
108 5 27 140
108 6 28 140
108 6 29 140
108 6 30 140
109 1 2 30
109 1 3 30
109 2 14 40
109 2 15 40
109 2 16 40
109 3 21 240
109 3 22 240
109 4 23 120
109 4 24 120
109 4 25 120
109 5 26 140
109 5 27 140
109 6 28 140
109 6 29 140
109 6 30 140
110 1 2 30
110 1 3 30
110 2 14 40
110 2 15 40
110 2 16 40
110 3 21 240
110 3 22 240
110 4 23 120
110 4 24 120
110 4 25 120
110 5 26 140
110 5 27 140
110 6 28 140
110 6 29 140
110 6 30 140
111 1 2 30
111 1 3 30
111 2 14 40
111 2 15 40
111 2 16 40
111 3 21 240
111 3 22 240
111 4 23 120
111 4 24 120
111 4 25 120
111 5 26 140
111 5 27 140
111 6 28 140
111 6 29 140
111 6 30 140
112 1 2 30
112 1 3 30
112 2 14 40
112 2 15 40
112 2 16 40
112 3 21 240
112 3 22 240
112 4 23 120
112 4 24 120
112 4 25 120
112 5 26 140
112 5 27 140
112 6 28 140
112 6 29 140
112 6 30 140
113 1 2 30
113 1 3 30
113 2 14 40
113 2 15 40
113 2 16 40
113 3 21 240
113 3 22 240
113 4 23 120
113 4 24 120
113 4 25 120
113 5 26 140
113 5 27 140
113 6 28 140
113 6 29 140
113 6 30 140
114 1 2 30
114 1 3 30
114 2 14 40
114 2 15 40
114 2 16 40
114 3 21 240
114 3 22 240
114 4 23 120
114 4 24 120
114 4 25 120
114 5 26 140
114 5 27 140
114 6 28 140
114 6 29 140
114 6 30 140
115 1 2 30
115 1 3 30
115 2 14 40
115 2 15 40
115 2 16 40
115 3 21 240
115 3 22 240
115 4 23 120
115 4 24 120
115 4 25 120
115 5 26 140
115 5 27 140
115 6 28 140
115 6 29 140
115 6 30 140
116 1 2 30
116 1 3 30
116 2 14 40
116 2 15 40
116 2 16 40
116 3 21 240
116 3 22 240
116 4 23 120
116 4 24 120
116 4 25 120
116 5 26 140
116 5 27 140
116 6 28 140
116 6 29 140
116 6 30 140
117 1 2 30
117 1 3 30
117 2 14 40
117 2 15 40
117 2 16 40
117 3 21 240
117 3 22 240
117 4 23 120
117 4 24 120
117 4 25 120
117 5 26 140
117 5 27 140
117 6 28 140
117 6 29 140
117 6 30 140
118 1 2 30
118 1 3 30
118 2 14 40
118 2 15 40
118 2 16 40
118 3 21 240
118 3 22 240
118 4 23 120
118 4 24 120
118 4 25 120
118 5 26 140
118 5 27 140
118 6 28 140
118 6 29 140
118 6 30 140
119 1 2 30
119 1 3 30
119 2 14 40
119 2 15 40
119 2 16 40
119 3 21 240
119 3 22 240
119 4 23 120
119 4 24 120
119 4 25 120
119 5 26 140
119 5 27 140
119 6 28 140
119 6 29 140
119 6 30 140
120 1 2 30
120 1 3 30
120 2 14 40
120 2 15 40
120 2 16 40
120 3 21 240
120 3 22 240
120 4 23 120
120 4 24 120
120 4 25 120
120 5 26 140
120 5 27 140
120 6 28 140
120 6 29 140
120 6 30 140
121 1 2 30
121 1 3 30
121 2 14 40
121 2 15 40
121 2 16 40
121 3 21 240
121 3 22 240
121 4 23 120
121 4 24 120
121 4 25 120
121 5 26 140
121 5 27 140
121 6 28 140
121 6 29 140
121 6 30 140
122 1 2 30
122 1 3 30
122 2 14 40
122 2 15 40
122 2 16 40
122 3 21 240
122 3 22 240
122 4 23 120
122 4 24 120
122 4 25 120
122 5 26 140
122 5 27 140
122 6 28 140
122 6 29 140
122 6 30 140
123 1 2 30
123 1 3 30
123 2 14 40
123 2 15 40
123 2 16 40
123 3 21 240
123 3 22 240
123 4 23 120
123 4 24 120
123 4 25 120
123 5 26 140
123 5 27 140
123 6 28 140
123 6 29 140
123 6 30 140
124 1 2 30
124 1 3 30
124 2 14 40
124 2 15 40
124 2 16 40
124 3 21 240
124 3 22 240
124 4 23 120
124 4 24 120
124 4 25 120
124 5 26 140
124 5 27 140
124 6 28 140
124 6 29 140
124 6 30 140
125 1 2 30
125 1 3 30
125 2 14 40
125 2 15 40
125 2 16 40
125 3 21 240
125 3 22 240
125 4 23 120
125 4 24 120
125 4 25 120
125 5 26 140
125 5 27 140
125 6 28 140
125 6 29 140
125 6 30 140
126 1 2 30
126 1 3 30
126 2 14 40
126 2 15 40
126 2 16 40
126 3 21 240
126 3 22 240
126 4 23 120
126 4 24 120
126 4 25 120
126 5 26 140
126 5 27 140
126 6 28 140
126 6 29 140
126 6 30 140
127 1 2 30
127 1 3 30
127 2 14 40
127 2 15 40
127 2 16 40
127 3 21 240
127 3 22 240
127 4 23 120
127 4 24 120
127 4 25 120
127 5 26 140
127 5 27 140
127 6 28 140
127 6 29 140
127 6 30 140
128 1 2 30
128 1 3 30
128 2 14 40
128 2 15 40
128 2 16 40
128 3 21 240
128 3 22 240
128 4 23 120
128 4 24 120
128 4 25 120
128 5 26 140
128 5 27 140
128 6 28 140
128 6 29 140
128 6 30 140
129 1 2 30
129 1 3 30
129 2 14 40
129 2 15 40
129 2 16 40
129 3 21 240
129 3 22 240
129 4 23 120
129 4 24 120
129 4 25 120
129 5 26 140
129 5 27 140
129 6 28 140
129 6 29 140
129 6 30 140
130 1 2 30
130 1 3 30
130 2 14 40
130 2 15 40
130 2 16 40
130 3 21 240
130 3 22 240
130 4 23 120
130 4 24 120
130 4 25 120
130 5 26 140
130 5 27 140
130 6 28 140
130 6 29 140
130 6 30 140
131 1 2 30
131 1 3 30
131 2 14 40
131 2 15 40
131 2 16 40
131 3 21 240
131 3 22 240
131 4 23 120
131 4 24 120
131 4 25 120
131 5 26 140
131 5 27 140
131 6 28 140
131 6 29 140
131 6 30 140
132 1 2 30
132 1 3 30
132 2 14 40
132 2 15 40
132 2 16 40
132 3 21 240
132 3 22 240
132 4 23 120
132 4 24 120
132 4 25 120
132 5 26 140
132 5 27 140
132 6 28 140
132 6 29 140
132 6 30 140
133 1 2 30
133 1 3 30
133 2 14 40
133 2 15 40
133 2 16 40
133 3 21 240
133 3 22 240
133 4 23 120
133 4 24 120
133 4 25 120
133 5 26 140
133 5 27 140
133 6 28 140
133 6 29 140
133 6 30 140
134 1 2 30
134 1 3 30
134 2 14 40
134 2 15 40
134 2 16 40
134 3 21 240
134 3 22 240
134 4 23 120
134 4 24 120
134 4 25 120
134 5 26 140
134 5 27 140
134 6 28 140
134 6 29 140
134 6 30 140
135 1 2 30
135 1 3 30
135 2 14 40
135 2 15 40
135 2 16 40
135 3 21 240
135 3 22 240
135 4 23 120
135 4 24 120
135 4 25 120
135 5 26 140
135 5 27 140
135 6 28 140
135 6 29 140
135 6 30 140
136 1 2 30
136 1 3 30
136 2 14 40
136 2 15 40
136 2 16 40
136 3 21 240
136 3 22 240
136 4 23 120
136 4 24 120
136 4 25 120
136 5 26 140
136 5 27 140
136 6 28 140
136 6 29 140
136 6 30 140
137 1 2 30
137 1 3 30
137 2 14 40
137 2 15 40
137 2 16 40
137 3 21 240
137 3 22 240
137 4 23 120
137 4 24 120
137 4 25 120
137 5 26 140
137 5 27 140
137 6 28 140
137 6 29 140
137 6 30 140
138 1 2 30
138 1 3 30
138 2 14 40
138 2 15 40
138 2 16 40
138 3 21 240
138 3 22 240
138 4 23 120
138 4 24 120
138 4 25 120
138 5 26 140
138 5 27 140
138 6 28 140
138 6 29 140
138 6 30 140
139 1 2 30
139 1 3 30
139 2 14 40
139 2 15 40
139 2 16 40
139 3 21 240
139 3 22 240
139 4 23 120
139 4 24 120
139 4 25 120
139 5 26 140
139 5 27 140
139 6 28 140
139 6 29 140
139 6 30 140
140 1 2 30
140 1 3 30
140 2 14 40
140 2 15 40
140 2 16 40
140 3 21 240
140 3 22 240
140 4 23 120
140 4 24 120
140 4 25 120
140 5 26 140
140 5 27 140
140 6 28 140
140 6 29 140
140 6 30 140
141 1 2 30
141 1 3 30
141 2 14 40
141 2 15 40
141 2 16 40
141 3 21 240
141 3 22 240
141 4 23 120
141 4 24 120
141 4 25 120
141 5 26 140
141 5 27 140
141 6 28 140
141 6 29 140
141 6 30 140
142 1 2 30
142 1 3 30
142 2 14 40
142 2 15 40
142 2 16 40
142 3 21 240
142 3 22 240
142 4 23 120
142 4 24 120
142 4 25 120
142 5 26 140
142 5 27 140
142 6 28 140
142 6 29 140
142 6 30 140
143 1 2 30
143 1 3 30
143 2 14 40
143 2 15 40
143 2 16 40
143 3 21 240
143 3 22 240
143 4 23 120
143 4 24 120
143 4 25 120
143 5 26 140
143 5 27 140
143 6 28 140
143 6 29 140
143 6 30 140
144 1 2 30
144 1 3 30
144 2 14 40
144 2 15 40
144 2 16 40
144 3 21 240
144 3 22 240
144 4 23 120
144 4 24 120
144 4 25 120
144 5 26 140
144 5 27 140
144 6 28 140
144 6 29 140
144 6 30 140
145 1 2 30
145 1 3 30
145 2 14 40
145 2 15 40
145 2 16 40
145 3 21 240
145 3 22 240
145 4 23 120
145 4 24 120
145 4 25 120
145 5 26 140
145 5 27 140
145 6 28 140
145 6 29 140
145 6 30 140
146 1 2 30
146 1 3 30
146 2 14 40
146 2 15 40
146 2 16 40
146 3 21 240
146 3 22 240
146 4 23 120
146 4 24 120
146 4 25 120
146 5 26 140
146 5 27 140
146 6 28 140
146 6 29 140
146 6 30 140
147 1 2 30
147 1 3 30
147 2 14 40
147 2 15 40
147 2 16 40
147 3 21 240
147 3 22 240
147 4 23 120
147 4 24 120
147 4 25 120
147 5 26 140
147 5 27 140
147 6 28 140
147 6 29 140
147 6 30 140
148 1 2 30
148 1 3 30
148 2 14 40
148 2 15 40
148 2 16 40
148 3 21 240
148 3 22 240
148 4 23 120
148 4 24 120
148 4 25 120
148 5 26 140
148 5 27 140
148 6 28 140
148 6 29 140
148 6 30 140
149 1 2 30
149 1 3 30
149 2 14 40
149 2 15 40
149 2 16 40
149 3 21 240
149 3 22 240
149 4 23 120
149 4 24 120
149 4 25 120
149 5 26 140
149 5 27 140
149 6 28 140
149 6 29 140
149 6 30 140
150 1 2 30
150 1 3 30
150 2 14 40
150 2 15 40
150 2 16 40
150 3 21 240
150 3 22 240
150 4 23 120
150 4 24 120
150 4 25 120
150 5 26 140
150 5 27 140
150 6 28 140
150 6 29 140
150 6 30 140
151 1 2 30
151 1 3 30
151 2 14 40
151 2 15 40
151 2 16 40
151 3 21 240
151 3 22 240
151 4 23 120
151 4 24 120
151 4 25 120
151 5 26 140
151 5 27 140
151 6 28 140
151 6 29 140
151 6 30 140
152 1 2 30
152 1 3 30
152 2 14 40
152 2 15 40
152 2 16 40
152 3 21 240
152 3 22 240
152 4 23 120
152 4 24 120
152 4 25 120
152 5 26 140
152 5 27 140
152 6 28 140
152 6 29 140
152 6 30 140
153 1 2 30
153 1 3 30
153 2 14 40
153 2 15 40
153 2 16 40
153 3 21 240
153 3 22 240
153 4 23 120
153 4 24 120
153 4 25 120
153 5 26 140
153 5 27 140
153 6 28 140
153 6 29 140
153 6 30 140
154 1 2 30
154 1 3 30
154 2 14 40
154 2 15 40
154 2 16 40
154 3 21 240
154 3 22 240
154 4 23 120
154 4 24 120
154 4 25 120
154 5 26 140
154 5 27 140
154 6 28 140
154 6 29 140
154 6 30 140
155 1 2 30
155 1 3 30
155 2 14 40
155 2 15 40
155 2 16 40
155 3 21 240
155 3 22 240
155 4 23 120
155 4 24 120
155 4 25 120
155 5 26 140
155 5 27 140
155 6 28 140
155 6 29 140
155 6 30 140
156 1 2 30
156 1 3 30
156 2 14 40
156 2 15 40
156 2 16 40
156 3 21 240
156 3 22 240
156 4 23 120
156 4 24 120
156 4 25 120
156 5 26 140
156 5 27 140
156 6 28 140
156 6 29 140
156 6 30 140
157 1 2 30
157 1 3 30
157 2 14 40
157 2 15 40
157 2 16 40
157 3 21 240
157 3 22 240
157 4 23 120
157 4 24 120
157 4 25 120
157 5 26 140
157 5 27 140
157 6 28 140
157 6 29 140
157 6 30 140
158 1 2 30
158 1 3 30
158 2 14 40
158 2 15 40
158 2 16 40
158 3 21 240
158 3 22 240
158 4 23 120
158 4 24 120
158 4 25 120
158 5 26 140
158 5 27 140
158 6 28 140
158 6 29 140
158 6 30 140
159 1 2 30
159 1 3 30
159 2 14 40
159 2 15 40
159 2 16 40
159 3 21 240
159 3 22 240
159 4 23 120
159 4 24 120
159 4 25 120
159 5 26 140
159 5 27 140
159 6 28 140
159 6 29 140
159 6 30 140
160 1 2 30
160 1 3 30
160 2 14 40
160 2 15 40
160 2 16 40
160 3 21 240
160 3 22 240
160 4 23 120
160 4 24 120
160 4 25 120
160 5 26 140
160 5 27 140
160 6 28 140
160 6 29 140
160 6 30 140
161 1 2 30
161 1 3 30
161 2 14 40
161 2 15 40
161 2 16 40
161 3 21 240
161 3 22 240
161 4 23 120
161 4 24 120
161 4 25 120
161 5 26 140
161 5 27 140
161 6 28 140
161 6 29 140
161 6 30 140
162 1 2 30
162 1 3 30
162 2 14 40
162 2 15 40
162 2 16 40
162 3 21 240
162 3 22 240
162 4 23 120
162 4 24 120
162 4 25 120
162 5 26 140
162 5 27 140
162 6 28 140
162 6 29 140
162 6 30 140
163 1 2 30
163 1 3 30
163 2 14 40
163 2 15 40
163 2 16 40
163 3 21 240
163 3 22 240
163 4 23 120
163 4 24 120
163 4 25 120
163 5 26 140
163 5 27 140
163 6 28 140
163 6 29 140
163 6 30 140
164 1 2 30
164 1 3 30
164 2 14 40
164 2 15 40
164 2 16 40
164 3 21 240
164 3 22 240
164 4 23 120
164 4 24 120
164 4 25 120
164 5 26 140
164 5 27 140
164 6 28 140
164 6 29 140
164 6 30 140
165 1 2 30
165 1 3 30
165 2 14 40
165 2 15 40
165 2 16 40
165 3 21 240
165 3 22 240
165 4 23 120
165 4 24 120
165 4 25 120
165 5 26 140
165 5 27 140
165 6 28 140
165 6 29 140
165 6 30 140
166 1 2 30
166 1 3 30
166 2 14 40
166 2 15 40
166 2 16 40
166 3 21 240
166 3 22 240
166 4 23 120
166 4 24 120
166 4 25 120
166 5 26 140
166 5 27 140
166 6 28 140
166 6 29 140
166 6 30 140
167 1 2 30
167 1 3 30
167 2 14 40
167 2 15 40
167 2 16 40
167 3 21 240
167 3 22 240
167 4 23 120
167 4 24 120
167 4 25 120
167 5 26 140
167 5 27 140
167 6 28 140
167 6 29 140
167 6 30 140
168 1 2 30
168 1 3 30
168 2 14 40
168 2 15 40
168 2 16 40
168 3 21 240
168 3 22 240
168 4 23 120
168 4 24 120
168 4 25 120
168 5 26 140
168 5 27 140
168 6 28 140
168 6 29 140
168 6 30 140
169 1 2 30
169 1 3 30
169 2 14 40
169 2 15 40
169 2 16 40
169 3 21 240
169 3 22 240
169 4 23 120
169 4 24 120
169 4 25 120
169 5 26 140
169 5 27 140
169 6 28 140
169 6 29 140
169 6 30 140
170 1 2 30
170 1 3 30
170 2 14 40
170 2 15 40
170 2 16 40
170 3 21 240
170 3 22 240
170 4 23 120
170 4 24 120
170 4 25 120
170 5 26 140
170 5 27 140
170 6 28 140
170 6 29 140
170 6 30 140
171 1 2 30
171 1 3 30
171 2 14 40
171 2 15 40
171 2 16 40
171 3 21 240
171 3 22 240
171 4 23 120
171 4 24 120
171 4 25 120
171 5 26 140
171 5 27 140
171 6 28 140
171 6 29 140
171 6 30 140
172 1 2 30
172 1 3 30
172 2 14 40
172 2 15 40
172 2 16 40
172 3 21 240
172 3 22 240
172 4 23 120
172 4 24 120
172 4 25 120
172 5 26 140
172 5 27 140
172 6 28 140
172 6 29 140
172 6 30 140
173 1 2 30
173 1 3 30
173 2 14 40
173 2 15 40
173 2 16 40
173 3 21 240
173 3 22 240
173 4 23 120
173 4 24 120
173 4 25 120
173 5 26 140
173 5 27 140
173 6 28 140
173 6 29 140
173 6 30 140
174 1 2 30
174 1 3 30
174 2 14 40
174 2 15 40
174 2 16 40
174 3 21 240
174 3 22 240
174 4 23 120
174 4 24 120
174 4 25 120
174 5 26 140
174 5 27 140
174 6 28 140
174 6 29 140
174 6 30 140
175 1 2 30
175 1 3 30
175 2 14 40
175 2 15 40
175 2 16 40
175 3 21 240
175 3 22 240
175 4 23 120
175 4 24 120
175 4 25 120
175 5 26 140
175 5 27 140
175 6 28 140
175 6 29 140
175 6 30 140
176 1 2 30
176 1 3 30
176 2 14 40
176 2 15 40
176 2 16 40
176 3 21 240
176 3 22 240
176 4 23 120
176 4 24 120
176 4 25 120
176 5 26 140
176 5 27 140
176 6 28 140
176 6 29 140
176 6 30 140
177 1 2 30
177 1 3 30
177 2 14 40
177 2 15 40
177 2 16 40
177 3 21 240
177 3 22 240
177 4 23 120
177 4 24 120
177 4 25 120
177 5 26 140
177 5 27 140
177 6 28 140
177 6 29 140
177 6 30 140
178 1 2 30
178 1 3 30
178 2 14 40
178 2 15 40
178 2 16 40
178 3 21 240
178 3 22 240
178 4 23 120
178 4 24 120
178 4 25 120
178 5 26 140
178 5 27 140
178 6 28 140
178 6 29 140
178 6 30 140
179 1 2 30
179 1 3 30
179 2 14 40
179 2 15 40
179 2 16 40
179 3 21 240
179 3 22 240
179 4 23 120
179 4 24 120
179 4 25 120
179 5 26 140
179 5 27 140
179 6 28 140
179 6 29 140
179 6 30 140
180 1 2 30
180 1 3 30
180 2 14 40
180 2 15 40
180 2 16 40
180 3 21 240
180 3 22 240
180 4 23 120
180 4 24 120
180 4 25 120
180 5 26 140
180 5 27 140
180 6 28 140
180 6 29 140
180 6 30 140
181 1 2 30
181 1 3 30
181 2 14 40
181 2 15 40
181 2 16 40
181 3 21 240
181 3 22 240
181 4 23 120
181 4 24 120
181 4 25 120
181 5 26 140
181 5 27 140
181 6 28 140
181 6 29 140
181 6 30 140
182 1 2 30
182 1 3 30
182 2 14 40
182 2 15 40
182 2 16 40
182 3 21 240
182 3 22 240
182 4 23 120
182 4 24 120
182 4 25 120
182 5 26 140
182 5 27 140
182 6 28 140
182 6 29 140
182 6 30 140
183 1 2 30
183 1 3 30
183 2 14 40
183 2 15 40
183 2 16 40
183 3 21 240
183 3 22 240
183 4 23 120
183 4 24 120
183 4 25 120
183 5 26 140
183 5 27 140
183 6 28 140
183 6 29 140
183 6 30 140
184 1 2 30
184 1 3 30
184 2 14 40
184 2 15 40
184 2 16 40
184 3 21 240
184 3 22 240
184 4 23 120
184 4 24 120
184 4 25 120
184 5 26 140
184 5 27 140
184 6 28 140
184 6 29 140
184 6 30 140
185 1 2 30
185 1 3 30
185 2 14 40
185 2 15 40
185 2 16 40
185 3 21 240
185 3 22 240
185 4 23 120
185 4 24 120
185 4 25 120
185 5 26 140
185 5 27 140
185 6 28 140
185 6 29 140
185 6 30 140
186 1 2 30
186 1 3 30
186 2 14 40
186 2 15 40
186 2 16 40
186 3 21 240
186 3 22 240
186 4 23 120
186 4 24 120
186 4 25 120
186 5 26 140
186 5 27 140
186 6 28 140
186 6 29 140
186 6 30 140
187 1 2 30
187 1 3 30
187 2 14 40
187 2 15 40
187 2 16 40
187 3 21 240
187 3 22 240
187 4 23 120
187 4 24 120
187 4 25 120
187 5 26 140
187 5 27 140
187 6 28 140
187 6 29 140
187 6 30 140
188 1 2 30
188 1 3 30
188 2 14 40
188 2 15 40
188 2 16 40
188 3 21 240
188 3 22 240
188 4 23 120
188 4 24 120
188 4 25 120
188 5 26 140
188 5 27 140
188 6 28 140
188 6 29 140
188 6 30 140
189 1 2 30
189 1 3 30
189 2 14 40
189 2 15 40
189 2 16 40
189 3 21 240
189 3 22 240
189 4 23 120
189 4 24 120
189 4 25 120
189 5 26 140
189 5 27 140
189 6 28 140
189 6 29 140
189 6 30 140
190 1 2 30
190 1 3 30
190 2 14 40
190 2 15 40
190 2 16 40
190 3 21 240
190 3 22 240
190 4 23 120
190 4 24 120
190 4 25 120
190 5 26 140
190 5 27 140
190 6 28 140
190 6 29 140
190 6 30 140
191 1 2 30
191 1 3 30
191 2 14 40
191 2 15 40
191 2 16 40
191 3 21 240
191 3 22 240
191 4 23 120
191 4 24 120
191 4 25 120
191 5 26 140
191 5 27 140
191 6 28 140
191 6 29 140
191 6 30 140
192 1 2 30
192 1 3 30
192 2 14 40
192 2 15 40
192 2 16 40
192 3 21 240
192 3 22 240
192 4 23 120
192 4 24 120
192 4 25 120
192 5 26 140
192 5 27 140
192 6 28 140
192 6 29 140
192 6 30 140
193 1 2 30
193 1 3 30
193 2 14 40
193 2 15 40
193 2 16 40
193 3 21 240
193 3 22 240
193 4 23 120
193 4 24 120
193 4 25 120
193 5 26 140
193 5 27 140
193 6 28 140
193 6 29 140
193 6 30 140
194 1 2 30
194 1 3 30
194 2 14 40
194 2 15 40
194 2 16 40
194 3 21 240
194 3 22 240
194 4 23 120
194 4 24 120
194 4 25 120
194 5 26 140
194 5 27 140
194 6 28 140
194 6 29 140
194 6 30 140
195 1 2 30
195 1 3 30
195 2 14 40
195 2 15 40
195 2 16 40
195 3 21 240
195 3 22 240
195 4 23 120
195 4 24 120
195 4 25 120
195 5 26 140
195 5 27 140
195 6 28 140
195 6 29 140
195 6 30 140
196 1 2 30
196 1 3 30
196 2 14 40
196 2 15 40
196 2 16 40
196 3 21 240
196 3 22 240
196 4 23 120
196 4 24 120
196 4 25 120
196 5 26 140
196 5 27 140
196 6 28 140
196 6 29 140
196 6 30 140
197 1 2 30
197 1 3 30
197 2 14 40
197 2 15 40
197 2 16 40
197 3 21 240
197 3 22 240
197 4 23 120
197 4 24 120
197 4 25 120
197 5 26 140
197 5 27 140
197 6 28 140
197 6 29 140
197 6 30 140
198 1 2 30
198 1 3 30
198 2 14 40
198 2 15 40
198 2 16 40
198 3 21 240
198 3 22 240
198 4 23 120
198 4 24 120
198 4 25 120
198 5 26 140
198 5 27 140
198 6 28 140
198 6 29 140
198 6 30 140
199 1 2 30
199 1 3 30
199 2 14 40
199 2 15 40
199 2 16 40
199 3 21 240
199 3 22 240
199 4 23 120
199 4 24 120
199 4 25 120
199 5 26 140
199 5 27 140
199 6 28 140
199 6 29 140
199 6 30 140
200 1 2 30
200 1 3 30
200 2 14 40
200 2 15 40
200 2 16 40
200 3 21 240
200 3 22 240
200 4 23 120
200 4 24 120
200 4 25 120
200 5 26 140
200 5 27 140
200 6 28 140
200 6 29 140
200 6 30 140
201 1 2 30
201 1 3 30
201 2 14 40
201 2 15 40
201 2 16 40
201 3 21 240
201 3 22 240
201 4 23 120
201 4 24 120
201 4 25 120
201 5 26 140
201 5 27 140
201 6 28 140
201 6 29 140
201 6 30 140
202 1 2 30
202 1 3 30
202 2 14 40
202 2 15 40
202 2 16 40
202 3 21 240
202 3 22 240
202 4 23 120
202 4 24 120
202 4 25 120
202 5 26 140
202 5 27 140
202 6 28 140
202 6 29 140
202 6 30 140
203 1 2 30
203 1 3 30
203 2 14 40
203 2 15 40
203 2 16 40
203 3 21 240
203 3 22 240
203 4 23 120
203 4 24 120
203 4 25 120
203 5 26 140
203 5 27 140
203 6 28 140
203 6 29 140
203 6 30 140
204 1 2 30
204 1 3 30
204 2 14 40
204 2 15 40
204 2 16 40
204 3 21 240
204 3 22 240
204 4 23 120
204 4 24 120
204 4 25 120
204 5 26 140
204 5 27 140
204 6 28 140
204 6 29 140
204 6 30 140
205 1 2 30
205 1 3 30
205 2 14 40
205 2 15 40
205 2 16 40
205 3 21 240
205 3 22 240
205 4 23 120
205 4 24 120
205 4 25 120
205 5 26 140
205 5 27 140
205 6 28 140
205 6 29 140
205 6 30 140
206 1 2 30
206 1 3 30
206 2 14 40
206 2 15 40
206 2 16 40
206 3 21 240
206 3 22 240
206 4 23 120
206 4 24 120
206 4 25 120
206 5 26 140
206 5 27 140
206 6 28 140
206 6 29 140
206 6 30 140
207 1 2 30
207 1 3 30
207 2 14 40
207 2 15 40
207 2 16 40
207 3 21 240
207 3 22 240
207 4 23 120
207 4 24 120
207 4 25 120
207 5 26 140
207 5 27 140
207 6 28 140
207 6 29 140
207 6 30 140
208 1 2 30
208 1 3 30
208 2 14 40
208 2 15 40
208 2 16 40
208 3 21 240
208 3 22 240
208 4 23 120
208 4 24 120
208 4 25 120
208 5 26 140
208 5 27 140
208 6 28 140
208 6 29 140
208 6 30 140
209 1 2 30
209 1 3 30
209 2 14 40
209 2 15 40
209 2 16 40
209 3 21 240
209 3 22 240
209 4 23 120
209 4 24 120
209 4 25 120
209 5 26 140
209 5 27 140
209 6 28 140
209 6 29 140
209 6 30 140
210 1 2 30
210 1 3 30
210 2 14 40
210 2 15 40
210 2 16 40
210 3 21 240
210 3 22 240
210 4 23 120
210 4 24 120
210 4 25 120
210 5 26 140
210 5 27 140
210 6 28 140
210 6 29 140
210 6 30 140
211 1 2 30
211 1 3 30
211 2 14 40
211 2 15 40
211 2 16 40
211 3 21 240
211 3 22 240
211 4 23 120
211 4 24 120
211 4 25 120
211 5 26 140
211 5 27 140
211 6 28 140
211 6 29 140
211 6 30 140
212 1 2 30
212 1 3 30
212 2 14 40
212 2 15 40
212 2 16 40
212 3 21 240
212 3 22 240
212 4 23 120
212 4 24 120
212 4 25 120
212 5 26 140
212 5 27 140
212 6 28 140
212 6 29 140
212 6 30 140
213 1 2 30
213 1 3 30
213 2 14 40
213 2 15 40
213 2 16 40
213 3 21 240
213 3 22 240
213 4 23 120
213 4 24 120
213 4 25 120
213 5 26 140
213 5 27 140
213 6 28 140
213 6 29 140
213 6 30 140
214 1 2 30
214 1 3 30
214 2 14 40
214 2 15 40
214 2 16 40
214 3 21 240
214 3 22 240
214 4 23 120
214 4 24 120
214 4 25 120
214 5 26 140
214 5 27 140
214 6 28 140
214 6 29 140
214 6 30 140
215 1 2 30
215 1 3 30
215 2 14 40
215 2 15 40
215 2 16 40
215 3 21 240
215 3 22 240
215 4 23 120
215 4 24 120
215 4 25 120
215 5 26 140
215 5 27 140
215 6 28 140
215 6 29 140
215 6 30 140
216 1 2 30
216 1 3 30
216 2 14 40
216 2 15 40
216 2 16 40
216 3 21 240
216 3 22 240
216 4 23 120
216 4 24 120
216 4 25 120
216 5 26 140
216 5 27 140
216 6 28 140
216 6 29 140
216 6 30 140
217 1 2 30
217 1 3 30
217 2 14 40
217 2 15 40
217 2 16 40
217 3 21 240
217 3 22 240
217 4 23 120
217 4 24 120
217 4 25 120
217 5 26 140
217 5 27 140
217 6 28 140
217 6 29 140
217 6 30 140
218 1 2 30
218 1 3 30
218 2 14 40
218 2 15 40
218 2 16 40
218 3 21 240
218 3 22 240
218 4 23 120
218 4 24 120
218 4 25 120
218 5 26 140
218 5 27 140
218 6 28 140
218 6 29 140
218 6 30 140
219 1 2 30
219 1 3 30
219 2 14 40
219 2 15 40
219 2 16 40
219 3 21 240
219 3 22 240
219 4 23 120
219 4 24 120
219 4 25 120
219 5 26 140
219 5 27 140
219 6 28 140
219 6 29 140
219 6 30 140
220 1 2 30
220 1 3 30
220 2 14 40
220 2 15 40
220 2 16 40
220 3 21 240
220 3 22 240
220 4 23 120
220 4 24 120
220 4 25 120
220 5 26 140
220 5 27 140
220 6 28 140
220 6 29 140
220 6 30 140
221 1 2 30
221 1 3 30
221 2 14 40
221 2 15 40
221 2 16 40
221 3 21 240
221 3 22 240
221 4 23 120
221 4 24 120
221 4 25 120
221 5 26 140
221 5 27 140
221 6 28 140
221 6 29 140
221 6 30 140
222 1 2 30
222 1 3 30
222 2 14 40
222 2 15 40
222 2 16 40
222 3 21 240
222 3 22 240
222 4 23 120
222 4 24 120
222 4 25 120
222 5 26 140
222 5 27 140
222 6 28 140
222 6 29 140
222 6 30 140
223 1 2 30
223 1 3 30
223 2 14 40
223 2 15 40
223 2 16 40
223 3 21 240
223 3 22 240
223 4 23 120
223 4 24 120
223 4 25 120
223 5 26 140
223 5 27 140
223 6 28 140
223 6 29 140
223 6 30 140
224 1 2 30
224 1 3 30
224 2 14 40
224 2 15 40
224 2 16 40
224 3 21 240
224 3 22 240
224 4 23 120
224 4 24 120
224 4 25 120
224 5 26 140
224 5 27 140
224 6 28 140
224 6 29 140
224 6 30 140
225 1 2 30
225 1 3 30
225 2 14 40
225 2 15 40
225 2 16 40
225 3 21 240
225 3 22 240
225 4 23 120
225 4 24 120
225 4 25 120
225 5 26 140
225 5 27 140
225 6 28 140
225 6 29 140
225 6 30 140
226 1 4 50
226 2 19 110
226 2 20 110
227 1 4 50
227 2 19 110
227 2 20 110
228 1 4 50
228 2 19 110
228 2 20 110
229 1 4 50
229 2 19 110
229 2 20 110
230 1 4 50
230 2 19 110
230 2 20 110
231 1 4 50
231 2 19 110
231 2 20 110
232 1 4 50
232 2 19 110
232 2 20 110
233 1 4 50
233 2 19 110
233 2 20 110
234 1 4 50
234 2 19 110
234 2 20 110
235 1 4 50
235 2 19 110
235 2 20 110
236 1 4 50
236 2 19 110
236 2 20 110
237 1 4 50
237 2 19 110
237 2 20 110
238 1 4 50
238 2 19 110
238 2 20 110
239 1 4 50
239 2 19 110
239 2 20 110
240 1 4 50
240 2 19 110
240 2 20 110
241 1 4 50
241 2 19 110
241 2 20 110
242 1 4 50
242 2 19 110
242 2 20 110
243 1 4 50
243 2 19 110
243 2 20 110
244 1 4 50
244 2 19 110
244 2 20 110
245 1 4 50
245 2 19 110
245 2 20 110
246 1 4 50
246 2 19 110
246 2 20 110
247 1 4 50
247 2 19 110
247 2 20 110
248 1 4 50
248 2 19 110
248 2 20 110
249 1 4 50
249 2 19 110
249 2 20 110
250 1 4 50
250 2 19 110
250 2 20 110
251 1 4 50
251 2 19 110
251 2 20 110
252 1 4 50
252 2 19 110
252 2 20 110
253 1 4 50
253 2 19 110
253 2 20 110
254 1 4 50
254 2 19 110
254 2 20 110
255 1 4 50
255 2 19 110
255 2 20 110
256 1 4 50
256 2 19 110
256 2 20 110
257 1 4 50
257 2 19 110
257 2 20 110
258 1 4 50
258 2 19 110
258 2 20 110
259 1 4 50
259 2 19 110
259 2 20 110
260 1 4 50
260 2 19 110
260 2 20 110
261 1 4 50
261 2 19 110
261 2 20 110
262 1 4 50
262 2 19 110
262 2 20 110
263 1 4 50
263 2 19 110
263 2 20 110
264 1 4 50
264 2 19 110
264 2 20 110
265 1 4 50
265 2 19 110
265 2 20 110
266 1 4 50
266 2 19 110
266 2 20 110
267 1 4 50
267 2 19 110
267 2 20 110
268 1 4 50
268 2 19 110
268 2 20 110
269 1 4 50
269 2 19 110
269 2 20 110
270 1 4 50
270 2 19 110
270 2 20 110
271 1 4 50
271 2 19 110
271 2 20 110
272 1 4 50
272 2 19 110
272 2 20 110
273 1 4 50
273 2 19 110
273 2 20 110
274 1 4 50
274 2 19 110
274 2 20 110
275 1 4 50
275 2 19 110
275 2 20 110
276 1 4 50
276 2 19 110
276 2 20 110
277 1 4 50
277 2 19 110
277 2 20 110
278 1 4 50
278 2 19 110
278 2 20 110
279 1 4 50
279 2 19 110
279 2 20 110
280 1 4 50
280 2 19 110
280 2 20 110
281 1 4 50
281 2 19 110
281 2 20 110
282 1 4 50
282 2 19 110
282 2 20 110
283 1 4 50
283 2 19 110
283 2 20 110
284 1 4 50
284 2 19 110
284 2 20 110
285 1 4 50
285 2 19 110
285 2 20 110
286 1 4 50
286 2 19 110
286 2 20 110
287 1 4 50
287 2 19 110
287 2 20 110
288 1 4 50
288 2 19 110
288 2 20 110
289 1 4 50
289 2 19 110
289 2 20 110
290 1 4 50
290 2 19 110
290 2 20 110
291 1 4 50
291 2 19 110
291 2 20 110
292 1 4 50
292 2 19 110
292 2 20 110
293 1 4 50
293 2 19 110
293 2 20 110
294 1 4 50
294 2 19 110
294 2 20 110
295 1 4 50
295 2 19 110
295 2 20 110
296 1 4 50
296 2 19 110
296 2 20 110
297 1 4 50
297 2 19 110
297 2 20 110
298 1 4 50
298 2 19 110
298 2 20 110
299 1 4 50
299 2 19 110
299 2 20 110
300 1 4 50
300 2 19 110
300 2 20 110
301 1 4 50
301 2 19 110
301 2 20 110
302 1 4 50
302 2 19 110
302 2 20 110
303 1 4 50
303 2 19 110
303 2 20 110
304 1 4 50
304 2 19 110
304 2 20 110
305 1 4 50
305 2 19 110
305 2 20 110
306 1 4 50
306 2 19 110
306 2 20 110
307 1 4 50
307 2 19 110
307 2 20 110
308 1 4 50
308 2 19 110
308 2 20 110
309 1 4 50
309 2 19 110
309 2 20 110
310 1 4 50
310 2 19 110
310 2 20 110
311 1 4 50
311 2 19 110
311 2 20 110
312 1 4 50
312 2 19 110
312 2 20 110
313 1 4 50
313 2 19 110
313 2 20 110
314 1 4 50
314 2 19 110
314 2 20 110
315 1 4 50
315 2 19 110
315 2 20 110
316 1 4 50
316 2 19 110
316 2 20 110
317 1 4 50
317 2 19 110
317 2 20 110
318 1 4 50
318 2 19 110
318 2 20 110
319 1 4 50
319 2 19 110
319 2 20 110
320 1 4 50
320 2 19 110
320 2 20 110
321 1 4 50
321 2 19 110
321 2 20 110
322 1 4 50
322 2 19 110
322 2 20 110
323 1 4 50
323 2 19 110
323 2 20 110
324 1 4 50
324 2 19 110
324 2 20 110
325 1 4 50
325 2 19 110
325 2 20 110
326 1 4 50
326 2 19 110
326 2 20 110
327 1 4 50
327 2 19 110
327 2 20 110
328 1 4 50
328 2 19 110
328 2 20 110
329 1 4 50
329 2 19 110
329 2 20 110
330 1 4 50
330 2 19 110
330 2 20 110
331 1 4 50
331 2 19 110
331 2 20 110
332 1 4 50
332 2 19 110
332 2 20 110
333 1 4 50
333 2 19 110
333 2 20 110
334 1 2 30
334 1 3 30
334 2 19 30
334 2 20 30
334 3 5 240
334 3 6 240
334 3 7 240
334 3 8 240
334 3 9 240
334 3 10 240
334 3 11 240
334 3 12 240
334 3 13 240
335 1 2 30
335 1 3 30
335 2 19 30
335 2 20 30
335 3 5 240
335 3 6 240
335 3 7 240
335 3 8 240
335 3 9 240
335 3 10 240
335 3 11 240
335 3 12 240
335 3 13 240
336 1 2 30
336 1 3 30
336 2 19 30
336 2 20 30
336 3 5 240
336 3 6 240
336 3 7 240
336 3 8 240
336 3 9 240
336 3 10 240
336 3 11 240
336 3 12 240
336 3 13 240
337 1 2 30
337 1 3 30
337 2 19 30
337 2 20 30
337 3 5 240
337 3 6 240
337 3 7 240
337 3 8 240
337 3 9 240
337 3 10 240
337 3 11 240
337 3 12 240
337 3 13 240
338 1 2 30
338 1 3 30
338 2 19 30
338 2 20 30
338 3 5 240
338 3 6 240
338 3 7 240
338 3 8 240
338 3 9 240
338 3 10 240
338 3 11 240
338 3 12 240
338 3 13 240
339 1 2 30
339 1 3 30
339 2 19 30
339 2 20 30
339 3 5 240
339 3 6 240
339 3 7 240
339 3 8 240
339 3 9 240
339 3 10 240
339 3 11 240
339 3 12 240
339 3 13 240
340 1 2 30
340 1 3 30
340 2 19 30
340 2 20 30
340 3 5 240
340 3 6 240
340 3 7 240
340 3 8 240
340 3 9 240
340 3 10 240
340 3 11 240
340 3 12 240
340 3 13 240
341 1 2 30
341 1 3 30
341 2 19 30
341 2 20 30
341 3 5 240
341 3 6 240
341 3 7 240
341 3 8 240
341 3 9 240
341 3 10 240
341 3 11 240
341 3 12 240
341 3 13 240
342 1 2 30
342 1 3 30
342 2 19 30
342 2 20 30
342 3 5 240
342 3 6 240
342 3 7 240
342 3 8 240
342 3 9 240
342 3 10 240
342 3 11 240
342 3 12 240
342 3 13 240
343 1 2 30
343 1 3 30
343 2 19 30
343 2 20 30
343 3 5 240
343 3 6 240
343 3 7 240
343 3 8 240
343 3 9 240
343 3 10 240
343 3 11 240
343 3 12 240
343 3 13 240
344 1 2 30
344 1 3 30
344 2 19 30
344 2 20 30
344 3 5 240
344 3 6 240
344 3 7 240
344 3 8 240
344 3 9 240
344 3 10 240
344 3 11 240
344 3 12 240
344 3 13 240
345 1 2 30
345 1 3 30
345 2 19 30
345 2 20 30
345 3 5 240
345 3 6 240
345 3 7 240
345 3 8 240
345 3 9 240
345 3 10 240
345 3 11 240
345 3 12 240
345 3 13 240
346 1 2 30
346 1 3 30
346 2 19 30
346 2 20 30
346 3 5 240
346 3 6 240
346 3 7 240
346 3 8 240
346 3 9 240
346 3 10 240
346 3 11 240
346 3 12 240
346 3 13 240
347 1 2 30
347 1 3 30
347 2 19 30
347 2 20 30
347 3 5 240
347 3 6 240
347 3 7 240
347 3 8 240
347 3 9 240
347 3 10 240
347 3 11 240
347 3 12 240
347 3 13 240
348 1 2 30
348 1 3 30
348 2 19 30
348 2 20 30
348 3 5 240
348 3 6 240
348 3 7 240
348 3 8 240
348 3 9 240
348 3 10 240
348 3 11 240
348 3 12 240
348 3 13 240
349 1 2 30
349 1 3 30
349 2 19 30
349 2 20 30
349 3 5 240
349 3 6 240
349 3 7 240
349 3 8 240
349 3 9 240
349 3 10 240
349 3 11 240
349 3 12 240
349 3 13 240
350 1 2 30
350 1 3 30
350 2 19 30
350 2 20 30
350 3 5 240
350 3 6 240
350 3 7 240
350 3 8 240
350 3 9 240
350 3 10 240
350 3 11 240
350 3 12 240
350 3 13 240
351 1 2 30
351 1 3 30
351 2 19 30
351 2 20 30
351 3 5 240
351 3 6 240
351 3 7 240
351 3 8 240
351 3 9 240
351 3 10 240
351 3 11 240
351 3 12 240
351 3 13 240
352 1 2 30
352 1 3 30
352 2 19 30
352 2 20 30
352 3 5 240
352 3 6 240
352 3 7 240
352 3 8 240
352 3 9 240
352 3 10 240
352 3 11 240
352 3 12 240
352 3 13 240
353 1 2 30
353 1 3 30
353 2 19 30
353 2 20 30
353 3 5 240
353 3 6 240
353 3 7 240
353 3 8 240
353 3 9 240
353 3 10 240
353 3 11 240
353 3 12 240
353 3 13 240
354 1 2 30
354 1 3 30
354 2 19 30
354 2 20 30
354 3 5 240
354 3 6 240
354 3 7 240
354 3 8 240
354 3 9 240
354 3 10 240
354 3 11 240
354 3 12 240
354 3 13 240
355 1 2 30
355 1 3 30
355 2 19 30
355 2 20 30
355 3 5 240
355 3 6 240
355 3 7 240
355 3 8 240
355 3 9 240
355 3 10 240
355 3 11 240
355 3 12 240
355 3 13 240
356 1 2 30
356 1 3 30
356 2 19 30
356 2 20 30
356 3 5 240
356 3 6 240
356 3 7 240
356 3 8 240
356 3 9 240
356 3 10 240
356 3 11 240
356 3 12 240
356 3 13 240
357 1 2 30
357 1 3 30
357 2 19 30
357 2 20 30
357 3 5 240
357 3 6 240
357 3 7 240
357 3 8 240
357 3 9 240
357 3 10 240
357 3 11 240
357 3 12 240
357 3 13 240
358 1 2 30
358 1 3 30
358 2 19 30
358 2 20 30
358 3 5 240
358 3 6 240
358 3 7 240
358 3 8 240
358 3 9 240
358 3 10 240
358 3 11 240
358 3 12 240
358 3 13 240
359 1 2 30
359 1 3 30
359 2 19 30
359 2 20 30
359 3 5 240
359 3 6 240
359 3 7 240
359 3 8 240
359 3 9 240
359 3 10 240
359 3 11 240
359 3 12 240
359 3 13 240
360 1 2 30
360 1 3 30
360 2 19 30
360 2 20 30
360 3 5 240
360 3 6 240
360 3 7 240
360 3 8 240
360 3 9 240
360 3 10 240
360 3 11 240
360 3 12 240
360 3 13 240
361 1 2 30
361 1 3 30
361 2 19 30
361 2 20 30
361 3 5 240
361 3 6 240
361 3 7 240
361 3 8 240
361 3 9 240
361 3 10 240
361 3 11 240
361 3 12 240
361 3 13 240
362 1 2 30
362 1 3 30
362 2 19 30
362 2 20 30
362 3 5 240
362 3 6 240
362 3 7 240
362 3 8 240
362 3 9 240
362 3 10 240
362 3 11 240
362 3 12 240
362 3 13 240
363 1 2 30
363 1 3 30
363 2 19 30
363 2 20 30
363 3 5 240
363 3 6 240
363 3 7 240
363 3 8 240
363 3 9 240
363 3 10 240
363 3 11 240
363 3 12 240
363 3 13 240
364 1 2 30
364 1 3 30
364 2 19 30
364 2 20 30
364 3 5 240
364 3 6 240
364 3 7 240
364 3 8 240
364 3 9 240
364 3 10 240
364 3 11 240
364 3 12 240
364 3 13 240
365 1 2 30
365 1 3 30
365 2 19 30
365 2 20 30
365 3 5 240
365 3 6 240
365 3 7 240
365 3 8 240
365 3 9 240
365 3 10 240
365 3 11 240
365 3 12 240
365 3 13 240
366 1 2 30
366 1 3 30
366 2 19 30
366 2 20 30
366 3 5 240
366 3 6 240
366 3 7 240
366 3 8 240
366 3 9 240
366 3 10 240
366 3 11 240
366 3 12 240
366 3 13 240
367 1 2 30
367 1 3 30
367 2 19 30
367 2 20 30
367 3 5 240
367 3 6 240
367 3 7 240
367 3 8 240
367 3 9 240
367 3 10 240
367 3 11 240
367 3 12 240
367 3 13 240
368 1 2 30
368 1 3 30
368 2 19 30
368 2 20 30
368 3 5 240
368 3 6 240
368 3 7 240
368 3 8 240
368 3 9 240
368 3 10 240
368 3 11 240
368 3 12 240
368 3 13 240
369 1 2 30
369 1 3 30
369 2 19 30
369 2 20 30
369 3 5 240
369 3 6 240
369 3 7 240
369 3 8 240
369 3 9 240
369 3 10 240
369 3 11 240
369 3 12 240
369 3 13 240
370 1 2 30
370 1 3 30
370 2 19 30
370 2 20 30
370 3 5 240
370 3 6 240
370 3 7 240
370 3 8 240
370 3 9 240
370 3 10 240
370 3 11 240
370 3 12 240
370 3 13 240
371 1 2 30
371 1 3 30
371 2 19 30
371 2 20 30
371 3 5 240
371 3 6 240
371 3 7 240
371 3 8 240
371 3 9 240
371 3 10 240
371 3 11 240
371 3 12 240
371 3 13 240
372 1 2 30
372 1 3 30
372 2 19 30
372 2 20 30
372 3 5 240
372 3 6 240
372 3 7 240
372 3 8 240
372 3 9 240
372 3 10 240
372 3 11 240
372 3 12 240
372 3 13 240
373 1 2 30
373 1 3 30
373 2 19 30
373 2 20 30
373 3 5 240
373 3 6 240
373 3 7 240
373 3 8 240
373 3 9 240
373 3 10 240
373 3 11 240
373 3 12 240
373 3 13 240
374 1 2 30
374 1 3 30
374 2 19 30
374 2 20 30
374 3 5 240
374 3 6 240
374 3 7 240
374 3 8 240
374 3 9 240
374 3 10 240
374 3 11 240
374 3 12 240
374 3 13 240
375 1 2 30
375 1 3 30
375 2 19 30
375 2 20 30
375 3 5 240
375 3 6 240
375 3 7 240
375 3 8 240
375 3 9 240
375 3 10 240
375 3 11 240
375 3 12 240
375 3 13 240
376 1 2 30
376 1 3 30
376 2 19 30
376 2 20 30
376 3 5 240
376 3 6 240
376 3 7 240
376 3 8 240
376 3 9 240
376 3 10 240
376 3 11 240
376 3 12 240
376 3 13 240
377 1 2 30
377 1 3 30
377 2 19 30
377 2 20 30
377 3 5 240
377 3 6 240
377 3 7 240
377 3 8 240
377 3 9 240
377 3 10 240
377 3 11 240
377 3 12 240
377 3 13 240
378 1 2 30
378 1 3 30
378 2 19 30
378 2 20 30
378 3 5 240
378 3 6 240
378 3 7 240
378 3 8 240
378 3 9 240
378 3 10 240
378 3 11 240
378 3 12 240
378 3 13 240
379 1 2 30
379 1 3 30
379 2 19 30
379 2 20 30
379 3 5 240
379 3 6 240
379 3 7 240
379 3 8 240
379 3 9 240
379 3 10 240
379 3 11 240
379 3 12 240
379 3 13 240
380 1 2 30
380 1 3 30
380 2 19 30
380 2 20 30
380 3 5 240
380 3 6 240
380 3 7 240
380 3 8 240
380 3 9 240
380 3 10 240
380 3 11 240
380 3 12 240
380 3 13 240
381 1 2 30
381 1 3 30
381 2 19 30
381 2 20 30
381 3 5 240
381 3 6 240
381 3 7 240
381 3 8 240
381 3 9 240
381 3 10 240
381 3 11 240
381 3 12 240
381 3 13 240
382 1 2 30
382 1 3 30
382 2 19 30
382 2 20 30
382 3 5 240
382 3 6 240
382 3 7 240
382 3 8 240
382 3 9 240
382 3 10 240
382 3 11 240
382 3 12 240
382 3 13 240
383 1 2 30
383 1 3 30
383 2 19 30
383 2 20 30
383 3 5 240
383 3 6 240
383 3 7 240
383 3 8 240
383 3 9 240
383 3 10 240
383 3 11 240
383 3 12 240
383 3 13 240
384 1 2 30
384 1 3 30
384 2 19 30
384 2 20 30
384 3 5 240
384 3 6 240
384 3 7 240
384 3 8 240
384 3 9 240
384 3 10 240
384 3 11 240
384 3 12 240
384 3 13 240
385 1 2 30
385 1 3 30
385 2 19 30
385 2 20 30
385 3 5 240
385 3 6 240
385 3 7 240
385 3 8 240
385 3 9 240
385 3 10 240
385 3 11 240
385 3 12 240
385 3 13 240
386 1 2 30
386 1 3 30
386 2 19 30
386 2 20 30
386 3 5 240
386 3 6 240
386 3 7 240
386 3 8 240
386 3 9 240
386 3 10 240
386 3 11 240
386 3 12 240
386 3 13 240
387 1 2 30
387 1 3 30
387 2 19 30
387 2 20 30
387 3 5 240
387 3 6 240
387 3 7 240
387 3 8 240
387 3 9 240
387 3 10 240
387 3 11 240
387 3 12 240
387 3 13 240
388 1 2 30
388 1 3 30
388 2 19 30
388 2 20 30
388 3 5 240
388 3 6 240
388 3 7 240
388 3 8 240
388 3 9 240
388 3 10 240
388 3 11 240
388 3 12 240
388 3 13 240
389 1 2 30
389 1 3 30
389 2 19 30
389 2 20 30
389 3 5 240
389 3 6 240
389 3 7 240
389 3 8 240
389 3 9 240
389 3 10 240
389 3 11 240
389 3 12 240
389 3 13 240
390 1 2 30
390 1 3 30
390 2 19 30
390 2 20 30
390 3 5 240
390 3 6 240
390 3 7 240
390 3 8 240
390 3 9 240
390 3 10 240
390 3 11 240
390 3 12 240
390 3 13 240
391 1 2 30
391 1 3 30
391 2 19 30
391 2 20 30
391 3 5 240
391 3 6 240
391 3 7 240
391 3 8 240
391 3 9 240
391 3 10 240
391 3 11 240
391 3 12 240
391 3 13 240
392 1 2 30
392 1 3 30
392 2 19 30
392 2 20 30
392 3 5 240
392 3 6 240
392 3 7 240
392 3 8 240
392 3 9 240
392 3 10 240
392 3 11 240
392 3 12 240
392 3 13 240
393 1 2 30
393 1 3 30
393 2 19 30
393 2 20 30
393 3 5 240
393 3 6 240
393 3 7 240
393 3 8 240
393 3 9 240
393 3 10 240
393 3 11 240
393 3 12 240
393 3 13 240
394 1 2 30
394 1 3 30
394 2 19 30
394 2 20 30
394 3 5 240
394 3 6 240
394 3 7 240
394 3 8 240
394 3 9 240
394 3 10 240
394 3 11 240
394 3 12 240
394 3 13 240
395 1 2 30
395 1 3 30
395 2 19 30
395 2 20 30
395 3 5 240
395 3 6 240
395 3 7 240
395 3 8 240
395 3 9 240
395 3 10 240
395 3 11 240
395 3 12 240
395 3 13 240
396 1 2 30
396 1 3 30
396 2 19 30
396 2 20 30
396 3 5 240
396 3 6 240
396 3 7 240
396 3 8 240
396 3 9 240
396 3 10 240
396 3 11 240
396 3 12 240
396 3 13 240
397 1 2 30
397 1 3 30
397 2 19 30
397 2 20 30
397 3 5 240
397 3 6 240
397 3 7 240
397 3 8 240
397 3 9 240
397 3 10 240
397 3 11 240
397 3 12 240
397 3 13 240
398 1 2 30
398 1 3 30
398 2 19 30
398 2 20 30
398 3 5 240
398 3 6 240
398 3 7 240
398 3 8 240
398 3 9 240
398 3 10 240
398 3 11 240
398 3 12 240
398 3 13 240
399 1 2 30
399 1 3 30
399 2 19 30
399 2 20 30
399 3 5 240
399 3 6 240
399 3 7 240
399 3 8 240
399 3 9 240
399 3 10 240
399 3 11 240
399 3 12 240
399 3 13 240
400 1 2 30
400 1 3 30
400 2 19 30
400 2 20 30
400 3 5 240
400 3 6 240
400 3 7 240
400 3 8 240
400 3 9 240
400 3 10 240
400 3 11 240
400 3 12 240
400 3 13 240
401 1 2 30
401 1 3 30
401 2 19 30
401 2 20 30
401 3 5 240
401 3 6 240
401 3 7 240
401 3 8 240
401 3 9 240
401 3 10 240
401 3 11 240
401 3 12 240
401 3 13 240
402 1 2 30
402 1 3 30
402 2 19 30
402 2 20 30
402 3 5 240
402 3 6 240
402 3 7 240
402 3 8 240
402 3 9 240
402 3 10 240
402 3 11 240
402 3 12 240
402 3 13 240
403 1 2 30
403 1 3 30
403 2 19 30
403 2 20 30
403 3 5 240
403 3 6 240
403 3 7 240
403 3 8 240
403 3 9 240
403 3 10 240
403 3 11 240
403 3 12 240
403 3 13 240
404 1 2 30
404 1 3 30
404 2 19 30
404 2 20 30
404 3 5 240
404 3 6 240
404 3 7 240
404 3 8 240
404 3 9 240
404 3 10 240
404 3 11 240
404 3 12 240
404 3 13 240
405 1 2 30
405 1 3 30
405 2 19 30
405 2 20 30
405 3 5 240
405 3 6 240
405 3 7 240
405 3 8 240
405 3 9 240
405 3 10 240
405 3 11 240
405 3 12 240
405 3 13 240
406 1 2 30
406 1 3 30
406 2 19 30
406 2 20 30
406 3 5 240
406 3 6 240
406 3 7 240
406 3 8 240
406 3 9 240
406 3 10 240
406 3 11 240
406 3 12 240
406 3 13 240
407 1 2 30
407 1 3 30
407 2 19 30
407 2 20 30
407 3 5 240
407 3 6 240
407 3 7 240
407 3 8 240
407 3 9 240
407 3 10 240
407 3 11 240
407 3 12 240
407 3 13 240
408 1 2 30
408 1 3 30
408 2 19 30
408 2 20 30
408 3 5 240
408 3 6 240
408 3 7 240
408 3 8 240
408 3 9 240
408 3 10 240
408 3 11 240
408 3 12 240
408 3 13 240
409 1 2 30
409 1 3 30
409 2 19 30
409 2 20 30
409 3 5 240
409 3 6 240
409 3 7 240
409 3 8 240
409 3 9 240
409 3 10 240
409 3 11 240
409 3 12 240
409 3 13 240
410 1 2 30
410 1 3 30
410 2 19 30
410 2 20 30
410 3 5 240
410 3 6 240
410 3 7 240
410 3 8 240
410 3 9 240
410 3 10 240
410 3 11 240
410 3 12 240
410 3 13 240
411 1 2 30
411 1 3 30
411 2 19 30
411 2 20 30
411 3 5 240
411 3 6 240
411 3 7 240
411 3 8 240
411 3 9 240
411 3 10 240
411 3 11 240
411 3 12 240
411 3 13 240
412 1 2 30
412 1 3 30
412 2 19 30
412 2 20 30
412 3 5 240
412 3 6 240
412 3 7 240
412 3 8 240
412 3 9 240
412 3 10 240
412 3 11 240
412 3 12 240
412 3 13 240
413 1 2 30
413 1 3 30
413 2 19 30
413 2 20 30
413 3 5 240
413 3 6 240
413 3 7 240
413 3 8 240
413 3 9 240
413 3 10 240
413 3 11 240
413 3 12 240
413 3 13 240
414 1 2 30
414 1 3 30
414 2 19 30
414 2 20 30
414 3 5 240
414 3 6 240
414 3 7 240
414 3 8 240
414 3 9 240
414 3 10 240
414 3 11 240
414 3 12 240
414 3 13 240
415 1 2 30
415 1 3 30
415 2 19 30
415 2 20 30
415 3 5 240
415 3 6 240
415 3 7 240
415 3 8 240
415 3 9 240
415 3 10 240
415 3 11 240
415 3 12 240
415 3 13 240
416 1 2 30
416 1 3 30
416 2 19 30
416 2 20 30
416 3 5 240
416 3 6 240
416 3 7 240
416 3 8 240
416 3 9 240
416 3 10 240
416 3 11 240
416 3 12 240
416 3 13 240
417 1 2 30
417 1 3 30
417 2 19 30
417 2 20 30
417 3 5 240
417 3 6 240
417 3 7 240
417 3 8 240
417 3 9 240
417 3 10 240
417 3 11 240
417 3 12 240
417 3 13 240
418 1 2 30
418 1 3 30
418 2 19 30
418 2 20 30
418 3 5 240
418 3 6 240
418 3 7 240
418 3 8 240
418 3 9 240
418 3 10 240
418 3 11 240
418 3 12 240
418 3 13 240
419 1 2 30
419 1 3 30
419 2 19 30
419 2 20 30
419 3 5 240
419 3 6 240
419 3 7 240
419 3 8 240
419 3 9 240
419 3 10 240
419 3 11 240
419 3 12 240
419 3 13 240
420 1 2 30
420 1 3 30
420 2 19 30
420 2 20 30
420 3 5 240
420 3 6 240
420 3 7 240
420 3 8 240
420 3 9 240
420 3 10 240
420 3 11 240
420 3 12 240
420 3 13 240
421 1 2 30
421 1 3 30
421 2 19 30
421 2 20 30
421 3 5 240
421 3 6 240
421 3 7 240
421 3 8 240
421 3 9 240
421 3 10 240
421 3 11 240
421 3 12 240
421 3 13 240
422 1 2 30
422 1 3 30
422 2 19 30
422 2 20 30
422 3 5 240
422 3 6 240
422 3 7 240
422 3 8 240
422 3 9 240
422 3 10 240
422 3 11 240
422 3 12 240
422 3 13 240
423 1 2 30
423 1 3 30
423 2 19 30
423 2 20 30
423 3 5 240
423 3 6 240
423 3 7 240
423 3 8 240
423 3 9 240
423 3 10 240
423 3 11 240
423 3 12 240
423 3 13 240
424 1 2 30
424 1 3 30
424 2 19 30
424 2 20 30
424 3 5 240
424 3 6 240
424 3 7 240
424 3 8 240
424 3 9 240
424 3 10 240
424 3 11 240
424 3 12 240
424 3 13 240
425 1 2 30
425 1 3 30
425 2 19 30
425 2 20 30
425 3 5 240
425 3 6 240
425 3 7 240
425 3 8 240
425 3 9 240
425 3 10 240
425 3 11 240
425 3 12 240
425 3 13 240
426 1 2 30
426 1 3 30
426 2 19 30
426 2 20 30
426 3 5 240
426 3 6 240
426 3 7 240
426 3 8 240
426 3 9 240
426 3 10 240
426 3 11 240
426 3 12 240
426 3 13 240
427 1 2 30
427 1 3 30
427 2 19 30
427 2 20 30
427 3 5 240
427 3 6 240
427 3 7 240
427 3 8 240
427 3 9 240
427 3 10 240
427 3 11 240
427 3 12 240
427 3 13 240
428 1 2 30
428 1 3 30
428 2 19 30
428 2 20 30
428 3 5 240
428 3 6 240
428 3 7 240
428 3 8 240
428 3 9 240
428 3 10 240
428 3 11 240
428 3 12 240
428 3 13 240
429 1 2 30
429 1 3 30
429 2 19 30
429 2 20 30
429 3 5 240
429 3 6 240
429 3 7 240
429 3 8 240
429 3 9 240
429 3 10 240
429 3 11 240
429 3 12 240
429 3 13 240
430 1 2 30
430 1 3 30
430 2 19 30
430 2 20 30
430 3 5 240
430 3 6 240
430 3 7 240
430 3 8 240
430 3 9 240
430 3 10 240
430 3 11 240
430 3 12 240
430 3 13 240
431 1 2 30
431 1 3 30
431 2 19 30
431 2 20 30
431 3 5 240
431 3 6 240
431 3 7 240
431 3 8 240
431 3 9 240
431 3 10 240
431 3 11 240
431 3 12 240
431 3 13 240
432 1 2 30
432 1 3 30
432 2 19 30
432 2 20 30
432 3 5 240
432 3 6 240
432 3 7 240
432 3 8 240
432 3 9 240
432 3 10 240
432 3 11 240
432 3 12 240
432 3 13 240
433 1 2 30
433 1 3 30
433 2 19 30
433 2 20 30
433 3 5 240
433 3 6 240
433 3 7 240
433 3 8 240
433 3 9 240
433 3 10 240
433 3 11 240
433 3 12 240
433 3 13 240
434 1 2 30
434 1 3 30
434 2 19 30
434 2 20 30
434 3 5 240
434 3 6 240
434 3 7 240
434 3 8 240
434 3 9 240
434 3 10 240
434 3 11 240
434 3 12 240
434 3 13 240
435 1 2 30
435 1 3 30
435 2 19 30
435 2 20 30
435 3 5 240
435 3 6 240
435 3 7 240
435 3 8 240
435 3 9 240
435 3 10 240
435 3 11 240
435 3 12 240
435 3 13 240
436 1 2 30
436 1 3 30
436 2 19 30
436 2 20 30
436 3 5 240
436 3 6 240
436 3 7 240
436 3 8 240
436 3 9 240
436 3 10 240
436 3 11 240
436 3 12 240
436 3 13 240
437 1 2 30
437 1 3 30
437 2 19 30
437 2 20 30
437 3 5 240
437 3 6 240
437 3 7 240
437 3 8 240
437 3 9 240
437 3 10 240
437 3 11 240
437 3 12 240
437 3 13 240
438 1 2 30
438 1 3 30
438 2 19 30
438 2 20 30
438 3 5 240
438 3 6 240
438 3 7 240
438 3 8 240
438 3 9 240
438 3 10 240
438 3 11 240
438 3 12 240
438 3 13 240
439 1 2 30
439 1 3 30
439 2 19 30
439 2 20 30
439 3 5 240
439 3 6 240
439 3 7 240
439 3 8 240
439 3 9 240
439 3 10 240
439 3 11 240
439 3 12 240
439 3 13 240
440 1 2 30
440 1 3 30
440 2 19 30
440 2 20 30
440 3 5 240
440 3 6 240
440 3 7 240
440 3 8 240
440 3 9 240
440 3 10 240
440 3 11 240
440 3 12 240
440 3 13 240
441 1 2 30
441 1 3 30
441 2 19 30
441 2 20 30
441 3 5 240
441 3 6 240
441 3 7 240
441 3 8 240
441 3 9 240
441 3 10 240
441 3 11 240
441 3 12 240
441 3 13 240
442 1 2 30
442 1 3 30
442 2 19 30
442 2 20 30
442 3 5 240
442 3 6 240
442 3 7 240
442 3 8 240
442 3 9 240
442 3 10 240
442 3 11 240
442 3 12 240
442 3 13 240
443 1 2 30
443 1 3 30
443 2 19 30
443 2 20 30
443 3 5 240
443 3 6 240
443 3 7 240
443 3 8 240
443 3 9 240
443 3 10 240
443 3 11 240
443 3 12 240
443 3 13 240
444 1 2 30
444 1 3 30
444 2 19 30
444 2 20 30
444 3 5 240
444 3 6 240
444 3 7 240
444 3 8 240
444 3 9 240
444 3 10 240
444 3 11 240
444 3 12 240
444 3 13 240
445 1 2 30
445 1 3 30
445 2 19 30
445 2 20 30
445 3 5 240
445 3 6 240
445 3 7 240
445 3 8 240
445 3 9 240
445 3 10 240
445 3 11 240
445 3 12 240
445 3 13 240
446 1 2 30
446 1 3 30
446 2 19 30
446 2 20 30
446 3 5 240
446 3 6 240
446 3 7 240
446 3 8 240
446 3 9 240
446 3 10 240
446 3 11 240
446 3 12 240
446 3 13 240
447 1 2 30
447 1 3 30
447 2 19 30
447 2 20 30
447 3 5 240
447 3 6 240
447 3 7 240
447 3 8 240
447 3 9 240
447 3 10 240
447 3 11 240
447 3 12 240
447 3 13 240
448 1 2 30
448 1 3 30
448 2 19 30
448 2 20 30
448 3 5 240
448 3 6 240
448 3 7 240
448 3 8 240
448 3 9 240
448 3 10 240
448 3 11 240
448 3 12 240
448 3 13 240
449 1 2 20
449 1 3 20
449 2 19 30
449 2 20 30
449 3 5 240
449 3 6 240
449 3 7 240
449 3 8 240
449 3 9 240
449 3 10 240
449 3 11 240
449 3 12 240
449 3 13 240
450 1 2 20
450 1 3 20
450 2 19 30
450 2 20 30
450 3 5 240
450 3 6 240
450 3 7 240
450 3 8 240
450 3 9 240
450 3 10 240
450 3 11 240
450 3 12 240
450 3 13 240
451 1 2 20
451 1 3 20
451 2 19 30
451 2 20 30
451 3 5 240
451 3 6 240
451 3 7 240
451 3 8 240
451 3 9 240
451 3 10 240
451 3 11 240
451 3 12 240
451 3 13 240
452 1 2 20
452 1 3 20
452 2 19 30
452 2 20 30
452 3 5 240
452 3 6 240
452 3 7 240
452 3 8 240
452 3 9 240
452 3 10 240
452 3 11 240
452 3 12 240
452 3 13 240
453 1 2 20
453 1 3 20
453 2 19 30
453 2 20 30
453 3 5 240
453 3 6 240
453 3 7 240
453 3 8 240
453 3 9 240
453 3 10 240
453 3 11 240
453 3 12 240
453 3 13 240
454 1 2 20
454 1 3 20
454 2 19 30
454 2 20 30
454 3 5 240
454 3 6 240
454 3 7 240
454 3 8 240
454 3 9 240
454 3 10 240
454 3 11 240
454 3 12 240
454 3 13 240
455 1 2 20
455 1 3 20
455 2 19 30
455 2 20 30
455 3 5 240
455 3 6 240
455 3 7 240
455 3 8 240
455 3 9 240
455 3 10 240
455 3 11 240
455 3 12 240
455 3 13 240
456 1 2 20
456 1 3 20
456 2 19 30
456 2 20 30
456 3 5 240
456 3 6 240
456 3 7 240
456 3 8 240
456 3 9 240
456 3 10 240
456 3 11 240
456 3 12 240
456 3 13 240
457 1 2 20
457 1 3 20
457 2 19 30
457 2 20 30
457 3 5 240
457 3 6 240
457 3 7 240
457 3 8 240
457 3 9 240
457 3 10 240
457 3 11 240
457 3 12 240
457 3 13 240
458 1 2 20
458 1 3 20
458 2 19 30
458 2 20 30
458 3 5 240
458 3 6 240
458 3 7 240
458 3 8 240
458 3 9 240
458 3 10 240
458 3 11 240
458 3 12 240
458 3 13 240
459 1 2 20
459 1 3 20
459 2 19 30
459 2 20 30
459 3 5 240
459 3 6 240
459 3 7 240
459 3 8 240
459 3 9 240
459 3 10 240
459 3 11 240
459 3 12 240
459 3 13 240
460 1 2 20
460 1 3 20
460 2 19 30
460 2 20 30
460 3 5 240
460 3 6 240
460 3 7 240
460 3 8 240
460 3 9 240
460 3 10 240
460 3 11 240
460 3 12 240
460 3 13 240
461 1 2 20
461 1 3 20
461 2 19 30
461 2 20 30
461 3 5 240
461 3 6 240
461 3 7 240
461 3 8 240
461 3 9 240
461 3 10 240
461 3 11 240
461 3 12 240
461 3 13 240
462 1 2 20
462 1 3 20
462 2 19 30
462 2 20 30
462 3 5 240
462 3 6 240
462 3 7 240
462 3 8 240
462 3 9 240
462 3 10 240
462 3 11 240
462 3 12 240
462 3 13 240
463 1 2 20
463 1 3 20
463 2 19 30
463 2 20 30
463 3 5 240
463 3 6 240
463 3 7 240
463 3 8 240
463 3 9 240
463 3 10 240
463 3 11 240
463 3 12 240
463 3 13 240
464 1 2 20
464 1 3 20
464 2 19 30
464 2 20 30
464 3 5 240
464 3 6 240
464 3 7 240
464 3 8 240
464 3 9 240
464 3 10 240
464 3 11 240
464 3 12 240
464 3 13 240
465 1 2 20
465 1 3 20
465 2 19 30
465 2 20 30
465 3 5 240
465 3 6 240
465 3 7 240
465 3 8 240
465 3 9 240
465 3 10 240
465 3 11 240
465 3 12 240
465 3 13 240
466 1 2 20
466 1 3 20
466 2 19 30
466 2 20 30
466 3 5 240
466 3 6 240
466 3 7 240
466 3 8 240
466 3 9 240
466 3 10 240
466 3 11 240
466 3 12 240
466 3 13 240
467 1 2 20
467 1 3 20
467 2 19 30
467 2 20 30
467 3 5 240
467 3 6 240
467 3 7 240
467 3 8 240
467 3 9 240
467 3 10 240
467 3 11 240
467 3 12 240
467 3 13 240
468 1 2 20
468 1 3 20
468 2 19 30
468 2 20 30
468 3 5 240
468 3 6 240
468 3 7 240
468 3 8 240
468 3 9 240
468 3 10 240
468 3 11 240
468 3 12 240
468 3 13 240
469 1 2 20
469 1 3 20
469 2 19 30
469 2 20 30
469 3 5 240
469 3 6 240
469 3 7 240
469 3 8 240
469 3 9 240
469 3 10 240
469 3 11 240
469 3 12 240
469 3 13 240
470 1 2 20
470 1 3 20
470 2 19 30
470 2 20 30
470 3 5 240
470 3 6 240
470 3 7 240
470 3 8 240
470 3 9 240
470 3 10 240
470 3 11 240
470 3 12 240
470 3 13 240
471 1 2 20
471 1 3 20
471 2 19 30
471 2 20 30
471 3 5 240
471 3 6 240
471 3 7 240
471 3 8 240
471 3 9 240
471 3 10 240
471 3 11 240
471 3 12 240
471 3 13 240
472 1 2 20
472 1 3 20
472 2 19 30
472 2 20 30
472 3 5 240
472 3 6 240
472 3 7 240
472 3 8 240
472 3 9 240
472 3 10 240
472 3 11 240
472 3 12 240
472 3 13 240
473 1 2 20
473 1 3 20
473 2 19 30
473 2 20 30
473 3 5 240
473 3 6 240
473 3 7 240
473 3 8 240
473 3 9 240
473 3 10 240
473 3 11 240
473 3 12 240
473 3 13 240
474 1 2 20
474 1 3 20
474 2 19 30
474 2 20 30
474 3 5 240
474 3 6 240
474 3 7 240
474 3 8 240
474 3 9 240
474 3 10 240
474 3 11 240
474 3 12 240
474 3 13 240
475 1 2 20
475 1 3 20
475 2 19 30
475 2 20 30
475 3 5 240
475 3 6 240
475 3 7 240
475 3 8 240
475 3 9 240
475 3 10 240
475 3 11 240
475 3 12 240
475 3 13 240
476 1 2 20
476 1 3 20
476 2 19 30
476 2 20 30
476 3 5 240
476 3 6 240
476 3 7 240
476 3 8 240
476 3 9 240
476 3 10 240
476 3 11 240
476 3 12 240
476 3 13 240
477 1 2 20
477 1 3 20
477 2 19 30
477 2 20 30
477 3 5 240
477 3 6 240
477 3 7 240
477 3 8 240
477 3 9 240
477 3 10 240
477 3 11 240
477 3 12 240
477 3 13 240
478 1 2 20
478 1 3 20
478 2 19 30
478 2 20 30
478 3 5 240
478 3 6 240
478 3 7 240
478 3 8 240
478 3 9 240
478 3 10 240
478 3 11 240
478 3 12 240
478 3 13 240
479 1 2 20
479 1 3 20
479 2 19 30
479 2 20 30
479 3 5 240
479 3 6 240
479 3 7 240
479 3 8 240
479 3 9 240
479 3 10 240
479 3 11 240
479 3 12 240
479 3 13 240
480 1 2 20
480 1 3 20
480 2 19 30
480 2 20 30
480 3 5 240
480 3 6 240
480 3 7 240
480 3 8 240
480 3 9 240
480 3 10 240
480 3 11 240
480 3 12 240
480 3 13 240
481 1 2 20
481 1 3 20
481 2 19 30
481 2 20 30
481 3 5 240
481 3 6 240
481 3 7 240
481 3 8 240
481 3 9 240
481 3 10 240
481 3 11 240
481 3 12 240
481 3 13 240
482 1 2 20
482 1 3 20
482 2 19 30
482 2 20 30
482 3 5 240
482 3 6 240
482 3 7 240
482 3 8 240
482 3 9 240
482 3 10 240
482 3 11 240
482 3 12 240
482 3 13 240
483 1 2 20
483 1 3 20
483 2 19 30
483 2 20 30
483 3 5 240
483 3 6 240
483 3 7 240
483 3 8 240
483 3 9 240
483 3 10 240
483 3 11 240
483 3 12 240
483 3 13 240
484 1 2 20
484 1 3 20
484 2 19 30
484 2 20 30
484 3 5 240
484 3 6 240
484 3 7 240
484 3 8 240
484 3 9 240
484 3 10 240
484 3 11 240
484 3 12 240
484 3 13 240
485 1 2 20
485 1 3 20
485 2 19 30
485 2 20 30
485 3 5 240
485 3 6 240
485 3 7 240
485 3 8 240
485 3 9 240
485 3 10 240
485 3 11 240
485 3 12 240
485 3 13 240
486 1 2 20
486 1 3 20
486 2 19 30
486 2 20 30
486 3 5 240
486 3 6 240
486 3 7 240
486 3 8 240
486 3 9 240
486 3 10 240
486 3 11 240
486 3 12 240
486 3 13 240
487 1 2 20
487 1 3 20
487 2 19 30
487 2 20 30
487 3 5 240
487 3 6 240
487 3 7 240
487 3 8 240
487 3 9 240
487 3 10 240
487 3 11 240
487 3 12 240
487 3 13 240
488 1 2 20
488 1 3 20
488 2 19 30
488 2 20 30
488 3 5 240
488 3 6 240
488 3 7 240
488 3 8 240
488 3 9 240
488 3 10 240
488 3 11 240
488 3 12 240
488 3 13 240
489 1 2 20
489 1 3 20
489 2 19 30
489 2 20 30
489 3 5 240
489 3 6 240
489 3 7 240
489 3 8 240
489 3 9 240
489 3 10 240
489 3 11 240
489 3 12 240
489 3 13 240
490 1 2 20
490 1 3 20
490 2 19 30
490 2 20 30
490 3 5 240
490 3 6 240
490 3 7 240
490 3 8 240
490 3 9 240
490 3 10 240
490 3 11 240
490 3 12 240
490 3 13 240
491 1 2 20
491 1 3 20
491 2 19 30
491 2 20 30
491 3 5 240
491 3 6 240
491 3 7 240
491 3 8 240
491 3 9 240
491 3 10 240
491 3 11 240
491 3 12 240
491 3 13 240
492 1 2 20
492 1 3 20
492 2 19 30
492 2 20 30
492 3 5 240
492 3 6 240
492 3 7 240
492 3 8 240
492 3 9 240
492 3 10 240
492 3 11 240
492 3 12 240
492 3 13 240
493 1 2 20
493 1 3 20
493 2 19 30
493 2 20 30
493 3 5 240
493 3 6 240
493 3 7 240
493 3 8 240
493 3 9 240
493 3 10 240
493 3 11 240
493 3 12 240
493 3 13 240
494 1 2 20
494 1 3 20
494 2 19 30
494 2 20 30
494 3 5 240
494 3 6 240
494 3 7 240
494 3 8 240
494 3 9 240
494 3 10 240
494 3 11 240
494 3 12 240
494 3 13 240
495 1 2 20
495 1 3 20
495 2 19 30
495 2 20 30
495 3 5 240
495 3 6 240
495 3 7 240
495 3 8 240
495 3 9 240
495 3 10 240
495 3 11 240
495 3 12 240
495 3 13 240
496 1 2 20
496 1 3 20
496 2 19 30
496 2 20 30
496 3 5 240
496 3 6 240
496 3 7 240
496 3 8 240
496 3 9 240
496 3 10 240
496 3 11 240
496 3 12 240
496 3 13 240
497 1 2 20
497 1 3 20
497 2 19 30
497 2 20 30
497 3 5 240
497 3 6 240
497 3 7 240
497 3 8 240
497 3 9 240
497 3 10 240
497 3 11 240
497 3 12 240
497 3 13 240
498 1 2 20
498 1 3 20
498 2 19 30
498 2 20 30
498 3 5 240
498 3 6 240
498 3 7 240
498 3 8 240
498 3 9 240
498 3 10 240
498 3 11 240
498 3 12 240
498 3 13 240
499 1 2 20
499 1 3 20
499 2 19 30
499 2 20 30
499 3 5 240
499 3 6 240
499 3 7 240
499 3 8 240
499 3 9 240
499 3 10 240
499 3 11 240
499 3 12 240
499 3 13 240
500 1 2 20
500 1 3 20
500 2 19 30
500 2 20 30
500 3 5 240
500 3 6 240
500 3 7 240
500 3 8 240
500 3 9 240
500 3 10 240
500 3 11 240
500 3 12 240
500 3 13 240
501 1 2 20
501 1 3 20
501 2 19 30
501 2 20 30
501 3 5 240
501 3 6 240
501 3 7 240
501 3 8 240
501 3 9 240
501 3 10 240
501 3 11 240
501 3 12 240
501 3 13 240
502 1 2 20
502 1 3 20
502 2 19 30
502 2 20 30
502 3 5 240
502 3 6 240
502 3 7 240
502 3 8 240
502 3 9 240
502 3 10 240
502 3 11 240
502 3 12 240
502 3 13 240
503 1 2 20
503 1 3 20
503 2 19 30
503 2 20 30
503 3 5 240
503 3 6 240
503 3 7 240
503 3 8 240
503 3 9 240
503 3 10 240
503 3 11 240
503 3 12 240
503 3 13 240
504 1 2 20
504 1 3 20
504 2 19 30
504 2 20 30
504 3 5 240
504 3 6 240
504 3 7 240
504 3 8 240
504 3 9 240
504 3 10 240
504 3 11 240
504 3 12 240
504 3 13 240
505 1 2 20
505 1 3 20
505 2 19 30
505 2 20 30
505 3 5 240
505 3 6 240
505 3 7 240
505 3 8 240
505 3 9 240
505 3 10 240
505 3 11 240
505 3 12 240
505 3 13 240
506 1 2 20
506 1 3 20
506 2 19 30
506 2 20 30
506 3 5 240
506 3 6 240
506 3 7 240
506 3 8 240
506 3 9 240
506 3 10 240
506 3 11 240
506 3 12 240
506 3 13 240
507 1 2 20
507 1 3 20
507 2 19 30
507 2 20 30
507 3 5 240
507 3 6 240
507 3 7 240
507 3 8 240
507 3 9 240
507 3 10 240
507 3 11 240
507 3 12 240
507 3 13 240
508 1 2 20
508 1 3 20
508 2 19 30
508 2 20 30
508 3 5 240
508 3 6 240
508 3 7 240
508 3 8 240
508 3 9 240
508 3 10 240
508 3 11 240
508 3 12 240
508 3 13 240
509 1 2 20
509 1 3 20
509 2 19 30
509 2 20 30
509 3 5 240
509 3 6 240
509 3 7 240
509 3 8 240
509 3 9 240
509 3 10 240
509 3 11 240
509 3 12 240
509 3 13 240
510 1 2 20
510 1 3 20
510 2 19 30
510 2 20 30
510 3 5 240
510 3 6 240
510 3 7 240
510 3 8 240
510 3 9 240
510 3 10 240
510 3 11 240
510 3 12 240
510 3 13 240
511 1 2 20
511 1 3 20
511 2 19 30
511 2 20 30
511 3 5 240
511 3 6 240
511 3 7 240
511 3 8 240
511 3 9 240
511 3 10 240
511 3 11 240
511 3 12 240
511 3 13 240
512 1 2 20
512 1 3 20
512 2 19 30
512 2 20 30
512 3 5 240
512 3 6 240
512 3 7 240
512 3 8 240
512 3 9 240
512 3 10 240
512 3 11 240
512 3 12 240
512 3 13 240
513 1 2 20
513 1 3 20
513 2 19 30
513 2 20 30
513 3 5 240
513 3 6 240
513 3 7 240
513 3 8 240
513 3 9 240
513 3 10 240
513 3 11 240
513 3 12 240
513 3 13 240
514 1 2 20
514 1 3 20
514 2 19 30
514 2 20 30
514 3 5 240
514 3 6 240
514 3 7 240
514 3 8 240
514 3 9 240
514 3 10 240
514 3 11 240
514 3 12 240
514 3 13 240
515 1 2 20
515 1 3 20
515 2 19 30
515 2 20 30
515 3 5 240
515 3 6 240
515 3 7 240
515 3 8 240
515 3 9 240
515 3 10 240
515 3 11 240
515 3 12 240
515 3 13 240
516 1 2 20
516 1 3 20
516 2 19 30
516 2 20 30
516 3 5 240
516 3 6 240
516 3 7 240
516 3 8 240
516 3 9 240
516 3 10 240
516 3 11 240
516 3 12 240
516 3 13 240
517 1 2 20
517 1 3 20
517 2 19 30
517 2 20 30
517 3 5 240
517 3 6 240
517 3 7 240
517 3 8 240
517 3 9 240
517 3 10 240
517 3 11 240
517 3 12 240
517 3 13 240
518 1 2 20
518 1 3 20
518 2 19 30
518 2 20 30
518 3 5 240
518 3 6 240
518 3 7 240
518 3 8 240
518 3 9 240
518 3 10 240
518 3 11 240
518 3 12 240
518 3 13 240
519 1 2 20
519 1 3 20
519 2 19 30
519 2 20 30
519 3 5 240
519 3 6 240
519 3 7 240
519 3 8 240
519 3 9 240
519 3 10 240
519 3 11 240
519 3 12 240
519 3 13 240
520 1 2 20
520 1 3 20
520 2 19 30
520 2 20 30
520 3 5 240
520 3 6 240
520 3 7 240
520 3 8 240
520 3 9 240
520 3 10 240
520 3 11 240
520 3 12 240
520 3 13 240
521 1 2 20
521 1 3 20
521 2 19 30
521 2 20 30
521 3 5 240
521 3 6 240
521 3 7 240
521 3 8 240
521 3 9 240
521 3 10 240
521 3 11 240
521 3 12 240
521 3 13 240
522 1 2 20
522 1 3 20
522 2 19 30
522 2 20 30
522 3 5 240
522 3 6 240
522 3 7 240
522 3 8 240
522 3 9 240
522 3 10 240
522 3 11 240
522 3 12 240
522 3 13 240
523 1 2 20
523 1 3 20
523 2 19 30
523 2 20 30
523 3 5 240
523 3 6 240
523 3 7 240
523 3 8 240
523 3 9 240
523 3 10 240
523 3 11 240
523 3 12 240
523 3 13 240
524 1 2 20
524 1 3 20
524 2 19 30
524 2 20 30
524 3 5 240
524 3 6 240
524 3 7 240
524 3 8 240
524 3 9 240
524 3 10 240
524 3 11 240
524 3 12 240
524 3 13 240
525 1 2 20
525 1 3 20
525 2 19 30
525 2 20 30
525 3 5 240
525 3 6 240
525 3 7 240
525 3 8 240
525 3 9 240
525 3 10 240
525 3 11 240
525 3 12 240
525 3 13 240
526 1 2 20
526 1 3 20
526 2 19 30
526 2 20 30
526 3 5 240
526 3 6 240
526 3 7 240
526 3 8 240
526 3 9 240
526 3 10 240
526 3 11 240
526 3 12 240
526 3 13 240
527 1 2 20
527 1 3 20
527 2 19 30
527 2 20 30
527 3 5 240
527 3 6 240
527 3 7 240
527 3 8 240
527 3 9 240
527 3 10 240
527 3 11 240
527 3 12 240
527 3 13 240
528 1 2 20
528 1 3 20
528 2 19 30
528 2 20 30
528 3 5 240
528 3 6 240
528 3 7 240
528 3 8 240
528 3 9 240
528 3 10 240
528 3 11 240
528 3 12 240
528 3 13 240
529 1 2 20
529 1 3 20
529 2 19 30
529 2 20 30
529 3 5 240
529 3 6 240
529 3 7 240
529 3 8 240
529 3 9 240
529 3 10 240
529 3 11 240
529 3 12 240
529 3 13 240
530 1 2 20
530 1 3 20
530 2 19 30
530 2 20 30
530 3 5 240
530 3 6 240
530 3 7 240
530 3 8 240
530 3 9 240
530 3 10 240
530 3 11 240
530 3 12 240
530 3 13 240
531 1 2 20
531 1 3 20
531 2 19 30
531 2 20 30
531 3 5 240
531 3 6 240
531 3 7 240
531 3 8 240
531 3 9 240
531 3 10 240
531 3 11 240
531 3 12 240
531 3 13 240
532 1 2 20
532 1 3 20
532 2 19 30
532 2 20 30
532 3 5 240
532 3 6 240
532 3 7 240
532 3 8 240
532 3 9 240
532 3 10 240
532 3 11 240
532 3 12 240
532 3 13 240
533 1 2 20
533 1 3 20
533 2 19 30
533 2 20 30
533 3 5 240
533 3 6 240
533 3 7 240
533 3 8 240
533 3 9 240
533 3 10 240
533 3 11 240
533 3 12 240
533 3 13 240
534 1 2 20
534 1 3 20
534 2 19 30
534 2 20 30
534 3 5 240
534 3 6 240
534 3 7 240
534 3 8 240
534 3 9 240
534 3 10 240
534 3 11 240
534 3 12 240
534 3 13 240
535 1 2 20
535 1 3 20
535 2 19 30
535 2 20 30
535 3 5 240
535 3 6 240
535 3 7 240
535 3 8 240
535 3 9 240
535 3 10 240
535 3 11 240
535 3 12 240
535 3 13 240
536 1 2 20
536 1 3 20
536 2 19 30
536 2 20 30
536 3 5 240
536 3 6 240
536 3 7 240
536 3 8 240
536 3 9 240
536 3 10 240
536 3 11 240
536 3 12 240
536 3 13 240
537 1 2 20
537 1 3 20
537 2 19 30
537 2 20 30
537 3 5 240
537 3 6 240
537 3 7 240
537 3 8 240
537 3 9 240
537 3 10 240
537 3 11 240
537 3 12 240
537 3 13 240
538 1 2 20
538 1 3 20
538 2 19 30
538 2 20 30
538 3 5 240
538 3 6 240
538 3 7 240
538 3 8 240
538 3 9 240
538 3 10 240
538 3 11 240
538 3 12 240
538 3 13 240
539 1 2 20
539 1 3 20
539 2 19 30
539 2 20 30
539 3 5 240
539 3 6 240
539 3 7 240
539 3 8 240
539 3 9 240
539 3 10 240
539 3 11 240
539 3 12 240
539 3 13 240
540 1 2 20
540 1 3 20
540 2 19 30
540 2 20 30
540 3 5 240
540 3 6 240
540 3 7 240
540 3 8 240
540 3 9 240
540 3 10 240
540 3 11 240
540 3 12 240
540 3 13 240
541 1 2 20
541 1 3 20
541 2 19 30
541 2 20 30
541 3 5 240
541 3 6 240
541 3 7 240
541 3 8 240
541 3 9 240
541 3 10 240
541 3 11 240
541 3 12 240
541 3 13 240
542 1 2 20
542 1 3 20
542 2 19 30
542 2 20 30
542 3 5 240
542 3 6 240
542 3 7 240
542 3 8 240
542 3 9 240
542 3 10 240
542 3 11 240
542 3 12 240
542 3 13 240
543 1 2 20
543 1 3 20
543 2 19 30
543 2 20 30
543 3 5 240
543 3 6 240
543 3 7 240
543 3 8 240
543 3 9 240
543 3 10 240
543 3 11 240
543 3 12 240
543 3 13 240
544 1 2 20
544 1 3 20
544 2 19 30
544 2 20 30
544 3 5 240
544 3 6 240
544 3 7 240
544 3 8 240
544 3 9 240
544 3 10 240
544 3 11 240
544 3 12 240
544 3 13 240
545 1 2 20
545 1 3 20
545 2 19 30
545 2 20 30
545 3 5 240
545 3 6 240
545 3 7 240
545 3 8 240
545 3 9 240
545 3 10 240
545 3 11 240
545 3 12 240
545 3 13 240
546 1 2 20
546 1 3 20
546 2 19 30
546 2 20 30
546 3 5 240
546 3 6 240
546 3 7 240
546 3 8 240
546 3 9 240
546 3 10 240
546 3 11 240
546 3 12 240
546 3 13 240
547 1 2 20
547 1 3 20
547 2 19 30
547 2 20 30
547 3 5 240
547 3 6 240
547 3 7 240
547 3 8 240
547 3 9 240
547 3 10 240
547 3 11 240
547 3 12 240
547 3 13 240
548 1 2 20
548 1 3 20
548 2 19 30
548 2 20 30
548 3 5 240
548 3 6 240
548 3 7 240
548 3 8 240
548 3 9 240
548 3 10 240
548 3 11 240
548 3 12 240
548 3 13 240
549 1 2 20
549 1 3 20
549 2 19 30
549 2 20 30
549 3 5 240
549 3 6 240
549 3 7 240
549 3 8 240
549 3 9 240
549 3 10 240
549 3 11 240
549 3 12 240
549 3 13 240
550 1 2 20
550 1 3 20
550 2 19 30
550 2 20 30
550 3 5 240
550 3 6 240
550 3 7 240
550 3 8 240
550 3 9 240
550 3 10 240
550 3 11 240
550 3 12 240
550 3 13 240
551 1 2 20
551 1 3 20
551 2 19 30
551 2 20 30
551 3 5 240
551 3 6 240
551 3 7 240
551 3 8 240
551 3 9 240
551 3 10 240
551 3 11 240
551 3 12 240
551 3 13 240
552 1 2 20
552 1 3 20
552 2 19 30
552 2 20 30
552 3 5 240
552 3 6 240
552 3 7 240
552 3 8 240
552 3 9 240
552 3 10 240
552 3 11 240
552 3 12 240
552 3 13 240
553 1 2 20
553 1 3 20
553 2 19 30
553 2 20 30
553 3 5 240
553 3 6 240
553 3 7 240
553 3 8 240
553 3 9 240
553 3 10 240
553 3 11 240
553 3 12 240
553 3 13 240
554 1 2 20
554 1 3 20
554 2 19 30
554 2 20 30
554 3 5 240
554 3 6 240
554 3 7 240
554 3 8 240
554 3 9 240
554 3 10 240
554 3 11 240
554 3 12 240
554 3 13 240
555 1 2 20
555 1 3 20
555 2 19 30
555 2 20 30
555 3 5 240
555 3 6 240
555 3 7 240
555 3 8 240
555 3 9 240
555 3 10 240
555 3 11 240
555 3 12 240
555 3 13 240
556 1 2 20
556 1 3 20
556 2 19 30
556 2 20 30
556 3 5 240
556 3 6 240
556 3 7 240
556 3 8 240
556 3 9 240
556 3 10 240
556 3 11 240
556 3 12 240
556 3 13 240
557 1 2 20
557 1 3 20
557 2 19 30
557 2 20 30
557 3 5 240
557 3 6 240
557 3 7 240
557 3 8 240
557 3 9 240
557 3 10 240
557 3 11 240
557 3 12 240
557 3 13 240
558 1 2 20
558 1 3 20
558 2 19 30
558 2 20 30
558 3 5 240
558 3 6 240
558 3 7 240
558 3 8 240
558 3 9 240
558 3 10 240
558 3 11 240
558 3 12 240
558 3 13 240
