360
30
2 2 2 2 2 2 2 2 2 2 2 2 2 2 2 2 2 2 2 2 2 2 2 2 2 2 2 2 2 2 2 2 2 2 2 2 2 2 2 2 2 2 2 2 2 2 2 2 2 2 2 2 2 2 2 2 2 2 2 2 2 2 2 2 2 2 2 2 2 2 2 2 2 2 2 2 2 2 2 2 2 2 2 2 2 2 2 2 2 2 2 2 2 2 2 2 2 2 2 2 2 2 2 2 2 2 2 2 2 2 2 2 2 2 2 2 2 2 2 2 6 6 6 6 6 6 6 6 6 6 6 6 6 6 6 6 6 6 6 6 6 6 6 6 6 6 6 6 6 6 6 6 6 6 6 6 6 6 6 6 6 6 6 6 6 6 6 6 6 6 6 6 6 6 6 6 6 6 6 6 6 6 6 6 6 6 6 6 6 6 6 6 6 6 6 6 6 6 6 6 6 6 6 6 6 6 6 6 6 6 6 6 6 6 6 6 6 6 6 6 6 6 6 6 6 6 6 6 6 6 6 6 6 6 6 6 6 6 6 6 6 6 6 6 6 6 6 6 6 6 6 6 6 6 6 6 6 6 6 6 6 6 6 6 6 6 6 6 6 6 6 6 6 6 6 6 6 6 6 6 6 6 6 6 6 6 6 6 6 6 6 6 6 6 6 6 6 6 6 6 6 6 6 6 6 6 6 6 6 6 6 6 6 6 6 6 6 6 6 6 6 6 6 6 6 6 6 6 6 6 6 6 6 6 6 6 6 6 6 6 6 6 6 6 6 6 6 6 6 6 6 6 6 6 6 6 6 6 6 6
28800 28800 28800 28800 28800 28800 28800 28800 28800 28800 28800 28800 28800 28800 28800 28800 28800 28800 28800 28800 28800 28800 28800 28800 28800 28800 28800 28800 28800 28800 28800 28800 28800 28800 28800 28800 28800 28800 28800 28800 28800 28800 28800 28800 28800 28800 28800 28800 28800 28800 28800 28800 28800 28800 28800 28800 28800 28800 28800 28800 28800 28800 28800 28800 28800 28800 28800 28800 28800 28800 28800 28800 28800 28800 28800 28800 28800 28800 28800 28800 28800 28800 28800 28800 28800 28800 28800 28800 28800 28800 28800 28800 28800 28800 28800 28800 28800 28800 28800 28800 28800 28800 28800 28800 28800 28800 28800 28800 28800 28800 28800 28800 28800 28800 28800 28800 28800 28800 28800 28800 28800 28800 28800 28800 28800 28800 28800 28800 28800 28800 28800 28800 28800 28800 28800 28800 28800 28800 28800 28800 28800 28800 28800 28800 28800 28800 28800 28800 28800 28800 28800 28800 28800 28800 28800 28800 28800 28800 28800 28800 28800 28800 28800 28800 28800 28800 28800 28800 28800 28800 28800 28800 28800 28800 28800 28800 28800 28800 28800 28800 28800 28800 28800 28800 28800 28800 28800 28800 28800 28800 28800 28800 28800 28800 28800 28800 28800 28800 28800 28800 28800 28800 28800 28800 28800 28800 28800 28800 28800 28800 28800 28800 28800 28800 28800 28800 28800 28800 28800 28800 28800 28800 28800 28800 28800 28800 28800 28800 28800 28800 28800 28800 28800 28800 28800 28800 28800 28800 28800 28800 28800 28800 28800 28800 28800 28800 28800 28800 28800 28800 28800 28800 28800 28800 28800 28800 28800 28800 28800 28800 28800 28800 28800 28800 28800 28800 28800 28800 28800 28800 28800 28800 28800 28800 28800 28800 28800 28800 28800 28800 28800 28800 28800 28800 28800 28800 28800 28800 28800 28800 28800 28800 28800 28800 28800 28800 28800 28800 28800 28800 28800 28800 28800 28800 28800 28800 28800 28800 28800 28800 28800 28800 28800 28800 28800 28800 28800 28800 28800 28800 28800 28800 28800 28800 28800 28800 28800 28800 28800 28800 28800 28800 28800 28800 28800 28800 28800 28800 28800 28800 28800 28800 28800 28800 28800 28800 28800 28800 28800 28800 28800 28800 28800 28800 28800 28800 28800 28800 28800 28800
1 1 4 5
1 2 17 25
1 2 18 25
2 1 4 5
2 2 17 25
2 2 18 25
3 1 4 5
3 2 17 25
3 2 18 25
4 1 4 5
4 2 17 25
4 2 18 25
5 1 4 5
5 2 17 25
5 2 18 25
6 1 4 5
6 2 17 25
6 2 18 25
7 1 4 5
7 2 17 25
7 2 18 25
8 1 4 5
8 2 17 25
8 2 18 25
9 1 4 5
9 2 17 25
9 2 18 25
10 1 4 5
10 2 17 25
10 2 18 25
11 1 4 5
11 2 17 25
11 2 18 25
12 1 4 5
12 2 17 25
12 2 18 25
13 1 4 5
13 2 17 25
13 2 18 25
14 1 4 5
14 2 17 25
14 2 18 25
15 1 4 5
15 2 17 25
15 2 18 25
16 1 4 5
16 2 17 25
16 2 18 25
17 1 4 5
17 2 17 25
17 2 18 25
18 1 4 5
18 2 17 25
18 2 18 25
19 1 4 5
19 2 17 25
19 2 18 25
20 1 4 5
20 2 17 25
20 2 18 25
21 1 4 5
21 2 17 25
21 2 18 25
22 1 4 5
22 2 17 25
22 2 18 25
23 1 4 5
23 2 17 25
23 2 18 25
24 1 4 5
24 2 17 25
24 2 18 25
25 1 4 5
25 2 17 25
25 2 18 25
26 1 4 5
26 2 17 25
26 2 18 25
27 1 4 5
27 2 17 25
27 2 18 25
28 1 4 5
28 2 17 25
28 2 18 25
29 1 4 5
29 2 17 25
29 2 18 25
30 1 4 5
30 2 17 25
30 2 18 25
31 1 4 5
31 2 17 25
31 2 18 25
32 1 4 5
32 2 17 25
32 2 18 25
33 1 4 5
33 2 17 25
33 2 18 25
34 1 4 5
34 2 17 25
34 2 18 25
35 1 4 5
35 2 17 25
35 2 18 25
36 1 4 5
36 2 17 25
36 2 18 25
37 1 4 5
37 2 17 25
37 2 18 25
38 1 4 5
38 2 17 25
38 2 18 25
39 1 4 5
39 2 17 25
39 2 18 25
40 1 4 5
40 2 17 25
40 2 18 25
41 1 4 5
41 2 17 25
41 2 18 25
42 1 4 5
42 2 17 25
42 2 18 25
43 1 4 5
43 2 17 25
43 2 18 25
44 1 4 5
44 2 17 25
44 2 18 25
45 1 4 5
45 2 17 25
45 2 18 25
46 1 4 5
46 2 17 25
46 2 18 25
47 1 4 5
47 2 17 25
47 2 18 25
48 1 4 5
48 2 17 25
48 2 18 25
49 1 4 5
49 2 17 25
49 2 18 25
50 1 4 5
50 2 17 25
50 2 18 25
51 1 4 5
51 2 17 25
51 2 18 25
52 1 4 5
52 2 17 25
52 2 18 25
53 1 4 5
53 2 17 25
53 2 18 25
54 1 4 5
54 2 17 25
54 2 18 25
55 1 4 5
55 2 17 25
55 2 18 25
56 1 4 5
56 2 17 25
56 2 18 25
57 1 4 5
57 2 17 25
57 2 18 25
58 1 4 5
58 2 17 25
58 2 18 25
59 1 4 5
59 2 17 25
59 2 18 25
60 1 4 5
60 2 17 25
60 2 18 25
61 1 4 5
61 2 17 25
61 2 18 25
62 1 4 5
62 2 17 25
62 2 18 25
63 1 4 5
63 2 17 25
63 2 18 25
64 1 4 5
64 2 17 25
64 2 18 25
65 1 4 5
65 2 17 25
65 2 18 25
66 1 4 5
66 2 17 25
66 2 18 25
67 1 4 5
67 2 17 25
67 2 18 25
68 1 4 5
68 2 17 25
68 2 18 25
69 1 4 5
69 2 17 25
69 2 18 25
70 1 4 5
70 2 17 25
70 2 18 25
71 1 4 5
71 2 17 25
71 2 18 25
72 1 4 5
72 2 17 25
72 2 18 25
73 1 4 5
73 2 17 25
73 2 18 25
74 1 4 5
74 2 17 25
74 2 18 25
75 1 4 5
75 2 17 25
75 2 18 25
76 1 4 5
76 2 17 25
76 2 18 25
77 1 4 5
77 2 17 25
77 2 18 25
78 1 4 5
78 2 17 25
78 2 18 25
79 1 4 5
79 2 17 25
79 2 18 25
80 1 4 5
80 2 17 25
80 2 18 25
81 1 4 5
81 2 17 25
81 2 18 25
82 1 4 5
82 2 17 25
82 2 18 25
83 1 4 5
83 2 17 25
83 2 18 25
84 1 4 5
84 2 17 25
84 2 18 25
85 1 4 5
85 2 17 25
85 2 18 25
86 1 4 5
86 2 17 25
86 2 18 25
87 1 4 5
87 2 17 25
87 2 18 25
88 1 4 5
88 2 17 25
88 2 18 25
89 1 4 5
89 2 17 25
89 2 18 25
90 1 4 5
90 2 17 25
90 2 18 25
91 1 4 5
91 2 17 25
91 2 18 25
92 1 4 5
92 2 17 25
92 2 18 25
93 1 4 5
93 2 17 25
93 2 18 25
94 1 4 5
94 2 17 25
94 2 18 25
95 1 4 5
95 2 17 25
95 2 18 25
96 1 4 5
96 2 17 25
96 2 18 25
97 1 4 5
97 2 17 25
97 2 18 25
98 1 4 5
98 2 17 25
98 2 18 25
99 1 4 5
99 2 17 25
99 2 18 25
100 1 4 5
100 2 17 25
100 2 18 25
101 1 4 5
101 2 17 25
101 2 18 25
102 1 4 5
102 2 17 25
102 2 18 25
103 1 4 5
103 2 17 25
103 2 18 25
104 1 4 5
104 2 17 25
104 2 18 25
105 1 4 5
105 2 17 25
105 2 18 25
106 1 4 5
106 2 17 25
106 2 18 25
107 1 4 5
107 2 17 25
107 2 18 25
108 1 4 5
108 2 17 25
108 2 18 25
109 1 4 5
109 2 17 25
109 2 18 25
110 1 4 5
110 2 17 25
110 2 18 25
111 1 4 5
111 2 17 25
111 2 18 25
112 1 4 5
112 2 17 25
112 2 18 25
113 1 4 5
113 2 17 25
113 2 18 25
114 1 4 5
114 2 17 25
114 2 18 25
115 1 4 5
115 2 17 25
115 2 18 25
116 1 4 5
116 2 17 25
116 2 18 25
117 1 4 5
117 2 17 25
117 2 18 25
118 1 4 5
118 2 17 25
118 2 18 25
119 1 4 5
119 2 17 25
119 2 18 25
120 1 4 5
120 2 17 25
120 2 18 25
121 1 4 10
121 2 14 70
121 2 15 70
121 2 16 70
121 3 21 205
121 3 22 205
121 4 23 55
121 4 24 55
121 4 25 55
121 5 26 135
121 5 27 135
121 6 28 90
121 6 29 90
121 6 30 90
122 1 4 10
122 2 14 70
122 2 15 70
122 2 16 70
122 3 21 205
122 3 22 205
122 4 23 55
122 4 24 55
122 4 25 55
122 5 26 135
122 5 27 135
122 6 28 90
122 6 29 90
122 6 30 90
123 1 4 10
123 2 14 70
123 2 15 70
123 2 16 70
123 3 21 205
123 3 22 205
123 4 23 55
123 4 24 55
123 4 25 55
123 5 26 135
123 5 27 135
123 6 28 90
123 6 29 90
123 6 30 90
124 1 4 10
124 2 14 70
124 2 15 70
124 2 16 70
124 3 21 205
124 3 22 205
124 4 23 55
124 4 24 55
124 4 25 55
124 5 26 135
124 5 27 135
124 6 28 90
124 6 29 90
124 6 30 90
125 1 4 10
125 2 14 70
125 2 15 70
125 2 16 70
125 3 21 205
125 3 22 205
125 4 23 55
125 4 24 55
125 4 25 55
125 5 26 135
125 5 27 135
125 6 28 90
125 6 29 90
125 6 30 90
126 1 4 10
126 2 14 70
126 2 15 70
126 2 16 70
126 3 21 205
126 3 22 205
126 4 23 55
126 4 24 55
126 4 25 55
126 5 26 135
126 5 27 135
126 6 28 90
126 6 29 90
126 6 30 90
127 1 4 10
127 2 14 70
127 2 15 70
127 2 16 70
127 3 21 205
127 3 22 205
127 4 23 55
127 4 24 55
127 4 25 55
127 5 26 135
127 5 27 135
127 6 28 90
127 6 29 90
127 6 30 90
128 1 4 10
128 2 14 70
128 2 15 70
128 2 16 70
128 3 21 205
128 3 22 205
128 4 23 55
128 4 24 55
128 4 25 55
128 5 26 135
128 5 27 135
128 6 28 90
128 6 29 90
128 6 30 90
129 1 4 10
129 2 14 70
129 2 15 70
129 2 16 70
129 3 21 205
129 3 22 205
129 4 23 55
129 4 24 55
129 4 25 55
129 5 26 135
129 5 27 135
129 6 28 90
129 6 29 90
129 6 30 90
130 1 4 10
130 2 14 70
130 2 15 70
130 2 16 70
130 3 21 205
130 3 22 205
130 4 23 55
130 4 24 55
130 4 25 55
130 5 26 135
130 5 27 135
130 6 28 90
130 6 29 90
130 6 30 90
131 1 4 10
131 2 14 70
131 2 15 70
131 2 16 70
131 3 21 205
131 3 22 205
131 4 23 55
131 4 24 55
131 4 25 55
131 5 26 135
131 5 27 135
131 6 28 90
131 6 29 90
131 6 30 90
132 1 4 10
132 2 14 70
132 2 15 70
132 2 16 70
132 3 21 205
132 3 22 205
132 4 23 55
132 4 24 55
132 4 25 55
132 5 26 135
132 5 27 135
132 6 28 90
132 6 29 90
132 6 30 90
133 1 4 10
133 2 14 70
133 2 15 70
133 2 16 70
133 3 21 205
133 3 22 205
133 4 23 55
133 4 24 55
133 4 25 55
133 5 26 135
133 5 27 135
133 6 28 90
133 6 29 90
133 6 30 90
134 1 4 10
134 2 14 70
134 2 15 70
134 2 16 70
134 3 21 205
134 3 22 205
134 4 23 55
134 4 24 55
134 4 25 55
134 5 26 135
134 5 27 135
134 6 28 90
134 6 29 90
134 6 30 90
135 1 4 10
135 2 14 70
135 2 15 70
135 2 16 70
135 3 21 205
135 3 22 205
135 4 23 55
135 4 24 55
135 4 25 55
135 5 26 135
135 5 27 135
135 6 28 90
135 6 29 90
135 6 30 90
136 1 4 10
136 2 14 70
136 2 15 70
136 2 16 70
136 3 21 205
136 3 22 205
136 4 23 55
136 4 24 55
136 4 25 55
136 5 26 135
136 5 27 135
136 6 28 90
136 6 29 90
136 6 30 90
137 1 4 10
137 2 14 70
137 2 15 70
137 2 16 70
137 3 21 205
137 3 22 205
137 4 23 55
137 4 24 55
137 4 25 55
137 5 26 135
137 5 27 135
137 6 28 90
137 6 29 90
137 6 30 90
138 1 4 10
138 2 14 70
138 2 15 70
138 2 16 70
138 3 21 205
138 3 22 205
138 4 23 55
138 4 24 55
138 4 25 55
138 5 26 135
138 5 27 135
138 6 28 90
138 6 29 90
138 6 30 90
139 1 4 10
139 2 14 70
139 2 15 70
139 2 16 70
139 3 21 205
139 3 22 205
139 4 23 55
139 4 24 55
139 4 25 55
139 5 26 135
139 5 27 135
139 6 28 90
139 6 29 90
139 6 30 90
140 1 4 10
140 2 14 70
140 2 15 70
140 2 16 70
140 3 21 205
140 3 22 205
140 4 23 55
140 4 24 55
140 4 25 55
140 5 26 135
140 5 27 135
140 6 28 90
140 6 29 90
140 6 30 90
141 1 4 10
141 2 14 70
141 2 15 70
141 2 16 70
141 3 21 205
141 3 22 205
141 4 23 55
141 4 24 55
141 4 25 55
141 5 26 135
141 5 27 135
141 6 28 90
141 6 29 90
141 6 30 90
142 1 4 10
142 2 14 70
142 2 15 70
142 2 16 70
142 3 21 205
142 3 22 205
142 4 23 55
142 4 24 55
142 4 25 55
142 5 26 135
142 5 27 135
142 6 28 90
142 6 29 90
142 6 30 90
143 1 4 10
143 2 14 70
143 2 15 70
143 2 16 70
143 3 21 205
143 3 22 205
143 4 23 55
143 4 24 55
143 4 25 55
143 5 26 135
143 5 27 135
143 6 28 90
143 6 29 90
143 6 30 90
144 1 4 10
144 2 14 70
144 2 15 70
144 2 16 70
144 3 21 205
144 3 22 205
144 4 23 55
144 4 24 55
144 4 25 55
144 5 26 135
144 5 27 135
144 6 28 90
144 6 29 90
144 6 30 90
145 1 4 10
145 2 14 70
145 2 15 70
145 2 16 70
145 3 21 205
145 3 22 205
145 4 23 55
145 4 24 55
145 4 25 55
145 5 26 135
145 5 27 135
145 6 28 90
145 6 29 90
145 6 30 90
146 1 4 10
146 2 14 70
146 2 15 70
146 2 16 70
146 3 21 205
146 3 22 205
146 4 23 55
146 4 24 55
146 4 25 55
146 5 26 135
146 5 27 135
146 6 28 90
146 6 29 90
146 6 30 90
147 1 4 10
147 2 14 70
147 2 15 70
147 2 16 70
147 3 21 205
147 3 22 205
147 4 23 55
147 4 24 55
147 4 25 55
147 5 26 135
147 5 27 135
147 6 28 90
147 6 29 90
147 6 30 90
148 1 4 10
148 2 14 70
148 2 15 70
148 2 16 70
148 3 21 205
148 3 22 205
148 4 23 55
148 4 24 55
148 4 25 55
148 5 26 135
148 5 27 135
148 6 28 90
148 6 29 90
148 6 30 90
149 1 4 10
149 2 14 70
149 2 15 70
149 2 16 70
149 3 21 205
149 3 22 205
149 4 23 55
149 4 24 55
149 4 25 55
149 5 26 135
149 5 27 135
149 6 28 90
149 6 29 90
149 6 30 90
150 1 4 10
150 2 14 70
150 2 15 70
150 2 16 70
150 3 21 205
150 3 22 205
150 4 23 55
150 4 24 55
150 4 25 55
150 5 26 135
150 5 27 135
150 6 28 90
150 6 29 90
150 6 30 90
151 1 4 10
151 2 14 70
151 2 15 70
151 2 16 70
151 3 21 205
151 3 22 205
151 4 23 55
151 4 24 55
151 4 25 55
151 5 26 135
151 5 27 135
151 6 28 90
151 6 29 90
151 6 30 90
152 1 4 10
152 2 14 70
152 2 15 70
152 2 16 70
152 3 21 205
152 3 22 205
152 4 23 55
152 4 24 55
152 4 25 55
152 5 26 135
152 5 27 135
152 6 28 90
152 6 29 90
152 6 30 90
153 1 4 10
153 2 14 70
153 2 15 70
153 2 16 70
153 3 21 205
153 3 22 205
153 4 23 55
153 4 24 55
153 4 25 55
153 5 26 135
153 5 27 135
153 6 28 90
153 6 29 90
153 6 30 90
154 1 4 10
154 2 14 70
154 2 15 70
154 2 16 70
154 3 21 205
154 3 22 205
154 4 23 55
154 4 24 55
154 4 25 55
154 5 26 135
154 5 27 135
154 6 28 90
154 6 29 90
154 6 30 90
155 1 4 10
155 2 14 70
155 2 15 70
155 2 16 70
155 3 21 205
155 3 22 205
155 4 23 55
155 4 24 55
155 4 25 55
155 5 26 135
155 5 27 135
155 6 28 90
155 6 29 90
155 6 30 90
156 1 4 10
156 2 14 70
156 2 15 70
156 2 16 70
156 3 21 205
156 3 22 205
156 4 23 55
156 4 24 55
156 4 25 55
156 5 26 135
156 5 27 135
156 6 28 90
156 6 29 90
156 6 30 90
157 1 4 10
157 2 14 70
157 2 15 70
157 2 16 70
157 3 21 205
157 3 22 205
157 4 23 55
157 4 24 55
157 4 25 55
157 5 26 135
157 5 27 135
157 6 28 90
157 6 29 90
157 6 30 90
158 1 4 10
158 2 14 70
158 2 15 70
158 2 16 70
158 3 21 205
158 3 22 205
158 4 23 55
158 4 24 55
158 4 25 55
158 5 26 135
158 5 27 135
158 6 28 90
158 6 29 90
158 6 30 90
159 1 4 10
159 2 14 70
159 2 15 70
159 2 16 70
159 3 21 205
159 3 22 205
159 4 23 55
159 4 24 55
159 4 25 55
159 5 26 135
159 5 27 135
159 6 28 90
159 6 29 90
159 6 30 90
160 1 4 10
160 2 14 70
160 2 15 70
160 2 16 70
160 3 21 205
160 3 22 205
160 4 23 55
160 4 24 55
160 4 25 55
160 5 26 135
160 5 27 135
160 6 28 90
160 6 29 90
160 6 30 90
161 1 4 10
161 2 14 70
161 2 15 70
161 2 16 70
161 3 21 205
161 3 22 205
161 4 23 55
161 4 24 55
161 4 25 55
161 5 26 135
161 5 27 135
161 6 28 90
161 6 29 90
161 6 30 90
162 1 4 10
162 2 14 70
162 2 15 70
162 2 16 70
162 3 21 205
162 3 22 205
162 4 23 55
162 4 24 55
162 4 25 55
162 5 26 135
162 5 27 135
162 6 28 90
162 6 29 90
162 6 30 90
163 1 4 10
163 2 14 70
163 2 15 70
163 2 16 70
163 3 21 205
163 3 22 205
163 4 23 55
163 4 24 55
163 4 25 55
163 5 26 135
163 5 27 135
163 6 28 90
163 6 29 90
163 6 30 90
164 1 4 10
164 2 14 70
164 2 15 70
164 2 16 70
164 3 21 205
164 3 22 205
164 4 23 55
164 4 24 55
164 4 25 55
164 5 26 135
164 5 27 135
164 6 28 90
164 6 29 90
164 6 30 90
165 1 4 10
165 2 14 70
165 2 15 70
165 2 16 70
165 3 21 205
165 3 22 205
165 4 23 55
165 4 24 55
165 4 25 55
165 5 26 135
165 5 27 135
165 6 28 90
165 6 29 90
165 6 30 90
166 1 4 10
166 2 14 70
166 2 15 70
166 2 16 70
166 3 21 205
166 3 22 205
166 4 23 55
166 4 24 55
166 4 25 55
166 5 26 135
166 5 27 135
166 6 28 90
166 6 29 90
166 6 30 90
167 1 4 10
167 2 14 70
167 2 15 70
167 2 16 70
167 3 21 205
167 3 22 205
167 4 23 55
167 4 24 55
167 4 25 55
167 5 26 135
167 5 27 135
167 6 28 90
167 6 29 90
167 6 30 90
168 1 4 10
168 2 14 70
168 2 15 70
168 2 16 70
168 3 21 205
168 3 22 205
168 4 23 55
168 4 24 55
168 4 25 55
168 5 26 135
168 5 27 135
168 6 28 90
168 6 29 90
168 6 30 90
169 1 4 10
169 2 14 70
169 2 15 70
169 2 16 70
169 3 21 205
169 3 22 205
169 4 23 55
169 4 24 55
169 4 25 55
169 5 26 135
169 5 27 135
169 6 28 90
169 6 29 90
169 6 30 90
170 1 4 10
170 2 14 70
170 2 15 70
170 2 16 70
170 3 21 205
170 3 22 205
170 4 23 55
170 4 24 55
170 4 25 55
170 5 26 135
170 5 27 135
170 6 28 90
170 6 29 90
170 6 30 90
171 1 4 10
171 2 14 70
171 2 15 70
171 2 16 70
171 3 21 205
171 3 22 205
171 4 23 55
171 4 24 55
171 4 25 55
171 5 26 135
171 5 27 135
171 6 28 90
171 6 29 90
171 6 30 90
172 1 4 10
172 2 14 70
172 2 15 70
172 2 16 70
172 3 21 205
172 3 22 205
172 4 23 55
172 4 24 55
172 4 25 55
172 5 26 135
172 5 27 135
172 6 28 90
172 6 29 90
172 6 30 90
173 1 4 10
173 2 14 70
173 2 15 70
173 2 16 70
173 3 21 205
173 3 22 205
173 4 23 55
173 4 24 55
173 4 25 55
173 5 26 135
173 5 27 135
173 6 28 90
173 6 29 90
173 6 30 90
174 1 4 10
174 2 14 70
174 2 15 70
174 2 16 70
174 3 21 205
174 3 22 205
174 4 23 55
174 4 24 55
174 4 25 55
174 5 26 135
174 5 27 135
174 6 28 90
174 6 29 90
174 6 30 90
175 1 4 10
175 2 14 70
175 2 15 70
175 2 16 70
175 3 21 205
175 3 22 205
175 4 23 55
175 4 24 55
175 4 25 55
175 5 26 135
175 5 27 135
175 6 28 90
175 6 29 90
175 6 30 90
176 1 4 10
176 2 14 70
176 2 15 70
176 2 16 70
176 3 21 205
176 3 22 205
176 4 23 55
176 4 24 55
176 4 25 55
176 5 26 135
176 5 27 135
176 6 28 90
176 6 29 90
176 6 30 90
177 1 4 10
177 2 14 70
177 2 15 70
177 2 16 70
177 3 21 205
177 3 22 205
177 4 23 55
177 4 24 55
177 4 25 55
177 5 26 135
177 5 27 135
177 6 28 90
177 6 29 90
177 6 30 90
178 1 4 10
178 2 14 70
178 2 15 70
178 2 16 70
178 3 21 205
178 3 22 205
178 4 23 55
178 4 24 55
178 4 25 55
178 5 26 135
178 5 27 135
178 6 28 90
178 6 29 90
178 6 30 90
179 1 4 10
179 2 14 70
179 2 15 70
179 2 16 70
179 3 21 205
179 3 22 205
179 4 23 55
179 4 24 55
179 4 25 55
179 5 26 135
179 5 27 135
179 6 28 90
179 6 29 90
179 6 30 90
180 1 4 10
180 2 14 70
180 2 15 70
180 2 16 70
180 3 21 205
180 3 22 205
180 4 23 55
180 4 24 55
180 4 25 55
180 5 26 135
180 5 27 135
180 6 28 90
180 6 29 90
180 6 30 90
181 1 4 10
181 2 14 70
181 2 15 70
181 2 16 70
181 3 21 205
181 3 22 205
181 4 23 55
181 4 24 55
181 4 25 55
181 5 26 135
181 5 27 135
181 6 28 90
181 6 29 90
181 6 30 90
182 1 4 10
182 2 14 70
182 2 15 70
182 2 16 70
182 3 21 205
182 3 22 205
182 4 23 55
182 4 24 55
182 4 25 55
182 5 26 135
182 5 27 135
182 6 28 90
182 6 29 90
182 6 30 90
183 1 4 10
183 2 14 70
183 2 15 70
183 2 16 70
183 3 21 205
183 3 22 205
183 4 23 55
183 4 24 55
183 4 25 55
183 5 26 135
183 5 27 135
183 6 28 90
183 6 29 90
183 6 30 90
184 1 4 10
184 2 14 70
184 2 15 70
184 2 16 70
184 3 21 205
184 3 22 205
184 4 23 55
184 4 24 55
184 4 25 55
184 5 26 135
184 5 27 135
184 6 28 90
184 6 29 90
184 6 30 90
185 1 4 10
185 2 14 70
185 2 15 70
185 2 16 70
185 3 21 205
185 3 22 205
185 4 23 55
185 4 24 55
185 4 25 55
185 5 26 135
185 5 27 135
185 6 28 90
185 6 29 90
185 6 30 90
186 1 4 10
186 2 14 70
186 2 15 70
186 2 16 70
186 3 21 205
186 3 22 205
186 4 23 55
186 4 24 55
186 4 25 55
186 5 26 135
186 5 27 135
186 6 28 90
186 6 29 90
186 6 30 90
187 1 4 10
187 2 14 70
187 2 15 70
187 2 16 70
187 3 21 205
187 3 22 205
187 4 23 55
187 4 24 55
187 4 25 55
187 5 26 135
187 5 27 135
187 6 28 90
187 6 29 90
187 6 30 90
188 1 4 10
188 2 14 70
188 2 15 70
188 2 16 70
188 3 21 205
188 3 22 205
188 4 23 55
188 4 24 55
188 4 25 55
188 5 26 135
188 5 27 135
188 6 28 90
188 6 29 90
188 6 30 90
189 1 4 10
189 2 14 70
189 2 15 70
189 2 16 70
189 3 21 205
189 3 22 205
189 4 23 55
189 4 24 55
189 4 25 55
189 5 26 135
189 5 27 135
189 6 28 90
189 6 29 90
189 6 30 90
190 1 4 10
190 2 14 70
190 2 15 70
190 2 16 70
190 3 21 205
190 3 22 205
190 4 23 55
190 4 24 55
190 4 25 55
190 5 26 135
190 5 27 135
190 6 28 90
190 6 29 90
190 6 30 90
191 1 4 10
191 2 14 70
191 2 15 70
191 2 16 70
191 3 21 205
191 3 22 205
191 4 23 55
191 4 24 55
191 4 25 55
191 5 26 135
191 5 27 135
191 6 28 90
191 6 29 90
191 6 30 90
192 1 4 10
192 2 14 70
192 2 15 70
192 2 16 70
192 3 21 205
192 3 22 205
192 4 23 55
192 4 24 55
192 4 25 55
192 5 26 135
192 5 27 135
192 6 28 90
192 6 29 90
192 6 30 90
193 1 4 10
193 2 14 70
193 2 15 70
193 2 16 70
193 3 21 205
193 3 22 205
193 4 23 55
193 4 24 55
193 4 25 55
193 5 26 135
193 5 27 135
193 6 28 90
193 6 29 90
193 6 30 90
194 1 4 10
194 2 14 70
194 2 15 70
194 2 16 70
194 3 21 205
194 3 22 205
194 4 23 55
194 4 24 55
194 4 25 55
194 5 26 135
194 5 27 135
194 6 28 90
194 6 29 90
194 6 30 90
195 1 4 10
195 2 14 70
195 2 15 70
195 2 16 70
195 3 21 205
195 3 22 205
195 4 23 55
195 4 24 55
195 4 25 55
195 5 26 135
195 5 27 135
195 6 28 90
195 6 29 90
195 6 30 90
196 1 4 10
196 2 14 70
196 2 15 70
196 2 16 70
196 3 21 205
196 3 22 205
196 4 23 55
196 4 24 55
196 4 25 55
196 5 26 135
196 5 27 135
196 6 28 90
196 6 29 90
196 6 30 90
197 1 4 10
197 2 14 70
197 2 15 70
197 2 16 70
197 3 21 205
197 3 22 205
197 4 23 55
197 4 24 55
197 4 25 55
197 5 26 135
197 5 27 135
197 6 28 90
197 6 29 90
197 6 30 90
198 1 4 10
198 2 14 70
198 2 15 70
198 2 16 70
198 3 21 205
198 3 22 205
198 4 23 55
198 4 24 55
198 4 25 55
198 5 26 135
198 5 27 135
198 6 28 90
198 6 29 90
198 6 30 90
199 1 4 10
199 2 14 70
199 2 15 70
199 2 16 70
199 3 21 205
199 3 22 205
199 4 23 55
199 4 24 55
199 4 25 55
199 5 26 135
199 5 27 135
199 6 28 90
199 6 29 90
199 6 30 90
200 1 4 10
200 2 14 70
200 2 15 70
200 2 16 70
200 3 21 205
200 3 22 205
200 4 23 55
200 4 24 55
200 4 25 55
200 5 26 135
200 5 27 135
200 6 28 90
200 6 29 90
200 6 30 90
201 1 4 10
201 2 14 70
201 2 15 70
201 2 16 70
201 3 21 205
201 3 22 205
201 4 23 55
201 4 24 55
201 4 25 55
201 5 26 135
201 5 27 135
201 6 28 90
201 6 29 90
201 6 30 90
202 1 4 10
202 2 14 70
202 2 15 70
202 2 16 70
202 3 21 205
202 3 22 205
202 4 23 55
202 4 24 55
202 4 25 55
202 5 26 135
202 5 27 135
202 6 28 90
202 6 29 90
202 6 30 90
203 1 4 10
203 2 14 70
203 2 15 70
203 2 16 70
203 3 21 205
203 3 22 205
203 4 23 55
203 4 24 55
203 4 25 55
203 5 26 135
203 5 27 135
203 6 28 90
203 6 29 90
203 6 30 90
204 1 4 10
204 2 14 70
204 2 15 70
204 2 16 70
204 3 21 205
204 3 22 205
204 4 23 55
204 4 24 55
204 4 25 55
204 5 26 135
204 5 27 135
204 6 28 90
204 6 29 90
204 6 30 90
205 1 4 10
205 2 14 70
205 2 15 70
205 2 16 70
205 3 21 205
205 3 22 205
205 4 23 55
205 4 24 55
205 4 25 55
205 5 26 135
205 5 27 135
205 6 28 90
205 6 29 90
205 6 30 90
206 1 4 10
206 2 14 70
206 2 15 70
206 2 16 70
206 3 21 205
206 3 22 205
206 4 23 55
206 4 24 55
206 4 25 55
206 5 26 135
206 5 27 135
206 6 28 90
206 6 29 90
206 6 30 90
207 1 4 10
207 2 14 70
207 2 15 70
207 2 16 70
207 3 21 205
207 3 22 205
207 4 23 55
207 4 24 55
207 4 25 55
207 5 26 135
207 5 27 135
207 6 28 90
207 6 29 90
207 6 30 90
208 1 4 10
208 2 14 70
208 2 15 70
208 2 16 70
208 3 21 205
208 3 22 205
208 4 23 55
208 4 24 55
208 4 25 55
208 5 26 135
208 5 27 135
208 6 28 90
208 6 29 90
208 6 30 90
209 1 4 10
209 2 14 70
209 2 15 70
209 2 16 70
209 3 21 205
209 3 22 205
209 4 23 55
209 4 24 55
209 4 25 55
209 5 26 135
209 5 27 135
209 6 28 90
209 6 29 90
209 6 30 90
210 1 4 10
210 2 14 70
210 2 15 70
210 2 16 70
210 3 21 205
210 3 22 205
210 4 23 55
210 4 24 55
210 4 25 55
210 5 26 135
210 5 27 135
210 6 28 90
210 6 29 90
210 6 30 90
211 1 4 10
211 2 14 70
211 2 15 70
211 2 16 70
211 3 21 205
211 3 22 205
211 4 23 55
211 4 24 55
211 4 25 55
211 5 26 135
211 5 27 135
211 6 28 90
211 6 29 90
211 6 30 90
212 1 4 10
212 2 14 70
212 2 15 70
212 2 16 70
212 3 21 205
212 3 22 205
212 4 23 55
212 4 24 55
212 4 25 55
212 5 26 135
212 5 27 135
212 6 28 90
212 6 29 90
212 6 30 90
213 1 4 10
213 2 14 70
213 2 15 70
213 2 16 70
213 3 21 205
213 3 22 205
213 4 23 55
213 4 24 55
213 4 25 55
213 5 26 135
213 5 27 135
213 6 28 90
213 6 29 90
213 6 30 90
214 1 4 10
214 2 14 70
214 2 15 70
214 2 16 70
214 3 21 205
214 3 22 205
214 4 23 55
214 4 24 55
214 4 25 55
214 5 26 135
214 5 27 135
214 6 28 90
214 6 29 90
214 6 30 90
215 1 4 10
215 2 14 70
215 2 15 70
215 2 16 70
215 3 21 205
215 3 22 205
215 4 23 55
215 4 24 55
215 4 25 55
215 5 26 135
215 5 27 135
215 6 28 90
215 6 29 90
215 6 30 90
216 1 4 10
216 2 14 70
216 2 15 70
216 2 16 70
216 3 21 205
216 3 22 205
216 4 23 55
216 4 24 55
216 4 25 55
216 5 26 135
216 5 27 135
216 6 28 90
216 6 29 90
216 6 30 90
217 1 4 10
217 2 14 70
217 2 15 70
217 2 16 70
217 3 21 205
217 3 22 205
217 4 23 55
217 4 24 55
217 4 25 55
217 5 26 135
217 5 27 135
217 6 28 90
217 6 29 90
217 6 30 90
218 1 4 10
218 2 14 70
218 2 15 70
218 2 16 70
218 3 21 205
218 3 22 205
218 4 23 55
218 4 24 55
218 4 25 55
218 5 26 135
218 5 27 135
218 6 28 90
218 6 29 90
218 6 30 90
219 1 4 10
219 2 14 70
219 2 15 70
219 2 16 70
219 3 21 205
219 3 22 205
219 4 23 55
219 4 24 55
219 4 25 55
219 5 26 135
219 5 27 135
219 6 28 90
219 6 29 90
219 6 30 90
220 1 4 10
220 2 14 70
220 2 15 70
220 2 16 70
220 3 21 205
220 3 22 205
220 4 23 55
220 4 24 55
220 4 25 55
220 5 26 135
220 5 27 135
220 6 28 90
220 6 29 90
220 6 30 90
221 1 4 10
221 2 14 70
221 2 15 70
221 2 16 70
221 3 21 205
221 3 22 205
221 4 23 55
221 4 24 55
221 4 25 55
221 5 26 135
221 5 27 135
221 6 28 90
221 6 29 90
221 6 30 90
222 1 4 10
222 2 14 70
222 2 15 70
222 2 16 70
222 3 21 205
222 3 22 205
222 4 23 55
222 4 24 55
222 4 25 55
222 5 26 135
222 5 27 135
222 6 28 90
222 6 29 90
222 6 30 90
223 1 4 10
223 2 14 70
223 2 15 70
223 2 16 70
223 3 21 205
223 3 22 205
223 4 23 55
223 4 24 55
223 4 25 55
223 5 26 135
223 5 27 135
223 6 28 90
223 6 29 90
223 6 30 90
224 1 4 10
224 2 14 70
224 2 15 70
224 2 16 70
224 3 21 205
224 3 22 205
224 4 23 55
224 4 24 55
224 4 25 55
224 5 26 135
224 5 27 135
224 6 28 90
224 6 29 90
224 6 30 90
225 1 4 10
225 2 14 70
225 2 15 70
225 2 16 70
225 3 21 205
225 3 22 205
225 4 23 55
225 4 24 55
225 4 25 55
225 5 26 135
225 5 27 135
225 6 28 90
225 6 29 90
225 6 30 90
226 1 4 10
226 2 14 70
226 2 15 70
226 2 16 70
226 3 21 205
226 3 22 205
226 4 23 55
226 4 24 55
226 4 25 55
226 5 26 135
226 5 27 135
226 6 28 90
226 6 29 90
226 6 30 90
227 1 4 10
227 2 14 70
227 2 15 70
227 2 16 70
227 3 21 205
227 3 22 205
227 4 23 55
227 4 24 55
227 4 25 55
227 5 26 135
227 5 27 135
227 6 28 90
227 6 29 90
227 6 30 90
228 1 4 10
228 2 14 70
228 2 15 70
228 2 16 70
228 3 21 205
228 3 22 205
228 4 23 55
228 4 24 55
228 4 25 55
228 5 26 135
228 5 27 135
228 6 28 90
228 6 29 90
228 6 30 90
229 1 4 10
229 2 14 70
229 2 15 70
229 2 16 70
229 3 21 205
229 3 22 205
229 4 23 55
229 4 24 55
229 4 25 55
229 5 26 135
229 5 27 135
229 6 28 90
229 6 29 90
229 6 30 90
230 1 4 10
230 2 14 70
230 2 15 70
230 2 16 70
230 3 21 205
230 3 22 205
230 4 23 55
230 4 24 55
230 4 25 55
230 5 26 135
230 5 27 135
230 6 28 90
230 6 29 90
230 6 30 90
231 1 4 10
231 2 14 70
231 2 15 70
231 2 16 70
231 3 21 205
231 3 22 205
231 4 23 55
231 4 24 55
231 4 25 55
231 5 26 135
231 5 27 135
231 6 28 90
231 6 29 90
231 6 30 90
232 1 4 10
232 2 14 70
232 2 15 70
232 2 16 70
232 3 21 205
232 3 22 205
232 4 23 55
232 4 24 55
232 4 25 55
232 5 26 135
232 5 27 135
232 6 28 90
232 6 29 90
232 6 30 90
233 1 4 10
233 2 14 70
233 2 15 70
233 2 16 70
233 3 21 205
233 3 22 205
233 4 23 55
233 4 24 55
233 4 25 55
233 5 26 135
233 5 27 135
233 6 28 90
233 6 29 90
233 6 30 90
234 1 4 10
234 2 14 70
234 2 15 70
234 2 16 70
234 3 21 205
234 3 22 205
234 4 23 55
234 4 24 55
234 4 25 55
234 5 26 135
234 5 27 135
234 6 28 90
234 6 29 90
234 6 30 90
235 1 4 10
235 2 14 70
235 2 15 70
235 2 16 70
235 3 21 205
235 3 22 205
235 4 23 55
235 4 24 55
235 4 25 55
235 5 26 135
235 5 27 135
235 6 28 90
235 6 29 90
235 6 30 90
236 1 4 10
236 2 14 70
236 2 15 70
236 2 16 70
236 3 21 205
236 3 22 205
236 4 23 55
236 4 24 55
236 4 25 55
236 5 26 135
236 5 27 135
236 6 28 90
236 6 29 90
236 6 30 90
237 1 4 10
237 2 14 70
237 2 15 70
237 2 16 70
237 3 21 205
237 3 22 205
237 4 23 55
237 4 24 55
237 4 25 55
237 5 26 135
237 5 27 135
237 6 28 90
237 6 29 90
237 6 30 90
238 1 4 10
238 2 14 70
238 2 15 70
238 2 16 70
238 3 21 205
238 3 22 205
238 4 23 55
238 4 24 55
238 4 25 55
238 5 26 135
238 5 27 135
238 6 28 90
238 6 29 90
238 6 30 90
239 1 4 10
239 2 14 70
239 2 15 70
239 2 16 70
239 3 21 205
239 3 22 205
239 4 23 55
239 4 24 55
239 4 25 55
239 5 26 135
239 5 27 135
239 6 28 90
239 6 29 90
239 6 30 90
240 1 4 10
240 2 14 70
240 2 15 70
240 2 16 70
240 3 21 205
240 3 22 205
240 4 23 55
240 4 24 55
240 4 25 55
240 5 26 135
240 5 27 135
240 6 28 90
240 6 29 90
240 6 30 90
241 1 4 10
241 2 14 70
241 2 15 70
241 2 16 70
241 3 21 205
241 3 22 205
241 4 23 55
241 4 24 55
241 4 25 55
241 5 26 135
241 5 27 135
241 6 28 90
241 6 29 90
241 6 30 90
242 1 4 10
242 2 14 70
242 2 15 70
242 2 16 70
242 3 21 205
242 3 22 205
242 4 23 55
242 4 24 55
242 4 25 55
242 5 26 135
242 5 27 135
242 6 28 90
242 6 29 90
242 6 30 90
243 1 4 10
243 2 14 70
243 2 15 70
243 2 16 70
243 3 21 205
243 3 22 205
243 4 23 55
243 4 24 55
243 4 25 55
243 5 26 135
243 5 27 135
243 6 28 90
243 6 29 90
243 6 30 90
244 1 4 10
244 2 14 70
244 2 15 70
244 2 16 70
244 3 21 205
244 3 22 205
244 4 23 55
244 4 24 55
244 4 25 55
244 5 26 135
244 5 27 135
244 6 28 90
244 6 29 90
244 6 30 90
245 1 4 10
245 2 14 70
245 2 15 70
245 2 16 70
245 3 21 205
245 3 22 205
245 4 23 55
245 4 24 55
245 4 25 55
245 5 26 135
245 5 27 135
245 6 28 90
245 6 29 90
245 6 30 90
246 1 4 10
246 2 14 70
246 2 15 70
246 2 16 70
246 3 21 205
246 3 22 205
246 4 23 55
246 4 24 55
246 4 25 55
246 5 26 135
246 5 27 135
246 6 28 90
246 6 29 90
246 6 30 90
247 1 4 10
247 2 14 70
247 2 15 70
247 2 16 70
247 3 21 205
247 3 22 205
247 4 23 55
247 4 24 55
247 4 25 55
247 5 26 135
247 5 27 135
247 6 28 90
247 6 29 90
247 6 30 90
248 1 4 10
248 2 14 70
248 2 15 70
248 2 16 70
248 3 21 205
248 3 22 205
248 4 23 55
248 4 24 55
248 4 25 55
248 5 26 135
248 5 27 135
248 6 28 90
248 6 29 90
248 6 30 90
249 1 4 10
249 2 14 70
249 2 15 70
249 2 16 70
249 3 21 205
249 3 22 205
249 4 23 55
249 4 24 55
249 4 25 55
249 5 26 135
249 5 27 135
249 6 28 90
249 6 29 90
249 6 30 90
250 1 4 10
250 2 14 70
250 2 15 70
250 2 16 70
250 3 21 205
250 3 22 205
250 4 23 55
250 4 24 55
250 4 25 55
250 5 26 135
250 5 27 135
250 6 28 90
250 6 29 90
250 6 30 90
251 1 4 10
251 2 14 70
251 2 15 70
251 2 16 70
251 3 21 205
251 3 22 205
251 4 23 55
251 4 24 55
251 4 25 55
251 5 26 135
251 5 27 135
251 6 28 90
251 6 29 90
251 6 30 90
252 1 4 10
252 2 14 70
252 2 15 70
252 2 16 70
252 3 21 205
252 3 22 205
252 4 23 55
252 4 24 55
252 4 25 55
252 5 26 135
252 5 27 135
252 6 28 90
252 6 29 90
252 6 30 90
253 1 4 10
253 2 14 70
253 2 15 70
253 2 16 70
253 3 21 205
253 3 22 205
253 4 23 55
253 4 24 55
253 4 25 55
253 5 26 135
253 5 27 135
253 6 28 90
253 6 29 90
253 6 30 90
254 1 4 10
254 2 14 70
254 2 15 70
254 2 16 70
254 3 21 205
254 3 22 205
254 4 23 55
254 4 24 55
254 4 25 55
254 5 26 135
254 5 27 135
254 6 28 90
254 6 29 90
254 6 30 90
255 1 4 10
255 2 14 70
255 2 15 70
255 2 16 70
255 3 21 205
255 3 22 205
255 4 23 55
255 4 24 55
255 4 25 55
255 5 26 135
255 5 27 135
255 6 28 90
255 6 29 90
255 6 30 90
256 1 4 10
256 2 14 70
256 2 15 70
256 2 16 70
256 3 21 205
256 3 22 205
256 4 23 55
256 4 24 55
256 4 25 55
256 5 26 135
256 5 27 135
256 6 28 90
256 6 29 90
256 6 30 90
257 1 4 10
257 2 14 70
257 2 15 70
257 2 16 70
257 3 21 205
257 3 22 205
257 4 23 55
257 4 24 55
257 4 25 55
257 5 26 135
257 5 27 135
257 6 28 90
257 6 29 90
257 6 30 90
258 1 4 10
258 2 14 70
258 2 15 70
258 2 16 70
258 3 21 205
258 3 22 205
258 4 23 55
258 4 24 55
258 4 25 55
258 5 26 135
258 5 27 135
258 6 28 90
258 6 29 90
258 6 30 90
259 1 4 10
259 2 14 70
259 2 15 70
259 2 16 70
259 3 21 205
259 3 22 205
259 4 23 55
259 4 24 55
259 4 25 55
259 5 26 135
259 5 27 135
259 6 28 90
259 6 29 90
259 6 30 90
260 1 4 10
260 2 14 70
260 2 15 70
260 2 16 70
260 3 21 205
260 3 22 205
260 4 23 55
260 4 24 55
260 4 25 55
260 5 26 135
260 5 27 135
260 6 28 90
260 6 29 90
260 6 30 90
261 1 4 10
261 2 14 70
261 2 15 70
261 2 16 70
261 3 21 205
261 3 22 205
261 4 23 55
261 4 24 55
261 4 25 55
261 5 26 135
261 5 27 135
261 6 28 90
261 6 29 90
261 6 30 90
262 1 4 10
262 2 14 70
262 2 15 70
262 2 16 70
262 3 21 205
262 3 22 205
262 4 23 55
262 4 24 55
262 4 25 55
262 5 26 135
262 5 27 135
262 6 28 90
262 6 29 90
262 6 30 90
263 1 4 10
263 2 14 70
263 2 15 70
263 2 16 70
263 3 21 205
263 3 22 205
263 4 23 55
263 4 24 55
263 4 25 55
263 5 26 135
263 5 27 135
263 6 28 90
263 6 29 90
263 6 30 90
264 1 4 10
264 2 14 70
264 2 15 70
264 2 16 70
264 3 21 205
264 3 22 205
264 4 23 55
264 4 24 55
264 4 25 55
264 5 26 135
264 5 27 135
264 6 28 90
264 6 29 90
264 6 30 90
265 1 4 10
265 2 14 70
265 2 15 70
265 2 16 70
265 3 21 205
265 3 22 205
265 4 23 55
265 4 24 55
265 4 25 55
265 5 26 135
265 5 27 135
265 6 28 90
265 6 29 90
265 6 30 90
266 1 4 10
266 2 14 70
266 2 15 70
266 2 16 70
266 3 21 205
266 3 22 205
266 4 23 55
266 4 24 55
266 4 25 55
266 5 26 135
266 5 27 135
266 6 28 90
266 6 29 90
266 6 30 90
267 1 4 10
267 2 14 70
267 2 15 70
267 2 16 70
267 3 21 205
267 3 22 205
267 4 23 55
267 4 24 55
267 4 25 55
267 5 26 135
267 5 27 135
267 6 28 90
267 6 29 90
267 6 30 90
268 1 4 10
268 2 14 70
268 2 15 70
268 2 16 70
268 3 21 205
268 3 22 205
268 4 23 55
268 4 24 55
268 4 25 55
268 5 26 135
268 5 27 135
268 6 28 90
268 6 29 90
268 6 30 90
269 1 4 10
269 2 14 70
269 2 15 70
269 2 16 70
269 3 21 205
269 3 22 205
269 4 23 55
269 4 24 55
269 4 25 55
269 5 26 135
269 5 27 135
269 6 28 90
269 6 29 90
269 6 30 90
270 1 4 10
270 2 14 70
270 2 15 70
270 2 16 70
270 3 21 205
270 3 22 205
270 4 23 55
270 4 24 55
270 4 25 55
270 5 26 135
270 5 27 135
270 6 28 90
270 6 29 90
270 6 30 90
271 1 4 10
271 2 14 70
271 2 15 70
271 2 16 70
271 3 21 205
271 3 22 205
271 4 23 55
271 4 24 55
271 4 25 55
271 5 26 135
271 5 27 135
271 6 28 90
271 6 29 90
271 6 30 90
272 1 4 10
272 2 14 70
272 2 15 70
272 2 16 70
272 3 21 205
272 3 22 205
272 4 23 55
272 4 24 55
272 4 25 55
272 5 26 135
272 5 27 135
272 6 28 90
272 6 29 90
272 6 30 90
273 1 4 10
273 2 14 70
273 2 15 70
273 2 16 70
273 3 21 205
273 3 22 205
273 4 23 55
273 4 24 55
273 4 25 55
273 5 26 135
273 5 27 135
273 6 28 90
273 6 29 90
273 6 30 90
274 1 4 10
274 2 14 70
274 2 15 70
274 2 16 70
274 3 21 205
274 3 22 205
274 4 23 55
274 4 24 55
274 4 25 55
274 5 26 135
274 5 27 135
274 6 28 90
274 6 29 90
274 6 30 90
275 1 4 10
275 2 14 70
275 2 15 70
275 2 16 70
275 3 21 205
275 3 22 205
275 4 23 55
275 4 24 55
275 4 25 55
275 5 26 135
275 5 27 135
275 6 28 90
275 6 29 90
275 6 30 90
276 1 4 10
276 2 14 70
276 2 15 70
276 2 16 70
276 3 21 205
276 3 22 205
276 4 23 55
276 4 24 55
276 4 25 55
276 5 26 135
276 5 27 135
276 6 28 90
276 6 29 90
276 6 30 90
277 1 4 10
277 2 14 70
277 2 15 70
277 2 16 70
277 3 21 205
277 3 22 205
277 4 23 55
277 4 24 55
277 4 25 55
277 5 26 135
277 5 27 135
277 6 28 90
277 6 29 90
277 6 30 90
278 1 4 10
278 2 14 70
278 2 15 70
278 2 16 70
278 3 21 205
278 3 22 205
278 4 23 55
278 4 24 55
278 4 25 55
278 5 26 135
278 5 27 135
278 6 28 90
278 6 29 90
278 6 30 90
279 1 4 10
279 2 14 70
279 2 15 70
279 2 16 70
279 3 21 205
279 3 22 205
279 4 23 55
279 4 24 55
279 4 25 55
279 5 26 135
279 5 27 135
279 6 28 90
279 6 29 90
279 6 30 90
280 1 4 10
280 2 14 70
280 2 15 70
280 2 16 70
280 3 21 205
280 3 22 205
280 4 23 55
280 4 24 55
280 4 25 55
280 5 26 135
280 5 27 135
280 6 28 90
280 6 29 90
280 6 30 90
281 1 4 10
281 2 14 70
281 2 15 70
281 2 16 70
281 3 21 205
281 3 22 205
281 4 23 55
281 4 24 55
281 4 25 55
281 5 26 135
281 5 27 135
281 6 28 90
281 6 29 90
281 6 30 90
282 1 4 10
282 2 14 70
282 2 15 70
282 2 16 70
282 3 21 205
282 3 22 205
282 4 23 55
282 4 24 55
282 4 25 55
282 5 26 135
282 5 27 135
282 6 28 90
282 6 29 90
282 6 30 90
283 1 4 10
283 2 14 70
283 2 15 70
283 2 16 70
283 3 21 205
283 3 22 205
283 4 23 55
283 4 24 55
283 4 25 55
283 5 26 135
283 5 27 135
283 6 28 90
283 6 29 90
283 6 30 90
284 1 4 10
284 2 14 70
284 2 15 70
284 2 16 70
284 3 21 205
284 3 22 205
284 4 23 55
284 4 24 55
284 4 25 55
284 5 26 135
284 5 27 135
284 6 28 90
284 6 29 90
284 6 30 90
285 1 4 10
285 2 14 70
285 2 15 70
285 2 16 70
285 3 21 205
285 3 22 205
285 4 23 55
285 4 24 55
285 4 25 55
285 5 26 135
285 5 27 135
285 6 28 90
285 6 29 90
285 6 30 90
286 1 4 10
286 2 14 70
286 2 15 70
286 2 16 70
286 3 21 205
286 3 22 205
286 4 23 55
286 4 24 55
286 4 25 55
286 5 26 135
286 5 27 135
286 6 28 90
286 6 29 90
286 6 30 90
287 1 4 10
287 2 14 70
287 2 15 70
287 2 16 70
287 3 21 205
287 3 22 205
287 4 23 55
287 4 24 55
287 4 25 55
287 5 26 135
287 5 27 135
287 6 28 90
287 6 29 90
287 6 30 90
288 1 4 10
288 2 14 70
288 2 15 70
288 2 16 70
288 3 21 205
288 3 22 205
288 4 23 55
288 4 24 55
288 4 25 55
288 5 26 135
288 5 27 135
288 6 28 90
288 6 29 90
288 6 30 90
289 1 4 10
289 2 14 70
289 2 15 70
289 2 16 70
289 3 21 205
289 3 22 205
289 4 23 55
289 4 24 55
289 4 25 55
289 5 26 135
289 5 27 135
289 6 28 90
289 6 29 90
289 6 30 90
290 1 4 10
290 2 14 70
290 2 15 70
290 2 16 70
290 3 21 205
290 3 22 205
290 4 23 55
290 4 24 55
290 4 25 55
290 5 26 135
290 5 27 135
290 6 28 90
290 6 29 90
290 6 30 90
291 1 4 10
291 2 14 70
291 2 15 70
291 2 16 70
291 3 21 205
291 3 22 205
291 4 23 55
291 4 24 55
291 4 25 55
291 5 26 135
291 5 27 135
291 6 28 90
291 6 29 90
291 6 30 90
292 1 4 10
292 2 14 70
292 2 15 70
292 2 16 70
292 3 21 205
292 3 22 205
292 4 23 55
292 4 24 55
292 4 25 55
292 5 26 135
292 5 27 135
292 6 28 90
292 6 29 90
292 6 30 90
293 1 4 10
293 2 14 70
293 2 15 70
293 2 16 70
293 3 21 205
293 3 22 205
293 4 23 55
293 4 24 55
293 4 25 55
293 5 26 135
293 5 27 135
293 6 28 90
293 6 29 90
293 6 30 90
294 1 4 10
294 2 14 70
294 2 15 70
294 2 16 70
294 3 21 205
294 3 22 205
294 4 23 55
294 4 24 55
294 4 25 55
294 5 26 135
294 5 27 135
294 6 28 90
294 6 29 90
294 6 30 90
295 1 4 10
295 2 14 70
295 2 15 70
295 2 16 70
295 3 21 205
295 3 22 205
295 4 23 55
295 4 24 55
295 4 25 55
295 5 26 135
295 5 27 135
295 6 28 90
295 6 29 90
295 6 30 90
296 1 4 10
296 2 14 70
296 2 15 70
296 2 16 70
296 3 21 205
296 3 22 205
296 4 23 55
296 4 24 55
296 4 25 55
296 5 26 135
296 5 27 135
296 6 28 90
296 6 29 90
296 6 30 90
297 1 4 10
297 2 14 70
297 2 15 70
297 2 16 70
297 3 21 205
297 3 22 205
297 4 23 55
297 4 24 55
297 4 25 55
297 5 26 135
297 5 27 135
297 6 28 90
297 6 29 90
297 6 30 90
298 1 4 10
298 2 14 70
298 2 15 70
298 2 16 70
298 3 21 205
298 3 22 205
298 4 23 55
298 4 24 55
298 4 25 55
298 5 26 135
298 5 27 135
298 6 28 90
298 6 29 90
298 6 30 90
299 1 4 10
299 2 14 70
299 2 15 70
299 2 16 70
299 3 21 205
299 3 22 205
299 4 23 55
299 4 24 55
299 4 25 55
299 5 26 135
299 5 27 135
299 6 28 90
299 6 29 90
299 6 30 90
300 1 4 10
300 2 14 70
300 2 15 70
300 2 16 70
300 3 21 205
300 3 22 205
300 4 23 55
300 4 24 55
300 4 25 55
300 5 26 135
300 5 27 135
300 6 28 90
300 6 29 90
300 6 30 90
301 1 4 10
301 2 14 70
301 2 15 70
301 2 16 70
301 3 21 205
301 3 22 205
301 4 23 55
301 4 24 55
301 4 25 55
301 5 26 135
301 5 27 135
301 6 28 90
301 6 29 90
301 6 30 90
302 1 4 10
302 2 14 70
302 2 15 70
302 2 16 70
302 3 21 205
302 3 22 205
302 4 23 55
302 4 24 55
302 4 25 55
302 5 26 135
302 5 27 135
302 6 28 90
302 6 29 90
302 6 30 90
303 1 4 10
303 2 14 70
303 2 15 70
303 2 16 70
303 3 21 205
303 3 22 205
303 4 23 55
303 4 24 55
303 4 25 55
303 5 26 135
303 5 27 135
303 6 28 90
303 6 29 90
303 6 30 90
304 1 4 10
304 2 14 70
304 2 15 70
304 2 16 70
304 3 21 205
304 3 22 205
304 4 23 55
304 4 24 55
304 4 25 55
304 5 26 135
304 5 27 135
304 6 28 90
304 6 29 90
304 6 30 90
305 1 4 10
305 2 14 70
305 2 15 70
305 2 16 70
305 3 21 205
305 3 22 205
305 4 23 55
305 4 24 55
305 4 25 55
305 5 26 135
305 5 27 135
305 6 28 90
305 6 29 90
305 6 30 90
306 1 4 10
306 2 14 70
306 2 15 70
306 2 16 70
306 3 21 205
306 3 22 205
306 4 23 55
306 4 24 55
306 4 25 55
306 5 26 135
306 5 27 135
306 6 28 90
306 6 29 90
306 6 30 90
307 1 4 10
307 2 14 70
307 2 15 70
307 2 16 70
307 3 21 205
307 3 22 205
307 4 23 55
307 4 24 55
307 4 25 55
307 5 26 135
307 5 27 135
307 6 28 90
307 6 29 90
307 6 30 90
308 1 4 10
308 2 14 70
308 2 15 70
308 2 16 70
308 3 21 205
308 3 22 205
308 4 23 55
308 4 24 55
308 4 25 55
308 5 26 135
308 5 27 135
308 6 28 90
308 6 29 90
308 6 30 90
309 1 4 10
309 2 14 70
309 2 15 70
309 2 16 70
309 3 21 205
309 3 22 205
309 4 23 55
309 4 24 55
309 4 25 55
309 5 26 135
309 5 27 135
309 6 28 90
309 6 29 90
309 6 30 90
310 1 4 10
310 2 14 70
310 2 15 70
310 2 16 70
310 3 21 205
310 3 22 205
310 4 23 55
310 4 24 55
310 4 25 55
310 5 26 135
310 5 27 135
310 6 28 90
310 6 29 90
310 6 30 90
311 1 4 10
311 2 14 70
311 2 15 70
311 2 16 70
311 3 21 205
311 3 22 205
311 4 23 55
311 4 24 55
311 4 25 55
311 5 26 135
311 5 27 135
311 6 28 90
311 6 29 90
311 6 30 90
312 1 4 10
312 2 14 70
312 2 15 70
312 2 16 70
312 3 21 205
312 3 22 205
312 4 23 55
312 4 24 55
312 4 25 55
312 5 26 135
312 5 27 135
312 6 28 90
312 6 29 90
312 6 30 90
313 1 4 10
313 2 14 70
313 2 15 70
313 2 16 70
313 3 21 205
313 3 22 205
313 4 23 55
313 4 24 55
313 4 25 55
313 5 26 135
313 5 27 135
313 6 28 90
313 6 29 90
313 6 30 90
314 1 4 10
314 2 14 70
314 2 15 70
314 2 16 70
314 3 21 205
314 3 22 205
314 4 23 55
314 4 24 55
314 4 25 55
314 5 26 135
314 5 27 135
314 6 28 90
314 6 29 90
314 6 30 90
315 1 4 10
315 2 14 70
315 2 15 70
315 2 16 70
315 3 21 205
315 3 22 205
315 4 23 55
315 4 24 55
315 4 25 55
315 5 26 135
315 5 27 135
315 6 28 90
315 6 29 90
315 6 30 90
316 1 4 10
316 2 14 70
316 2 15 70
316 2 16 70
316 3 21 205
316 3 22 205
316 4 23 55
316 4 24 55
316 4 25 55
316 5 26 135
316 5 27 135
316 6 28 90
316 6 29 90
316 6 30 90
317 1 4 10
317 2 14 70
317 2 15 70
317 2 16 70
317 3 21 205
317 3 22 205
317 4 23 55
317 4 24 55
317 4 25 55
317 5 26 135
317 5 27 135
317 6 28 90
317 6 29 90
317 6 30 90
318 1 4 10
318 2 14 70
318 2 15 70
318 2 16 70
318 3 21 205
318 3 22 205
318 4 23 55
318 4 24 55
318 4 25 55
318 5 26 135
318 5 27 135
318 6 28 90
318 6 29 90
318 6 30 90
319 1 4 10
319 2 14 70
319 2 15 70
319 2 16 70
319 3 21 205
319 3 22 205
319 4 23 55
319 4 24 55
319 4 25 55
319 5 26 135
319 5 27 135
319 6 28 90
319 6 29 90
319 6 30 90
320 1 4 10
320 2 14 70
320 2 15 70
320 2 16 70
320 3 21 205
320 3 22 205
320 4 23 55
320 4 24 55
320 4 25 55
320 5 26 135
320 5 27 135
320 6 28 90
320 6 29 90
320 6 30 90
321 1 4 10
321 2 14 70
321 2 15 70
321 2 16 70
321 3 21 205
321 3 22 205
321 4 23 55
321 4 24 55
321 4 25 55
321 5 26 135
321 5 27 135
321 6 28 90
321 6 29 90
321 6 30 90
322 1 4 10
322 2 14 70
322 2 15 70
322 2 16 70
322 3 21 205
322 3 22 205
322 4 23 55
322 4 24 55
322 4 25 55
322 5 26 135
322 5 27 135
322 6 28 90
322 6 29 90
322 6 30 90
323 1 4 10
323 2 14 70
323 2 15 70
323 2 16 70
323 3 21 205
323 3 22 205
323 4 23 55
323 4 24 55
323 4 25 55
323 5 26 135
323 5 27 135
323 6 28 90
323 6 29 90
323 6 30 90
324 1 4 10
324 2 14 70
324 2 15 70
324 2 16 70
324 3 21 205
324 3 22 205
324 4 23 55
324 4 24 55
324 4 25 55
324 5 26 135
324 5 27 135
324 6 28 90
324 6 29 90
324 6 30 90
325 1 4 10
325 2 14 70
325 2 15 70
325 2 16 70
325 3 21 205
325 3 22 205
325 4 23 55
325 4 24 55
325 4 25 55
325 5 26 135
325 5 27 135
325 6 28 90
325 6 29 90
325 6 30 90
326 1 4 10
326 2 14 70
326 2 15 70
326 2 16 70
326 3 21 205
326 3 22 205
326 4 23 55
326 4 24 55
326 4 25 55
326 5 26 135
326 5 27 135
326 6 28 90
326 6 29 90
326 6 30 90
327 1 4 10
327 2 14 70
327 2 15 70
327 2 16 70
327 3 21 205
327 3 22 205
327 4 23 55
327 4 24 55
327 4 25 55
327 5 26 135
327 5 27 135
327 6 28 90
327 6 29 90
327 6 30 90
328 1 4 10
328 2 14 70
328 2 15 70
328 2 16 70
328 3 21 205
328 3 22 205
328 4 23 55
328 4 24 55
328 4 25 55
328 5 26 135
328 5 27 135
328 6 28 90
328 6 29 90
328 6 30 90
329 1 4 10
329 2 14 70
329 2 15 70
329 2 16 70
329 3 21 205
329 3 22 205
329 4 23 55
329 4 24 55
329 4 25 55
329 5 26 135
329 5 27 135
329 6 28 90
329 6 29 90
329 6 30 90
330 1 4 10
330 2 14 70
330 2 15 70
330 2 16 70
330 3 21 205
330 3 22 205
330 4 23 55
330 4 24 55
330 4 25 55
330 5 26 135
330 5 27 135
330 6 28 90
330 6 29 90
330 6 30 90
331 1 4 10
331 2 14 70
331 2 15 70
331 2 16 70
331 3 21 205
331 3 22 205
331 4 23 55
331 4 24 55
331 4 25 55
331 5 26 135
331 5 27 135
331 6 28 90
331 6 29 90
331 6 30 90
332 1 4 10
332 2 14 70
332 2 15 70
332 2 16 70
332 3 21 205
332 3 22 205
332 4 23 55
332 4 24 55
332 4 25 55
332 5 26 135
332 5 27 135
332 6 28 90
332 6 29 90
332 6 30 90
333 1 4 10
333 2 14 70
333 2 15 70
333 2 16 70
333 3 21 205
333 3 22 205
333 4 23 55
333 4 24 55
333 4 25 55
333 5 26 135
333 5 27 135
333 6 28 90
333 6 29 90
333 6 30 90
334 1 4 10
334 2 14 70
334 2 15 70
334 2 16 70
334 3 21 205
334 3 22 205
334 4 23 55
334 4 24 55
334 4 25 55
334 5 26 135
334 5 27 135
334 6 28 90
334 6 29 90
334 6 30 90
335 1 4 10
335 2 14 70
335 2 15 70
335 2 16 70
335 3 21 205
335 3 22 205
335 4 23 55
335 4 24 55
335 4 25 55
335 5 26 135
335 5 27 135
335 6 28 90
335 6 29 90
335 6 30 90
336 1 4 10
336 2 14 70
336 2 15 70
336 2 16 70
336 3 21 205
336 3 22 205
336 4 23 55
336 4 24 55
336 4 25 55
336 5 26 135
336 5 27 135
336 6 28 90
336 6 29 90
336 6 30 90
337 1 4 10
337 2 14 70
337 2 15 70
337 2 16 70
337 3 21 205
337 3 22 205
337 4 23 55
337 4 24 55
337 4 25 55
337 5 26 135
337 5 27 135
337 6 28 90
337 6 29 90
337 6 30 90
338 1 4 10
338 2 14 70
338 2 15 70
338 2 16 70
338 3 21 205
338 3 22 205
338 4 23 55
338 4 24 55
338 4 25 55
338 5 26 135
338 5 27 135
338 6 28 90
338 6 29 90
338 6 30 90
339 1 4 10
339 2 14 70
339 2 15 70
339 2 16 70
339 3 21 205
339 3 22 205
339 4 23 55
339 4 24 55
339 4 25 55
339 5 26 135
339 5 27 135
339 6 28 90
339 6 29 90
339 6 30 90
340 1 4 10
340 2 14 70
340 2 15 70
340 2 16 70
340 3 21 205
340 3 22 205
340 4 23 55
340 4 24 55
340 4 25 55
340 5 26 135
340 5 27 135
340 6 28 90
340 6 29 90
340 6 30 90
341 1 4 10
341 2 14 70
341 2 15 70
341 2 16 70
341 3 21 205
341 3 22 205
341 4 23 55
341 4 24 55
341 4 25 55
341 5 26 135
341 5 27 135
341 6 28 90
341 6 29 90
341 6 30 90
342 1 4 10
342 2 14 70
342 2 15 70
342 2 16 70
342 3 21 205
342 3 22 205
342 4 23 55
342 4 24 55
342 4 25 55
342 5 26 135
342 5 27 135
342 6 28 90
342 6 29 90
342 6 30 90
343 1 4 10
343 2 14 70
343 2 15 70
343 2 16 70
343 3 21 205
343 3 22 205
343 4 23 55
343 4 24 55
343 4 25 55
343 5 26 135
343 5 27 135
343 6 28 90
343 6 29 90
343 6 30 90
344 1 4 10
344 2 14 70
344 2 15 70
344 2 16 70
344 3 21 205
344 3 22 205
344 4 23 55
344 4 24 55
344 4 25 55
344 5 26 135
344 5 27 135
344 6 28 90
344 6 29 90
344 6 30 90
345 1 4 10
345 2 14 70
345 2 15 70
345 2 16 70
345 3 21 205
345 3 22 205
345 4 23 55
345 4 24 55
345 4 25 55
345 5 26 135
345 5 27 135
345 6 28 90
345 6 29 90
345 6 30 90
346 1 4 10
346 2 14 70
346 2 15 70
346 2 16 70
346 3 21 205
346 3 22 205
346 4 23 55
346 4 24 55
346 4 25 55
346 5 26 135
346 5 27 135
346 6 28 90
346 6 29 90
346 6 30 90
347 1 4 10
347 2 14 70
347 2 15 70
347 2 16 70
347 3 21 205
347 3 22 205
347 4 23 55
347 4 24 55
347 4 25 55
347 5 26 135
347 5 27 135
347 6 28 90
347 6 29 90
347 6 30 90
348 1 4 10
348 2 14 70
348 2 15 70
348 2 16 70
348 3 21 205
348 3 22 205
348 4 23 55
348 4 24 55
348 4 25 55
348 5 26 135
348 5 27 135
348 6 28 90
348 6 29 90
348 6 30 90
349 1 4 10
349 2 14 70
349 2 15 70
349 2 16 70
349 3 21 205
349 3 22 205
349 4 23 55
349 4 24 55
349 4 25 55
349 5 26 135
349 5 27 135
349 6 28 90
349 6 29 90
349 6 30 90
350 1 4 10
350 2 14 70
350 2 15 70
350 2 16 70
350 3 21 205
350 3 22 205
350 4 23 55
350 4 24 55
350 4 25 55
350 5 26 135
350 5 27 135
350 6 28 90
350 6 29 90
350 6 30 90
351 1 4 10
351 2 14 70
351 2 15 70
351 2 16 70
351 3 21 205
351 3 22 205
351 4 23 55
351 4 24 55
351 4 25 55
351 5 26 135
351 5 27 135
351 6 28 90
351 6 29 90
351 6 30 90
352 1 4 10
352 2 14 70
352 2 15 70
352 2 16 70
352 3 21 205
352 3 22 205
352 4 23 55
352 4 24 55
352 4 25 55
352 5 26 135
352 5 27 135
352 6 28 90
352 6 29 90
352 6 30 90
353 1 4 10
353 2 14 70
353 2 15 70
353 2 16 70
353 3 21 205
353 3 22 205
353 4 23 55
353 4 24 55
353 4 25 55
353 5 26 135
353 5 27 135
353 6 28 90
353 6 29 90
353 6 30 90
354 1 4 10
354 2 14 70
354 2 15 70
354 2 16 70
354 3 21 205
354 3 22 205
354 4 23 55
354 4 24 55
354 4 25 55
354 5 26 135
354 5 27 135
354 6 28 90
354 6 29 90
354 6 30 90
355 1 4 10
355 2 14 70
355 2 15 70
355 2 16 70
355 3 21 205
355 3 22 205
355 4 23 55
355 4 24 55
355 4 25 55
355 5 26 135
355 5 27 135
355 6 28 90
355 6 29 90
355 6 30 90
356 1 4 10
356 2 14 70
356 2 15 70
356 2 16 70
356 3 21 205
356 3 22 205
356 4 23 55
356 4 24 55
356 4 25 55
356 5 26 135
356 5 27 135
356 6 28 90
356 6 29 90
356 6 30 90
357 1 4 10
357 2 14 70
357 2 15 70
357 2 16 70
357 3 21 205
357 3 22 205
357 4 23 55
357 4 24 55
357 4 25 55
357 5 26 135
357 5 27 135
357 6 28 90
357 6 29 90
357 6 30 90
358 1 4 10
358 2 14 70
358 2 15 70
358 2 16 70
358 3 21 205
358 3 22 205
358 4 23 55
358 4 24 55
358 4 25 55
358 5 26 135
358 5 27 135
358 6 28 90
358 6 29 90
358 6 30 90
359 1 4 10
359 2 14 70
359 2 15 70
359 2 16 70
359 3 21 205
359 3 22 205
359 4 23 55
359 4 24 55
359 4 25 55
359 5 26 135
359 5 27 135
359 6 28 90
359 6 29 90
359 6 30 90
360 1 4 10
360 2 14 70
360 2 15 70
360 2 16 70
360 3 21 205
360 3 22 205
360 4 23 55
360 4 24 55
360 4 25 55
360 5 26 135
360 5 27 135
360 6 28 90
360 6 29 90
360 6 30 90
