511
30
2 2 2 2 2 2 2 2 2 2 2 2 2 2 2 2 2 2 2 2 2 2 2 2 2 2 2 2 2 2 2 2 2 2 2 2 2 2 2 2 2 2 2 2 2 2 2 2 2 2 2 2 2 2 2 2 2 2 2 2 2 2 2 2 2 2 2 2 2 2 2 2 2 2 2 2 2 2 2 2 2 2 2 2 2 2 2 2 2 2 2 2 2 2 2 2 2 2 2 2 2 2 2 2 2 2 2 2 2 2 2 2 2 2 2 2 2 2 2 2 2 2 2 2 2 2 2 2 2 2 2 2 2 2 2 2 2 2 2 2 2 2 2 2 2 2 2 2 2 2 2 2 2 2 2 2 2 2 2 2 2 2 2 2 2 2 2 2 2 2 2 2 2 2 2 2 2 2 2 2 2 2 2 2 2 2 2 2 2 2 2 2 2 2 2 2 2 2 2 2 6 6 6 6 6 6 6 6 6 6 6 6 6 6 6 6 6 6 6 6 6 6 6 6 6 6 6 6 6 6 6 6 6 6 6 6 6 6 6 6 6 6 6 6 6 6 6 6 6 6 6 6 6 6 6 6 6 6 6 6 6 6 6 6 6 6 6 6 6 6 6 6 6 6 6 6 6 6 6 6 6 6 6 6 6 6 6 6 6 6 6 6 6 6 6 6 6 6 6 6 6 6 6 6 6 6 6 6 6 6 6 6 6 6 6 6 6 6 6 6 6 6 6 6 6 6 6 6 6 6 6 6 6 6 6 6 6 6 6 6 6 6 6 6 6 6 6 6 6 6 6 6 6 6 6 6 6 6 6 6 6 6 6 6 6 6 6 6 6 6 6 6 6 6 6 6 6 6 6 6 6 6 6 6 6 6 6 6 6 6 6 6 6 6 6 6 6 6 6 6 6 6 6 6 6 6 6 6 6 6 6 6 6 6 6 6 6 6 6 6 6 6 6 6 6 6 6 6 6 6 6 6 6 6 6 6 6 6 6 6 6 6 6 6 6 6 6 6 6 6 6 6 6 6 6 6 6 6 6 6 6 6 6 6 6 6 6 6 6 6 6 6 6 6 6 6 6 6 6 6 6 6 6 6 6 6 6 6 6 6 6 6 6 6 6 6 6 6 6 6 6 6 6 6 6 6 6 6 6 6 6
28800 28800 28800 28800 28800 28800 28800 28800 28800 28800 28800 28800 28800 28800 28800 28800 28800 28800 28800 28800 28800 28800 28800 28800 28800 28800 28800 28800 28800 28800 28800 28800 28800 28800 28800 28800 28800 28800 28800 28800 28800 28800 28800 28800 28800 28800 28800 28800 28800 28800 28800 28800 28800 28800 28800 28800 28800 28800 28800 28800 28800 28800 28800 28800 28800 28800 28800 28800 28800 28800 28800 28800 28800 28800 28800 28800 28800 28800 28800 28800 28800 28800 28800 28800 28800 28800 28800 28800 28800 28800 28800 28800 28800 28800 28800 28800 28800 28800 28800 28800 28800 28800 28800 28800 28800 28800 28800 28800 28800 28800 28800 28800 28800 28800 28800 28800 28800 28800 28800 28800 28800 28800 28800 28800 28800 28800 28800 28800 28800 28800 28800 28800 28800 28800 28800 28800 28800 28800 28800 28800 28800 28800 28800 28800 28800 28800 28800 28800 28800 28800 28800 28800 28800 28800 28800 28800 28800 28800 28800 28800 28800 28800 28800 28800 28800 28800 28800 28800 28800 28800 28800 28800 28800 28800 28800 28800 28800 28800 28800 28800 28800 28800 28800 28800 28800 28800 28800 28800 28800 28800 28800 28800 28800 28800 28800 28800 28800 28800 28800 28800 28800 28800 28800 28800 28800 28800 28800 28800 28800 28800 28800 28800 28800 28800 28800 28800 28800 28800 28800 28800 28800 28800 28800 28800 28800 28800 28800 28800 28800 28800 28800 28800 28800 28800 28800 28800 28800 28800 28800 28800 28800 28800 28800 28800 28800 28800 28800 28800 28800 28800 28800 28800 28800 28800 28800 28800 28800 28800 28800 28800 28800 28800 28800 28800 28800 28800 28800 28800 28800 28800 28800 28800 28800 28800 28800 28800 28800 28800 28800 28800 28800 28800 28800 28800 28800 28800 28800 28800 28800 28800 28800 28800 28800 28800 28800 28800 28800 28800 28800 28800 28800 28800 28800 28800 28800 28800 28800 28800 28800 28800 28800 28800 28800 28800 28800 28800 28800 28800 28800 28800 28800 28800 28800 28800 28800 28800 28800 28800 28800 28800 28800 28800 28800 28800 28800 28800 28800 28800 28800 28800 28800 28800 28800 28800 28800 28800 28800 28800 28800 28800 28800 28800 28800 28800 28800 28800 28800 28800 28800 28800 28800 28800 28800 28800 28800 28800 28800 28800 28800 28800 28800 28800 28800 28800 28800 28800 28800 28800 28800 28800 28800 28800 28800 28800 28800 28800 28800 28800 28800 28800 28800 28800 28800 28800 28800 28800 28800 28800 28800 28800 28800 28800 28800 28800 28800 28800 28800 28800 28800 28800 28800 28800 28800 28800 28800 28800 28800 28800 28800 28800 28800 28800 28800 28800 28800 28800 28800 28800 28800 28800 28800 28800 28800 28800 28800 28800 28800 28800 28800 28800 28800 28800 28800 28800 28800 28800 28800 28800 28800 28800 28800 28800 28800 28800 28800 28800 28800 28800 28800 28800 28800 28800 28800 28800 28800 28800 28800 28800 28800 28800 28800 28800 28800 28800 28800 28800 28800 28800 28800 28800 28800 28800 28800 28800 28800 28800 28800 28800 28800 28800 28800 28800 28800 28800 28800 28800 28800 28800 28800 28800 28800 28800 28800 28800 28800 28800 28800 28800 28800 28800 28800
1 1 4 5
1 2 17 25
1 2 18 25
2 1 4 5
2 2 17 25
2 2 18 25
3 1 4 5
3 2 17 25
3 2 18 25
4 1 4 5
4 2 17 25
4 2 18 25
5 1 4 5
5 2 17 25
5 2 18 25
6 1 4 5
6 2 17 25
6 2 18 25
7 1 4 5
7 2 17 25
7 2 18 25
8 1 4 5
8 2 17 25
8 2 18 25
9 1 4 5
9 2 17 25
9 2 18 25
10 1 4 5
10 2 17 25
10 2 18 25
11 1 4 5
11 2 17 25
11 2 18 25
12 1 4 5
12 2 17 25
12 2 18 25
13 1 4 5
13 2 17 25
13 2 18 25
14 1 4 5
14 2 17 25
14 2 18 25
15 1 4 5
15 2 17 25
15 2 18 25
16 1 4 5
16 2 17 25
16 2 18 25
17 1 4 5
17 2 17 25
17 2 18 25
18 1 4 5
18 2 17 25
18 2 18 25
19 1 4 5
19 2 17 25
19 2 18 25
20 1 4 5
20 2 17 25
20 2 18 25
21 1 4 5
21 2 17 25
21 2 18 25
22 1 4 5
22 2 17 25
22 2 18 25
23 1 4 5
23 2 17 25
23 2 18 25
24 1 4 5
24 2 17 25
24 2 18 25
25 1 4 5
25 2 17 25
25 2 18 25
26 1 4 5
26 2 17 25
26 2 18 25
27 1 4 5
27 2 17 25
27 2 18 25
28 1 4 5
28 2 17 25
28 2 18 25
29 1 4 5
29 2 17 25
29 2 18 25
30 1 4 5
30 2 17 25
30 2 18 25
31 1 4 5
31 2 17 25
31 2 18 25
32 1 4 5
32 2 17 25
32 2 18 25
33 1 4 5
33 2 17 25
33 2 18 25
34 1 4 5
34 2 17 25
34 2 18 25
35 1 4 5
35 2 17 25
35 2 18 25
36 1 4 5
36 2 17 25
36 2 18 25
37 1 4 5
37 2 17 25
37 2 18 25
38 1 4 5
38 2 17 25
38 2 18 25
39 1 4 5
39 2 17 25
39 2 18 25
40 1 4 5
40 2 17 25
40 2 18 25
41 1 4 5
41 2 17 25
41 2 18 25
42 1 4 5
42 2 17 25
42 2 18 25
43 1 4 5
43 2 17 25
43 2 18 25
44 1 4 5
44 2 17 25
44 2 18 25
45 1 4 5
45 2 17 25
45 2 18 25
46 1 4 5
46 2 17 25
46 2 18 25
47 1 4 5
47 2 17 25
47 2 18 25
48 1 4 5
48 2 17 25
48 2 18 25
49 1 4 5
49 2 17 25
49 2 18 25
50 1 4 5
50 2 17 25
50 2 18 25
51 1 4 5
51 2 17 25
51 2 18 25
52 1 4 5
52 2 17 25
52 2 18 25
53 1 4 5
53 2 17 25
53 2 18 25
54 1 4 5
54 2 17 25
54 2 18 25
55 1 4 5
55 2 17 25
55 2 18 25
56 1 4 5
56 2 17 25
56 2 18 25
57 1 4 5
57 2 17 25
57 2 18 25
58 1 4 5
58 2 17 25
58 2 18 25
59 1 4 5
59 2 17 25
59 2 18 25
60 1 4 5
60 2 17 25
60 2 18 25
61 1 4 5
61 2 17 25
61 2 18 25
62 1 4 5
62 2 17 25
62 2 18 25
63 1 4 5
63 2 17 25
63 2 18 25
64 1 4 5
64 2 17 25
64 2 18 25
65 1 4 5
65 2 17 25
65 2 18 25
66 1 4 5
66 2 17 25
66 2 18 25
67 1 4 5
67 2 17 25
67 2 18 25
68 1 4 5
68 2 17 25
68 2 18 25
69 1 4 5
69 2 17 25
69 2 18 25
70 1 4 5
70 2 17 25
70 2 18 25
71 1 4 5
71 2 17 25
71 2 18 25
72 1 4 5
72 2 17 25
72 2 18 25
73 1 4 5
73 2 17 25
73 2 18 25
74 1 4 5
74 2 17 25
74 2 18 25
75 1 4 5
75 2 17 25
75 2 18 25
76 1 4 5
76 2 17 25
76 2 18 25
77 1 4 5
77 2 17 25
77 2 18 25
78 1 4 5
78 2 17 25
78 2 18 25
79 1 4 5
79 2 17 25
79 2 18 25
80 1 4 5
80 2 17 25
80 2 18 25
81 1 4 5
81 2 17 25
81 2 18 25
82 1 4 5
82 2 17 25
82 2 18 25
83 1 4 5
83 2 17 25
83 2 18 25
84 1 4 5
84 2 17 25
84 2 18 25
85 1 4 5
85 2 17 25
85 2 18 25
86 1 4 5
86 2 17 25
86 2 18 25
87 1 4 5
87 2 17 25
87 2 18 25
88 1 4 5
88 2 17 25
88 2 18 25
89 1 4 5
89 2 17 25
89 2 18 25
90 1 4 5
90 2 17 25
90 2 18 25
91 1 4 5
91 2 17 25
91 2 18 25
92 1 4 5
92 2 17 25
92 2 18 25
93 1 4 5
93 2 17 25
93 2 18 25
94 1 4 5
94 2 17 25
94 2 18 25
95 1 4 5
95 2 17 25
95 2 18 25
96 1 4 5
96 2 17 25
96 2 18 25
97 1 4 5
97 2 17 25
97 2 18 25
98 1 4 5
98 2 17 25
98 2 18 25
99 1 4 5
99 2 17 25
99 2 18 25
100 1 4 5
100 2 17 25
100 2 18 25
101 1 4 5
101 2 17 25
101 2 18 25
102 1 4 5
102 2 17 25
102 2 18 25
103 1 4 5
103 2 17 25
103 2 18 25
104 1 4 5
104 2 17 25
104 2 18 25
105 1 4 5
105 2 17 25
105 2 18 25
106 1 4 5
106 2 17 25
106 2 18 25
107 1 4 5
107 2 17 25
107 2 18 25
108 1 4 5
108 2 17 25
108 2 18 25
109 1 4 5
109 2 17 25
109 2 18 25
110 1 4 5
110 2 17 25
110 2 18 25
111 1 4 5
111 2 17 25
111 2 18 25
112 1 4 5
112 2 17 25
112 2 18 25
113 1 4 5
113 2 17 25
113 2 18 25
114 1 4 5
114 2 17 25
114 2 18 25
115 1 4 5
115 2 17 25
115 2 18 25
116 1 4 5
116 2 17 25
116 2 18 25
117 1 4 5
117 2 17 25
117 2 18 25
118 1 4 5
118 2 17 25
118 2 18 25
119 1 4 5
119 2 17 25
119 2 18 25
120 1 4 5
120 2 17 25
120 2 18 25
121 1 4 5
121 2 17 25
121 2 18 25
122 1 4 5
122 2 17 25
122 2 18 25
123 1 4 5
123 2 17 25
123 2 18 25
124 1 4 5
124 2 17 25
124 2 18 25
125 1 4 5
125 2 17 25
125 2 18 25
126 1 4 5
126 2 17 25
126 2 18 25
127 1 4 5
127 2 17 25
127 2 18 25
128 1 4 5
128 2 17 25
128 2 18 25
129 1 4 5
129 2 17 25
129 2 18 25
130 1 4 5
130 2 17 25
130 2 18 25
131 1 4 5
131 2 17 25
131 2 18 25
132 1 4 5
132 2 17 25
132 2 18 25
133 1 4 5
133 2 17 25
133 2 18 25
134 1 4 5
134 2 17 25
134 2 18 25
135 1 4 5
135 2 17 25
135 2 18 25
136 1 4 5
136 2 17 25
136 2 18 25
137 1 4 5
137 2 17 25
137 2 18 25
138 1 4 5
138 2 17 25
138 2 18 25
139 1 4 5
139 2 17 25
139 2 18 25
140 1 4 5
140 2 17 25
140 2 18 25
141 1 4 5
141 2 17 25
141 2 18 25
142 1 4 5
142 2 17 25
142 2 18 25
143 1 4 5
143 2 17 25
143 2 18 25
144 1 4 5
144 2 17 25
144 2 18 25
145 1 4 5
145 2 17 25
145 2 18 25
146 1 4 5
146 2 17 25
146 2 18 25
147 1 4 5
147 2 17 25
147 2 18 25
148 1 4 5
148 2 17 25
148 2 18 25
149 1 4 5
149 2 17 25
149 2 18 25
150 1 4 5
150 2 17 25
150 2 18 25
151 1 4 5
151 2 17 25
151 2 18 25
152 1 4 5
152 2 17 25
152 2 18 25
153 1 4 5
153 2 17 25
153 2 18 25
154 1 4 5
154 2 17 25
154 2 18 25
155 1 4 5
155 2 17 25
155 2 18 25
156 1 4 5
156 2 17 25
156 2 18 25
157 1 4 5
157 2 17 25
157 2 18 25
158 1 4 5
158 2 17 25
158 2 18 25
159 1 4 5
159 2 17 25
159 2 18 25
160 1 4 5
160 2 17 25
160 2 18 25
161 1 4 5
161 2 17 25
161 2 18 25
162 1 4 5
162 2 17 25
162 2 18 25
163 1 4 5
163 2 17 25
163 2 18 25
164 1 4 5
164 2 17 25
164 2 18 25
165 1 4 5
165 2 17 25
165 2 18 25
166 1 4 5
166 2 17 25
166 2 18 25
167 1 4 5
167 2 17 25
167 2 18 25
168 1 4 5
168 2 17 25
168 2 18 25
169 1 4 5
169 2 17 25
169 2 18 25
170 1 4 5
170 2 17 25
170 2 18 25
171 1 4 5
171 2 17 25
171 2 18 25
172 1 4 5
172 2 17 25
172 2 18 25
173 1 4 5
173 2 17 25
173 2 18 25
174 1 4 5
174 2 17 25
174 2 18 25
175 1 4 5
175 2 17 25
175 2 18 25
176 1 4 5
176 2 17 25
176 2 18 25
177 1 4 5
177 2 17 25
177 2 18 25
178 1 4 5
178 2 17 25
178 2 18 25
179 1 4 5
179 2 17 25
179 2 18 25
180 1 4 5
180 2 17 25
180 2 18 25
181 1 4 5
181 2 17 25
181 2 18 25
182 1 4 5
182 2 17 25
182 2 18 25
183 1 4 5
183 2 17 25
183 2 18 25
184 1 4 5
184 2 17 25
184 2 18 25
185 1 4 5
185 2 17 25
185 2 18 25
186 1 4 5
186 2 17 25
186 2 18 25
187 1 4 5
187 2 17 25
187 2 18 25
188 1 4 5
188 2 17 25
188 2 18 25
189 1 4 5
189 2 17 25
189 2 18 25
190 1 4 5
190 2 17 25
190 2 18 25
191 1 4 5
191 2 17 25
191 2 18 25
192 1 4 5
192 2 17 25
192 2 18 25
193 1 4 5
193 2 17 25
193 2 18 25
194 1 4 5
194 2 17 25
194 2 18 25
195 1 4 5
195 2 17 25
195 2 18 25
196 1 4 5
196 2 17 25
196 2 18 25
197 1 4 5
197 2 17 25
197 2 18 25
198 1 4 5
198 2 17 25
198 2 18 25
199 1 4 5
199 2 17 25
199 2 18 25
200 1 4 5
200 2 17 25
200 2 18 25
201 1 4 10
201 2 14 70
201 2 15 70
201 2 16 70
201 3 21 205
201 3 22 205
201 4 23 55
201 4 24 55
201 4 25 55
201 5 26 135
201 5 27 135
201 6 28 90
201 6 29 90
201 6 30 90
202 1 4 10
202 2 14 70
202 2 15 70
202 2 16 70
202 3 21 205
202 3 22 205
202 4 23 55
202 4 24 55
202 4 25 55
202 5 26 135
202 5 27 135
202 6 28 90
202 6 29 90
202 6 30 90
203 1 4 10
203 2 14 70
203 2 15 70
203 2 16 70
203 3 21 205
203 3 22 205
203 4 23 55
203 4 24 55
203 4 25 55
203 5 26 135
203 5 27 135
203 6 28 90
203 6 29 90
203 6 30 90
204 1 4 10
204 2 14 70
204 2 15 70
204 2 16 70
204 3 21 205
204 3 22 205
204 4 23 55
204 4 24 55
204 4 25 55
204 5 26 135
204 5 27 135
204 6 28 90
204 6 29 90
204 6 30 90
205 1 4 10
205 2 14 70
205 2 15 70
205 2 16 70
205 3 21 205
205 3 22 205
205 4 23 55
205 4 24 55
205 4 25 55
205 5 26 135
205 5 27 135
205 6 28 90
205 6 29 90
205 6 30 90
206 1 4 10
206 2 14 70
206 2 15 70
206 2 16 70
206 3 21 205
206 3 22 205
206 4 23 55
206 4 24 55
206 4 25 55
206 5 26 135
206 5 27 135
206 6 28 90
206 6 29 90
206 6 30 90
207 1 4 10
207 2 14 70
207 2 15 70
207 2 16 70
207 3 21 205
207 3 22 205
207 4 23 55
207 4 24 55
207 4 25 55
207 5 26 135
207 5 27 135
207 6 28 90
207 6 29 90
207 6 30 90
208 1 4 10
208 2 14 70
208 2 15 70
208 2 16 70
208 3 21 205
208 3 22 205
208 4 23 55
208 4 24 55
208 4 25 55
208 5 26 135
208 5 27 135
208 6 28 90
208 6 29 90
208 6 30 90
209 1 4 10
209 2 14 70
209 2 15 70
209 2 16 70
209 3 21 205
209 3 22 205
209 4 23 55
209 4 24 55
209 4 25 55
209 5 26 135
209 5 27 135
209 6 28 90
209 6 29 90
209 6 30 90
210 1 4 10
210 2 14 70
210 2 15 70
210 2 16 70
210 3 21 205
210 3 22 205
210 4 23 55
210 4 24 55
210 4 25 55
210 5 26 135
210 5 27 135
210 6 28 90
210 6 29 90
210 6 30 90
211 1 4 10
211 2 14 70
211 2 15 70
211 2 16 70
211 3 21 205
211 3 22 205
211 4 23 55
211 4 24 55
211 4 25 55
211 5 26 135
211 5 27 135
211 6 28 90
211 6 29 90
211 6 30 90
212 1 4 10
212 2 14 70
212 2 15 70
212 2 16 70
212 3 21 205
212 3 22 205
212 4 23 55
212 4 24 55
212 4 25 55
212 5 26 135
212 5 27 135
212 6 28 90
212 6 29 90
212 6 30 90
213 1 4 10
213 2 14 70
213 2 15 70
213 2 16 70
213 3 21 205
213 3 22 205
213 4 23 55
213 4 24 55
213 4 25 55
213 5 26 135
213 5 27 135
213 6 28 90
213 6 29 90
213 6 30 90
214 1 4 10
214 2 14 70
214 2 15 70
214 2 16 70
214 3 21 205
214 3 22 205
214 4 23 55
214 4 24 55
214 4 25 55
214 5 26 135
214 5 27 135
214 6 28 90
214 6 29 90
214 6 30 90
215 1 4 10
215 2 14 70
215 2 15 70
215 2 16 70
215 3 21 205
215 3 22 205
215 4 23 55
215 4 24 55
215 4 25 55
215 5 26 135
215 5 27 135
215 6 28 90
215 6 29 90
215 6 30 90
216 1 4 10
216 2 14 70
216 2 15 70
216 2 16 70
216 3 21 205
216 3 22 205
216 4 23 55
216 4 24 55
216 4 25 55
216 5 26 135
216 5 27 135
216 6 28 90
216 6 29 90
216 6 30 90
217 1 4 10
217 2 14 70
217 2 15 70
217 2 16 70
217 3 21 205
217 3 22 205
217 4 23 55
217 4 24 55
217 4 25 55
217 5 26 135
217 5 27 135
217 6 28 90
217 6 29 90
217 6 30 90
218 1 4 10
218 2 14 70
218 2 15 70
218 2 16 70
218 3 21 205
218 3 22 205
218 4 23 55
218 4 24 55
218 4 25 55
218 5 26 135
218 5 27 135
218 6 28 90
218 6 29 90
218 6 30 90
219 1 4 10
219 2 14 70
219 2 15 70
219 2 16 70
219 3 21 205
219 3 22 205
219 4 23 55
219 4 24 55
219 4 25 55
219 5 26 135
219 5 27 135
219 6 28 90
219 6 29 90
219 6 30 90
220 1 4 10
220 2 14 70
220 2 15 70
220 2 16 70
220 3 21 205
220 3 22 205
220 4 23 55
220 4 24 55
220 4 25 55
220 5 26 135
220 5 27 135
220 6 28 90
220 6 29 90
220 6 30 90
221 1 4 10
221 2 14 70
221 2 15 70
221 2 16 70
221 3 21 205
221 3 22 205
221 4 23 55
221 4 24 55
221 4 25 55
221 5 26 135
221 5 27 135
221 6 28 90
221 6 29 90
221 6 30 90
222 1 4 10
222 2 14 70
222 2 15 70
222 2 16 70
222 3 21 205
222 3 22 205
222 4 23 55
222 4 24 55
222 4 25 55
222 5 26 135
222 5 27 135
222 6 28 90
222 6 29 90
222 6 30 90
223 1 4 10
223 2 14 70
223 2 15 70
223 2 16 70
223 3 21 205
223 3 22 205
223 4 23 55
223 4 24 55
223 4 25 55
223 5 26 135
223 5 27 135
223 6 28 90
223 6 29 90
223 6 30 90
224 1 4 10
224 2 14 70
224 2 15 70
224 2 16 70
224 3 21 205
224 3 22 205
224 4 23 55
224 4 24 55
224 4 25 55
224 5 26 135
224 5 27 135
224 6 28 90
224 6 29 90
224 6 30 90
225 1 4 10
225 2 14 70
225 2 15 70
225 2 16 70
225 3 21 205
225 3 22 205
225 4 23 55
225 4 24 55
225 4 25 55
225 5 26 135
225 5 27 135
225 6 28 90
225 6 29 90
225 6 30 90
226 1 4 10
226 2 14 70
226 2 15 70
226 2 16 70
226 3 21 205
226 3 22 205
226 4 23 55
226 4 24 55
226 4 25 55
226 5 26 135
226 5 27 135
226 6 28 90
226 6 29 90
226 6 30 90
227 1 4 10
227 2 14 70
227 2 15 70
227 2 16 70
227 3 21 205
227 3 22 205
227 4 23 55
227 4 24 55
227 4 25 55
227 5 26 135
227 5 27 135
227 6 28 90
227 6 29 90
227 6 30 90
228 1 4 10
228 2 14 70
228 2 15 70
228 2 16 70
228 3 21 205
228 3 22 205
228 4 23 55
228 4 24 55
228 4 25 55
228 5 26 135
228 5 27 135
228 6 28 90
228 6 29 90
228 6 30 90
229 1 4 10
229 2 14 70
229 2 15 70
229 2 16 70
229 3 21 205
229 3 22 205
229 4 23 55
229 4 24 55
229 4 25 55
229 5 26 135
229 5 27 135
229 6 28 90
229 6 29 90
229 6 30 90
230 1 4 10
230 2 14 70
230 2 15 70
230 2 16 70
230 3 21 205
230 3 22 205
230 4 23 55
230 4 24 55
230 4 25 55
230 5 26 135
230 5 27 135
230 6 28 90
230 6 29 90
230 6 30 90
231 1 4 10
231 2 14 70
231 2 15 70
231 2 16 70
231 3 21 205
231 3 22 205
231 4 23 55
231 4 24 55
231 4 25 55
231 5 26 135
231 5 27 135
231 6 28 90
231 6 29 90
231 6 30 90
232 1 4 10
232 2 14 70
232 2 15 70
232 2 16 70
232 3 21 205
232 3 22 205
232 4 23 55
232 4 24 55
232 4 25 55
232 5 26 135
232 5 27 135
232 6 28 90
232 6 29 90
232 6 30 90
233 1 4 10
233 2 14 70
233 2 15 70
233 2 16 70
233 3 21 205
233 3 22 205
233 4 23 55
233 4 24 55
233 4 25 55
233 5 26 135
233 5 27 135
233 6 28 90
233 6 29 90
233 6 30 90
234 1 4 10
234 2 14 70
234 2 15 70
234 2 16 70
234 3 21 205
234 3 22 205
234 4 23 55
234 4 24 55
234 4 25 55
234 5 26 135
234 5 27 135
234 6 28 90
234 6 29 90
234 6 30 90
235 1 4 10
235 2 14 70
235 2 15 70
235 2 16 70
235 3 21 205
235 3 22 205
235 4 23 55
235 4 24 55
235 4 25 55
235 5 26 135
235 5 27 135
235 6 28 90
235 6 29 90
235 6 30 90
236 1 4 10
236 2 14 70
236 2 15 70
236 2 16 70
236 3 21 205
236 3 22 205
236 4 23 55
236 4 24 55
236 4 25 55
236 5 26 135
236 5 27 135
236 6 28 90
236 6 29 90
236 6 30 90
237 1 4 10
237 2 14 70
237 2 15 70
237 2 16 70
237 3 21 205
237 3 22 205
237 4 23 55
237 4 24 55
237 4 25 55
237 5 26 135
237 5 27 135
237 6 28 90
237 6 29 90
237 6 30 90
238 1 4 10
238 2 14 70
238 2 15 70
238 2 16 70
238 3 21 205
238 3 22 205
238 4 23 55
238 4 24 55
238 4 25 55
238 5 26 135
238 5 27 135
238 6 28 90
238 6 29 90
238 6 30 90
239 1 4 10
239 2 14 70
239 2 15 70
239 2 16 70
239 3 21 205
239 3 22 205
239 4 23 55
239 4 24 55
239 4 25 55
239 5 26 135
239 5 27 135
239 6 28 90
239 6 29 90
239 6 30 90
240 1 4 10
240 2 14 70
240 2 15 70
240 2 16 70
240 3 21 205
240 3 22 205
240 4 23 55
240 4 24 55
240 4 25 55
240 5 26 135
240 5 27 135
240 6 28 90
240 6 29 90
240 6 30 90
241 1 4 10
241 2 14 70
241 2 15 70
241 2 16 70
241 3 21 205
241 3 22 205
241 4 23 55
241 4 24 55
241 4 25 55
241 5 26 135
241 5 27 135
241 6 28 90
241 6 29 90
241 6 30 90
242 1 4 10
242 2 14 70
242 2 15 70
242 2 16 70
242 3 21 205
242 3 22 205
242 4 23 55
242 4 24 55
242 4 25 55
242 5 26 135
242 5 27 135
242 6 28 90
242 6 29 90
242 6 30 90
243 1 4 10
243 2 14 70
243 2 15 70
243 2 16 70
243 3 21 205
243 3 22 205
243 4 23 55
243 4 24 55
243 4 25 55
243 5 26 135
243 5 27 135
243 6 28 90
243 6 29 90
243 6 30 90
244 1 4 10
244 2 14 70
244 2 15 70
244 2 16 70
244 3 21 205
244 3 22 205
244 4 23 55
244 4 24 55
244 4 25 55
244 5 26 135
244 5 27 135
244 6 28 90
244 6 29 90
244 6 30 90
245 1 4 10
245 2 14 70
245 2 15 70
245 2 16 70
245 3 21 205
245 3 22 205
245 4 23 55
245 4 24 55
245 4 25 55
245 5 26 135
245 5 27 135
245 6 28 90
245 6 29 90
245 6 30 90
246 1 4 10
246 2 14 70
246 2 15 70
246 2 16 70
246 3 21 205
246 3 22 205
246 4 23 55
246 4 24 55
246 4 25 55
246 5 26 135
246 5 27 135
246 6 28 90
246 6 29 90
246 6 30 90
247 1 4 10
247 2 14 70
247 2 15 70
247 2 16 70
247 3 21 205
247 3 22 205
247 4 23 55
247 4 24 55
247 4 25 55
247 5 26 135
247 5 27 135
247 6 28 90
247 6 29 90
247 6 30 90
248 1 4 10
248 2 14 70
248 2 15 70
248 2 16 70
248 3 21 205
248 3 22 205
248 4 23 55
248 4 24 55
248 4 25 55
248 5 26 135
248 5 27 135
248 6 28 90
248 6 29 90
248 6 30 90
249 1 4 10
249 2 14 70
249 2 15 70
249 2 16 70
249 3 21 205
249 3 22 205
249 4 23 55
249 4 24 55
249 4 25 55
249 5 26 135
249 5 27 135
249 6 28 90
249 6 29 90
249 6 30 90
250 1 4 10
250 2 14 70
250 2 15 70
250 2 16 70
250 3 21 205
250 3 22 205
250 4 23 55
250 4 24 55
250 4 25 55
250 5 26 135
250 5 27 135
250 6 28 90
250 6 29 90
250 6 30 90
251 1 4 10
251 2 14 70
251 2 15 70
251 2 16 70
251 3 21 205
251 3 22 205
251 4 23 55
251 4 24 55
251 4 25 55
251 5 26 135
251 5 27 135
251 6 28 90
251 6 29 90
251 6 30 90
252 1 4 10
252 2 14 70
252 2 15 70
252 2 16 70
252 3 21 205
252 3 22 205
252 4 23 55
252 4 24 55
252 4 25 55
252 5 26 135
252 5 27 135
252 6 28 90
252 6 29 90
252 6 30 90
253 1 4 10
253 2 14 70
253 2 15 70
253 2 16 70
253 3 21 205
253 3 22 205
253 4 23 55
253 4 24 55
253 4 25 55
253 5 26 135
253 5 27 135
253 6 28 90
253 6 29 90
253 6 30 90
254 1 4 10
254 2 14 70
254 2 15 70
254 2 16 70
254 3 21 205
254 3 22 205
254 4 23 55
254 4 24 55
254 4 25 55
254 5 26 135
254 5 27 135
254 6 28 90
254 6 29 90
254 6 30 90
255 1 4 10
255 2 14 70
255 2 15 70
255 2 16 70
255 3 21 205
255 3 22 205
255 4 23 55
255 4 24 55
255 4 25 55
255 5 26 135
255 5 27 135
255 6 28 90
255 6 29 90
255 6 30 90
256 1 4 10
256 2 14 70
256 2 15 70
256 2 16 70
256 3 21 205
256 3 22 205
256 4 23 55
256 4 24 55
256 4 25 55
256 5 26 135
256 5 27 135
256 6 28 90
256 6 29 90
256 6 30 90
257 1 4 10
257 2 14 70
257 2 15 70
257 2 16 70
257 3 21 205
257 3 22 205
257 4 23 55
257 4 24 55
257 4 25 55
257 5 26 135
257 5 27 135
257 6 28 90
257 6 29 90
257 6 30 90
258 1 4 10
258 2 14 70
258 2 15 70
258 2 16 70
258 3 21 205
258 3 22 205
258 4 23 55
258 4 24 55
258 4 25 55
258 5 26 135
258 5 27 135
258 6 28 90
258 6 29 90
258 6 30 90
259 1 4 10
259 2 14 70
259 2 15 70
259 2 16 70
259 3 21 205
259 3 22 205
259 4 23 55
259 4 24 55
259 4 25 55
259 5 26 135
259 5 27 135
259 6 28 90
259 6 29 90
259 6 30 90
260 1 4 10
260 2 14 70
260 2 15 70
260 2 16 70
260 3 21 205
260 3 22 205
260 4 23 55
260 4 24 55
260 4 25 55
260 5 26 135
260 5 27 135
260 6 28 90
260 6 29 90
260 6 30 90
261 1 4 10
261 2 14 70
261 2 15 70
261 2 16 70
261 3 21 205
261 3 22 205
261 4 23 55
261 4 24 55
261 4 25 55
261 5 26 135
261 5 27 135
261 6 28 90
261 6 29 90
261 6 30 90
262 1 4 10
262 2 14 70
262 2 15 70
262 2 16 70
262 3 21 205
262 3 22 205
262 4 23 55
262 4 24 55
262 4 25 55
262 5 26 135
262 5 27 135
262 6 28 90
262 6 29 90
262 6 30 90
263 1 4 10
263 2 14 70
263 2 15 70
263 2 16 70
263 3 21 205
263 3 22 205
263 4 23 55
263 4 24 55
263 4 25 55
263 5 26 135
263 5 27 135
263 6 28 90
263 6 29 90
263 6 30 90
264 1 4 10
264 2 14 70
264 2 15 70
264 2 16 70
264 3 21 205
264 3 22 205
264 4 23 55
264 4 24 55
264 4 25 55
264 5 26 135
264 5 27 135
264 6 28 90
264 6 29 90
264 6 30 90
265 1 4 10
265 2 14 70
265 2 15 70
265 2 16 70
265 3 21 205
265 3 22 205
265 4 23 55
265 4 24 55
265 4 25 55
265 5 26 135
265 5 27 135
265 6 28 90
265 6 29 90
265 6 30 90
266 1 4 10
266 2 14 70
266 2 15 70
266 2 16 70
266 3 21 205
266 3 22 205
266 4 23 55
266 4 24 55
266 4 25 55
266 5 26 135
266 5 27 135
266 6 28 90
266 6 29 90
266 6 30 90
267 1 4 10
267 2 14 70
267 2 15 70
267 2 16 70
267 3 21 205
267 3 22 205
267 4 23 55
267 4 24 55
267 4 25 55
267 5 26 135
267 5 27 135
267 6 28 90
267 6 29 90
267 6 30 90
268 1 4 10
268 2 14 70
268 2 15 70
268 2 16 70
268 3 21 205
268 3 22 205
268 4 23 55
268 4 24 55
268 4 25 55
268 5 26 135
268 5 27 135
268 6 28 90
268 6 29 90
268 6 30 90
269 1 4 10
269 2 14 70
269 2 15 70
269 2 16 70
269 3 21 205
269 3 22 205
269 4 23 55
269 4 24 55
269 4 25 55
269 5 26 135
269 5 27 135
269 6 28 90
269 6 29 90
269 6 30 90
270 1 4 10
270 2 14 70
270 2 15 70
270 2 16 70
270 3 21 205
270 3 22 205
270 4 23 55
270 4 24 55
270 4 25 55
270 5 26 135
270 5 27 135
270 6 28 90
270 6 29 90
270 6 30 90
271 1 4 10
271 2 14 70
271 2 15 70
271 2 16 70
271 3 21 205
271 3 22 205
271 4 23 55
271 4 24 55
271 4 25 55
271 5 26 135
271 5 27 135
271 6 28 90
271 6 29 90
271 6 30 90
272 1 4 10
272 2 14 70
272 2 15 70
272 2 16 70
272 3 21 205
272 3 22 205
272 4 23 55
272 4 24 55
272 4 25 55
272 5 26 135
272 5 27 135
272 6 28 90
272 6 29 90
272 6 30 90
273 1 4 10
273 2 14 70
273 2 15 70
273 2 16 70
273 3 21 205
273 3 22 205
273 4 23 55
273 4 24 55
273 4 25 55
273 5 26 135
273 5 27 135
273 6 28 90
273 6 29 90
273 6 30 90
274 1 4 10
274 2 14 70
274 2 15 70
274 2 16 70
274 3 21 205
274 3 22 205
274 4 23 55
274 4 24 55
274 4 25 55
274 5 26 135
274 5 27 135
274 6 28 90
274 6 29 90
274 6 30 90
275 1 4 10
275 2 14 70
275 2 15 70
275 2 16 70
275 3 21 205
275 3 22 205
275 4 23 55
275 4 24 55
275 4 25 55
275 5 26 135
275 5 27 135
275 6 28 90
275 6 29 90
275 6 30 90
276 1 4 10
276 2 14 70
276 2 15 70
276 2 16 70
276 3 21 205
276 3 22 205
276 4 23 55
276 4 24 55
276 4 25 55
276 5 26 135
276 5 27 135
276 6 28 90
276 6 29 90
276 6 30 90
277 1 4 10
277 2 14 70
277 2 15 70
277 2 16 70
277 3 21 205
277 3 22 205
277 4 23 55
277 4 24 55
277 4 25 55
277 5 26 135
277 5 27 135
277 6 28 90
277 6 29 90
277 6 30 90
278 1 4 10
278 2 14 70
278 2 15 70
278 2 16 70
278 3 21 205
278 3 22 205
278 4 23 55
278 4 24 55
278 4 25 55
278 5 26 135
278 5 27 135
278 6 28 90
278 6 29 90
278 6 30 90
279 1 4 10
279 2 14 70
279 2 15 70
279 2 16 70
279 3 21 205
279 3 22 205
279 4 23 55
279 4 24 55
279 4 25 55
279 5 26 135
279 5 27 135
279 6 28 90
279 6 29 90
279 6 30 90
280 1 4 10
280 2 14 70
280 2 15 70
280 2 16 70
280 3 21 205
280 3 22 205
280 4 23 55
280 4 24 55
280 4 25 55
280 5 26 135
280 5 27 135
280 6 28 90
280 6 29 90
280 6 30 90
281 1 4 10
281 2 14 70
281 2 15 70
281 2 16 70
281 3 21 205
281 3 22 205
281 4 23 55
281 4 24 55
281 4 25 55
281 5 26 135
281 5 27 135
281 6 28 90
281 6 29 90
281 6 30 90
282 1 4 10
282 2 14 70
282 2 15 70
282 2 16 70
282 3 21 205
282 3 22 205
282 4 23 55
282 4 24 55
282 4 25 55
282 5 26 135
282 5 27 135
282 6 28 90
282 6 29 90
282 6 30 90
283 1 4 10
283 2 14 70
283 2 15 70
283 2 16 70
283 3 21 205
283 3 22 205
283 4 23 55
283 4 24 55
283 4 25 55
283 5 26 135
283 5 27 135
283 6 28 90
283 6 29 90
283 6 30 90
284 1 4 10
284 2 14 70
284 2 15 70
284 2 16 70
284 3 21 205
284 3 22 205
284 4 23 55
284 4 24 55
284 4 25 55
284 5 26 135
284 5 27 135
284 6 28 90
284 6 29 90
284 6 30 90
285 1 4 10
285 2 14 70
285 2 15 70
285 2 16 70
285 3 21 205
285 3 22 205
285 4 23 55
285 4 24 55
285 4 25 55
285 5 26 135
285 5 27 135
285 6 28 90
285 6 29 90
285 6 30 90
286 1 4 10
286 2 14 70
286 2 15 70
286 2 16 70
286 3 21 205
286 3 22 205
286 4 23 55
286 4 24 55
286 4 25 55
286 5 26 135
286 5 27 135
286 6 28 90
286 6 29 90
286 6 30 90
287 1 4 10
287 2 14 70
287 2 15 70
287 2 16 70
287 3 21 205
287 3 22 205
287 4 23 55
287 4 24 55
287 4 25 55
287 5 26 135
287 5 27 135
287 6 28 90
287 6 29 90
287 6 30 90
288 1 4 10
288 2 14 70
288 2 15 70
288 2 16 70
288 3 21 205
288 3 22 205
288 4 23 55
288 4 24 55
288 4 25 55
288 5 26 135
288 5 27 135
288 6 28 90
288 6 29 90
288 6 30 90
289 1 4 10
289 2 14 70
289 2 15 70
289 2 16 70
289 3 21 205
289 3 22 205
289 4 23 55
289 4 24 55
289 4 25 55
289 5 26 135
289 5 27 135
289 6 28 90
289 6 29 90
289 6 30 90
290 1 4 10
290 2 14 70
290 2 15 70
290 2 16 70
290 3 21 205
290 3 22 205
290 4 23 55
290 4 24 55
290 4 25 55
290 5 26 135
290 5 27 135
290 6 28 90
290 6 29 90
290 6 30 90
291 1 4 10
291 2 14 70
291 2 15 70
291 2 16 70
291 3 21 205
291 3 22 205
291 4 23 55
291 4 24 55
291 4 25 55
291 5 26 135
291 5 27 135
291 6 28 90
291 6 29 90
291 6 30 90
292 1 4 10
292 2 14 70
292 2 15 70
292 2 16 70
292 3 21 205
292 3 22 205
292 4 23 55
292 4 24 55
292 4 25 55
292 5 26 135
292 5 27 135
292 6 28 90
292 6 29 90
292 6 30 90
293 1 4 10
293 2 14 70
293 2 15 70
293 2 16 70
293 3 21 205
293 3 22 205
293 4 23 55
293 4 24 55
293 4 25 55
293 5 26 135
293 5 27 135
293 6 28 90
293 6 29 90
293 6 30 90
294 1 4 10
294 2 14 70
294 2 15 70
294 2 16 70
294 3 21 205
294 3 22 205
294 4 23 55
294 4 24 55
294 4 25 55
294 5 26 135
294 5 27 135
294 6 28 90
294 6 29 90
294 6 30 90
295 1 4 10
295 2 14 70
295 2 15 70
295 2 16 70
295 3 21 205
295 3 22 205
295 4 23 55
295 4 24 55
295 4 25 55
295 5 26 135
295 5 27 135
295 6 28 90
295 6 29 90
295 6 30 90
296 1 4 10
296 2 14 70
296 2 15 70
296 2 16 70
296 3 21 205
296 3 22 205
296 4 23 55
296 4 24 55
296 4 25 55
296 5 26 135
296 5 27 135
296 6 28 90
296 6 29 90
296 6 30 90
297 1 4 10
297 2 14 70
297 2 15 70
297 2 16 70
297 3 21 205
297 3 22 205
297 4 23 55
297 4 24 55
297 4 25 55
297 5 26 135
297 5 27 135
297 6 28 90
297 6 29 90
297 6 30 90
298 1 4 10
298 2 14 70
298 2 15 70
298 2 16 70
298 3 21 205
298 3 22 205
298 4 23 55
298 4 24 55
298 4 25 55
298 5 26 135
298 5 27 135
298 6 28 90
298 6 29 90
298 6 30 90
299 1 4 10
299 2 14 70
299 2 15 70
299 2 16 70
299 3 21 205
299 3 22 205
299 4 23 55
299 4 24 55
299 4 25 55
299 5 26 135
299 5 27 135
299 6 28 90
299 6 29 90
299 6 30 90
300 1 4 10
300 2 14 70
300 2 15 70
300 2 16 70
300 3 21 205
300 3 22 205
300 4 23 55
300 4 24 55
300 4 25 55
300 5 26 135
300 5 27 135
300 6 28 90
300 6 29 90
300 6 30 90
301 1 4 10
301 2 14 70
301 2 15 70
301 2 16 70
301 3 21 205
301 3 22 205
301 4 23 55
301 4 24 55
301 4 25 55
301 5 26 135
301 5 27 135
301 6 28 90
301 6 29 90
301 6 30 90
302 1 4 10
302 2 14 70
302 2 15 70
302 2 16 70
302 3 21 205
302 3 22 205
302 4 23 55
302 4 24 55
302 4 25 55
302 5 26 135
302 5 27 135
302 6 28 90
302 6 29 90
302 6 30 90
303 1 4 10
303 2 14 70
303 2 15 70
303 2 16 70
303 3 21 205
303 3 22 205
303 4 23 55
303 4 24 55
303 4 25 55
303 5 26 135
303 5 27 135
303 6 28 90
303 6 29 90
303 6 30 90
304 1 4 10
304 2 14 70
304 2 15 70
304 2 16 70
304 3 21 205
304 3 22 205
304 4 23 55
304 4 24 55
304 4 25 55
304 5 26 135
304 5 27 135
304 6 28 90
304 6 29 90
304 6 30 90
305 1 4 10
305 2 14 70
305 2 15 70
305 2 16 70
305 3 21 205
305 3 22 205
305 4 23 55
305 4 24 55
305 4 25 55
305 5 26 135
305 5 27 135
305 6 28 90
305 6 29 90
305 6 30 90
306 1 4 10
306 2 14 70
306 2 15 70
306 2 16 70
306 3 21 205
306 3 22 205
306 4 23 55
306 4 24 55
306 4 25 55
306 5 26 135
306 5 27 135
306 6 28 90
306 6 29 90
306 6 30 90
307 1 4 10
307 2 14 70
307 2 15 70
307 2 16 70
307 3 21 205
307 3 22 205
307 4 23 55
307 4 24 55
307 4 25 55
307 5 26 135
307 5 27 135
307 6 28 90
307 6 29 90
307 6 30 90
308 1 4 10
308 2 14 70
308 2 15 70
308 2 16 70
308 3 21 205
308 3 22 205
308 4 23 55
308 4 24 55
308 4 25 55
308 5 26 135
308 5 27 135
308 6 28 90
308 6 29 90
308 6 30 90
309 1 4 10
309 2 14 70
309 2 15 70
309 2 16 70
309 3 21 205
309 3 22 205
309 4 23 55
309 4 24 55
309 4 25 55
309 5 26 135
309 5 27 135
309 6 28 90
309 6 29 90
309 6 30 90
310 1 4 10
310 2 14 70
310 2 15 70
310 2 16 70
310 3 21 205
310 3 22 205
310 4 23 55
310 4 24 55
310 4 25 55
310 5 26 135
310 5 27 135
310 6 28 90
310 6 29 90
310 6 30 90
311 1 4 10
311 2 14 70
311 2 15 70
311 2 16 70
311 3 21 205
311 3 22 205
311 4 23 55
311 4 24 55
311 4 25 55
311 5 26 135
311 5 27 135
311 6 28 90
311 6 29 90
311 6 30 90
312 1 4 10
312 2 14 70
312 2 15 70
312 2 16 70
312 3 21 205
312 3 22 205
312 4 23 55
312 4 24 55
312 4 25 55
312 5 26 135
312 5 27 135
312 6 28 90
312 6 29 90
312 6 30 90
313 1 4 10
313 2 14 70
313 2 15 70
313 2 16 70
313 3 21 205
313 3 22 205
313 4 23 55
313 4 24 55
313 4 25 55
313 5 26 135
313 5 27 135
313 6 28 90
313 6 29 90
313 6 30 90
314 1 4 10
314 2 14 70
314 2 15 70
314 2 16 70
314 3 21 205
314 3 22 205
314 4 23 55
314 4 24 55
314 4 25 55
314 5 26 135
314 5 27 135
314 6 28 90
314 6 29 90
314 6 30 90
315 1 4 10
315 2 14 70
315 2 15 70
315 2 16 70
315 3 21 205
315 3 22 205
315 4 23 55
315 4 24 55
315 4 25 55
315 5 26 135
315 5 27 135
315 6 28 90
315 6 29 90
315 6 30 90
316 1 4 10
316 2 14 70
316 2 15 70
316 2 16 70
316 3 21 205
316 3 22 205
316 4 23 55
316 4 24 55
316 4 25 55
316 5 26 135
316 5 27 135
316 6 28 90
316 6 29 90
316 6 30 90
317 1 4 10
317 2 14 70
317 2 15 70
317 2 16 70
317 3 21 205
317 3 22 205
317 4 23 55
317 4 24 55
317 4 25 55
317 5 26 135
317 5 27 135
317 6 28 90
317 6 29 90
317 6 30 90
318 1 4 10
318 2 14 70
318 2 15 70
318 2 16 70
318 3 21 205
318 3 22 205
318 4 23 55
318 4 24 55
318 4 25 55
318 5 26 135
318 5 27 135
318 6 28 90
318 6 29 90
318 6 30 90
319 1 4 10
319 2 14 70
319 2 15 70
319 2 16 70
319 3 21 205
319 3 22 205
319 4 23 55
319 4 24 55
319 4 25 55
319 5 26 135
319 5 27 135
319 6 28 90
319 6 29 90
319 6 30 90
320 1 4 10
320 2 14 70
320 2 15 70
320 2 16 70
320 3 21 205
320 3 22 205
320 4 23 55
320 4 24 55
320 4 25 55
320 5 26 135
320 5 27 135
320 6 28 90
320 6 29 90
320 6 30 90
321 1 4 10
321 2 14 70
321 2 15 70
321 2 16 70
321 3 21 205
321 3 22 205
321 4 23 55
321 4 24 55
321 4 25 55
321 5 26 135
321 5 27 135
321 6 28 90
321 6 29 90
321 6 30 90
322 1 4 10
322 2 14 70
322 2 15 70
322 2 16 70
322 3 21 205
322 3 22 205
322 4 23 55
322 4 24 55
322 4 25 55
322 5 26 135
322 5 27 135
322 6 28 90
322 6 29 90
322 6 30 90
323 1 4 10
323 2 14 70
323 2 15 70
323 2 16 70
323 3 21 205
323 3 22 205
323 4 23 55
323 4 24 55
323 4 25 55
323 5 26 135
323 5 27 135
323 6 28 90
323 6 29 90
323 6 30 90
324 1 4 10
324 2 14 70
324 2 15 70
324 2 16 70
324 3 21 205
324 3 22 205
324 4 23 55
324 4 24 55
324 4 25 55
324 5 26 135
324 5 27 135
324 6 28 90
324 6 29 90
324 6 30 90
325 1 4 10
325 2 14 70
325 2 15 70
325 2 16 70
325 3 21 205
325 3 22 205
325 4 23 55
325 4 24 55
325 4 25 55
325 5 26 135
325 5 27 135
325 6 28 90
325 6 29 90
325 6 30 90
326 1 4 10
326 2 14 70
326 2 15 70
326 2 16 70
326 3 21 205
326 3 22 205
326 4 23 55
326 4 24 55
326 4 25 55
326 5 26 135
326 5 27 135
326 6 28 90
326 6 29 90
326 6 30 90
327 1 4 10
327 2 14 70
327 2 15 70
327 2 16 70
327 3 21 205
327 3 22 205
327 4 23 55
327 4 24 55
327 4 25 55
327 5 26 135
327 5 27 135
327 6 28 90
327 6 29 90
327 6 30 90
328 1 4 10
328 2 14 70
328 2 15 70
328 2 16 70
328 3 21 205
328 3 22 205
328 4 23 55
328 4 24 55
328 4 25 55
328 5 26 135
328 5 27 135
328 6 28 90
328 6 29 90
328 6 30 90
329 1 4 10
329 2 14 70
329 2 15 70
329 2 16 70
329 3 21 205
329 3 22 205
329 4 23 55
329 4 24 55
329 4 25 55
329 5 26 135
329 5 27 135
329 6 28 90
329 6 29 90
329 6 30 90
330 1 4 10
330 2 14 70
330 2 15 70
330 2 16 70
330 3 21 205
330 3 22 205
330 4 23 55
330 4 24 55
330 4 25 55
330 5 26 135
330 5 27 135
330 6 28 90
330 6 29 90
330 6 30 90
331 1 4 10
331 2 14 70
331 2 15 70
331 2 16 70
331 3 21 205
331 3 22 205
331 4 23 55
331 4 24 55
331 4 25 55
331 5 26 135
331 5 27 135
331 6 28 90
331 6 29 90
331 6 30 90
332 1 4 10
332 2 14 70
332 2 15 70
332 2 16 70
332 3 21 205
332 3 22 205
332 4 23 55
332 4 24 55
332 4 25 55
332 5 26 135
332 5 27 135
332 6 28 90
332 6 29 90
332 6 30 90
333 1 4 10
333 2 14 70
333 2 15 70
333 2 16 70
333 3 21 205
333 3 22 205
333 4 23 55
333 4 24 55
333 4 25 55
333 5 26 135
333 5 27 135
333 6 28 90
333 6 29 90
333 6 30 90
334 1 4 10
334 2 14 70
334 2 15 70
334 2 16 70
334 3 21 205
334 3 22 205
334 4 23 55
334 4 24 55
334 4 25 55
334 5 26 135
334 5 27 135
334 6 28 90
334 6 29 90
334 6 30 90
335 1 4 10
335 2 14 70
335 2 15 70
335 2 16 70
335 3 21 205
335 3 22 205
335 4 23 55
335 4 24 55
335 4 25 55
335 5 26 135
335 5 27 135
335 6 28 90
335 6 29 90
335 6 30 90
336 1 4 10
336 2 14 70
336 2 15 70
336 2 16 70
336 3 21 205
336 3 22 205
336 4 23 55
336 4 24 55
336 4 25 55
336 5 26 135
336 5 27 135
336 6 28 90
336 6 29 90
336 6 30 90
337 1 4 10
337 2 14 70
337 2 15 70
337 2 16 70
337 3 21 205
337 3 22 205
337 4 23 55
337 4 24 55
337 4 25 55
337 5 26 135
337 5 27 135
337 6 28 90
337 6 29 90
337 6 30 90
338 1 4 10
338 2 14 70
338 2 15 70
338 2 16 70
338 3 21 205
338 3 22 205
338 4 23 55
338 4 24 55
338 4 25 55
338 5 26 135
338 5 27 135
338 6 28 90
338 6 29 90
338 6 30 90
339 1 4 10
339 2 14 70
339 2 15 70
339 2 16 70
339 3 21 205
339 3 22 205
339 4 23 55
339 4 24 55
339 4 25 55
339 5 26 135
339 5 27 135
339 6 28 90
339 6 29 90
339 6 30 90
340 1 4 10
340 2 14 70
340 2 15 70
340 2 16 70
340 3 21 205
340 3 22 205
340 4 23 55
340 4 24 55
340 4 25 55
340 5 26 135
340 5 27 135
340 6 28 90
340 6 29 90
340 6 30 90
341 1 4 10
341 2 14 70
341 2 15 70
341 2 16 70
341 3 21 205
341 3 22 205
341 4 23 55
341 4 24 55
341 4 25 55
341 5 26 135
341 5 27 135
341 6 28 90
341 6 29 90
341 6 30 90
342 1 4 10
342 2 14 70
342 2 15 70
342 2 16 70
342 3 21 205
342 3 22 205
342 4 23 55
342 4 24 55
342 4 25 55
342 5 26 135
342 5 27 135
342 6 28 90
342 6 29 90
342 6 30 90
343 1 4 10
343 2 14 70
343 2 15 70
343 2 16 70
343 3 21 205
343 3 22 205
343 4 23 55
343 4 24 55
343 4 25 55
343 5 26 135
343 5 27 135
343 6 28 90
343 6 29 90
343 6 30 90
344 1 4 10
344 2 14 70
344 2 15 70
344 2 16 70
344 3 21 205
344 3 22 205
344 4 23 55
344 4 24 55
344 4 25 55
344 5 26 135
344 5 27 135
344 6 28 90
344 6 29 90
344 6 30 90
345 1 4 10
345 2 14 70
345 2 15 70
345 2 16 70
345 3 21 205
345 3 22 205
345 4 23 55
345 4 24 55
345 4 25 55
345 5 26 135
345 5 27 135
345 6 28 90
345 6 29 90
345 6 30 90
346 1 4 10
346 2 14 70
346 2 15 70
346 2 16 70
346 3 21 205
346 3 22 205
346 4 23 55
346 4 24 55
346 4 25 55
346 5 26 135
346 5 27 135
346 6 28 90
346 6 29 90
346 6 30 90
347 1 4 10
347 2 14 70
347 2 15 70
347 2 16 70
347 3 21 205
347 3 22 205
347 4 23 55
347 4 24 55
347 4 25 55
347 5 26 135
347 5 27 135
347 6 28 90
347 6 29 90
347 6 30 90
348 1 4 10
348 2 14 70
348 2 15 70
348 2 16 70
348 3 21 205
348 3 22 205
348 4 23 55
348 4 24 55
348 4 25 55
348 5 26 135
348 5 27 135
348 6 28 90
348 6 29 90
348 6 30 90
349 1 4 10
349 2 14 70
349 2 15 70
349 2 16 70
349 3 21 205
349 3 22 205
349 4 23 55
349 4 24 55
349 4 25 55
349 5 26 135
349 5 27 135
349 6 28 90
349 6 29 90
349 6 30 90
350 1 4 10
350 2 14 70
350 2 15 70
350 2 16 70
350 3 21 205
350 3 22 205
350 4 23 55
350 4 24 55
350 4 25 55
350 5 26 135
350 5 27 135
350 6 28 90
350 6 29 90
350 6 30 90
351 1 4 10
351 2 14 70
351 2 15 70
351 2 16 70
351 3 21 205
351 3 22 205
351 4 23 55
351 4 24 55
351 4 25 55
351 5 26 135
351 5 27 135
351 6 28 90
351 6 29 90
351 6 30 90
352 1 4 10
352 2 14 70
352 2 15 70
352 2 16 70
352 3 21 205
352 3 22 205
352 4 23 55
352 4 24 55
352 4 25 55
352 5 26 135
352 5 27 135
352 6 28 90
352 6 29 90
352 6 30 90
353 1 4 10
353 2 14 70
353 2 15 70
353 2 16 70
353 3 21 205
353 3 22 205
353 4 23 55
353 4 24 55
353 4 25 55
353 5 26 135
353 5 27 135
353 6 28 90
353 6 29 90
353 6 30 90
354 1 4 10
354 2 14 70
354 2 15 70
354 2 16 70
354 3 21 205
354 3 22 205
354 4 23 55
354 4 24 55
354 4 25 55
354 5 26 135
354 5 27 135
354 6 28 90
354 6 29 90
354 6 30 90
355 1 4 10
355 2 14 70
355 2 15 70
355 2 16 70
355 3 21 205
355 3 22 205
355 4 23 55
355 4 24 55
355 4 25 55
355 5 26 135
355 5 27 135
355 6 28 90
355 6 29 90
355 6 30 90
356 1 4 10
356 2 14 70
356 2 15 70
356 2 16 70
356 3 21 205
356 3 22 205
356 4 23 55
356 4 24 55
356 4 25 55
356 5 26 135
356 5 27 135
356 6 28 90
356 6 29 90
356 6 30 90
357 1 4 10
357 2 14 70
357 2 15 70
357 2 16 70
357 3 21 205
357 3 22 205
357 4 23 55
357 4 24 55
357 4 25 55
357 5 26 135
357 5 27 135
357 6 28 90
357 6 29 90
357 6 30 90
358 1 4 10
358 2 14 70
358 2 15 70
358 2 16 70
358 3 21 205
358 3 22 205
358 4 23 55
358 4 24 55
358 4 25 55
358 5 26 135
358 5 27 135
358 6 28 90
358 6 29 90
358 6 30 90
359 1 4 10
359 2 14 70
359 2 15 70
359 2 16 70
359 3 21 205
359 3 22 205
359 4 23 55
359 4 24 55
359 4 25 55
359 5 26 135
359 5 27 135
359 6 28 90
359 6 29 90
359 6 30 90
360 1 4 10
360 2 14 70
360 2 15 70
360 2 16 70
360 3 21 205
360 3 22 205
360 4 23 55
360 4 24 55
360 4 25 55
360 5 26 135
360 5 27 135
360 6 28 90
360 6 29 90
360 6 30 90
361 1 4 10
361 2 14 70
361 2 15 70
361 2 16 70
361 3 21 205
361 3 22 205
361 4 23 55
361 4 24 55
361 4 25 55
361 5 26 135
361 5 27 135
361 6 28 90
361 6 29 90
361 6 30 90
362 1 4 10
362 2 14 70
362 2 15 70
362 2 16 70
362 3 21 205
362 3 22 205
362 4 23 55
362 4 24 55
362 4 25 55
362 5 26 135
362 5 27 135
362 6 28 90
362 6 29 90
362 6 30 90
363 1 4 10
363 2 14 70
363 2 15 70
363 2 16 70
363 3 21 205
363 3 22 205
363 4 23 55
363 4 24 55
363 4 25 55
363 5 26 135
363 5 27 135
363 6 28 90
363 6 29 90
363 6 30 90
364 1 4 10
364 2 14 70
364 2 15 70
364 2 16 70
364 3 21 205
364 3 22 205
364 4 23 55
364 4 24 55
364 4 25 55
364 5 26 135
364 5 27 135
364 6 28 90
364 6 29 90
364 6 30 90
365 1 4 10
365 2 14 70
365 2 15 70
365 2 16 70
365 3 21 205
365 3 22 205
365 4 23 55
365 4 24 55
365 4 25 55
365 5 26 135
365 5 27 135
365 6 28 90
365 6 29 90
365 6 30 90
366 1 4 10
366 2 14 70
366 2 15 70
366 2 16 70
366 3 21 205
366 3 22 205
366 4 23 55
366 4 24 55
366 4 25 55
366 5 26 135
366 5 27 135
366 6 28 90
366 6 29 90
366 6 30 90
367 1 4 10
367 2 14 70
367 2 15 70
367 2 16 70
367 3 21 205
367 3 22 205
367 4 23 55
367 4 24 55
367 4 25 55
367 5 26 135
367 5 27 135
367 6 28 90
367 6 29 90
367 6 30 90
368 1 4 10
368 2 14 70
368 2 15 70
368 2 16 70
368 3 21 205
368 3 22 205
368 4 23 55
368 4 24 55
368 4 25 55
368 5 26 135
368 5 27 135
368 6 28 90
368 6 29 90
368 6 30 90
369 1 4 10
369 2 14 70
369 2 15 70
369 2 16 70
369 3 21 205
369 3 22 205
369 4 23 55
369 4 24 55
369 4 25 55
369 5 26 135
369 5 27 135
369 6 28 90
369 6 29 90
369 6 30 90
370 1 4 10
370 2 14 70
370 2 15 70
370 2 16 70
370 3 21 205
370 3 22 205
370 4 23 55
370 4 24 55
370 4 25 55
370 5 26 135
370 5 27 135
370 6 28 90
370 6 29 90
370 6 30 90
371 1 4 10
371 2 14 70
371 2 15 70
371 2 16 70
371 3 21 205
371 3 22 205
371 4 23 55
371 4 24 55
371 4 25 55
371 5 26 135
371 5 27 135
371 6 28 90
371 6 29 90
371 6 30 90
372 1 4 10
372 2 14 70
372 2 15 70
372 2 16 70
372 3 21 205
372 3 22 205
372 4 23 55
372 4 24 55
372 4 25 55
372 5 26 135
372 5 27 135
372 6 28 90
372 6 29 90
372 6 30 90
373 1 4 10
373 2 14 70
373 2 15 70
373 2 16 70
373 3 21 205
373 3 22 205
373 4 23 55
373 4 24 55
373 4 25 55
373 5 26 135
373 5 27 135
373 6 28 90
373 6 29 90
373 6 30 90
374 1 4 10
374 2 14 70
374 2 15 70
374 2 16 70
374 3 21 205
374 3 22 205
374 4 23 55
374 4 24 55
374 4 25 55
374 5 26 135
374 5 27 135
374 6 28 90
374 6 29 90
374 6 30 90
375 1 4 10
375 2 14 70
375 2 15 70
375 2 16 70
375 3 21 205
375 3 22 205
375 4 23 55
375 4 24 55
375 4 25 55
375 5 26 135
375 5 27 135
375 6 28 90
375 6 29 90
375 6 30 90
376 1 2 15
376 1 3 15
376 2 14 20
376 2 15 20
376 2 16 20
376 3 21 120
376 3 22 120
376 4 23 60
376 4 24 60
376 4 25 60
376 5 26 70
376 5 27 70
376 6 28 70
376 6 29 70
376 6 30 70
377 1 2 15
377 1 3 15
377 2 14 20
377 2 15 20
377 2 16 20
377 3 21 120
377 3 22 120
377 4 23 60
377 4 24 60
377 4 25 60
377 5 26 70
377 5 27 70
377 6 28 70
377 6 29 70
377 6 30 70
378 1 2 15
378 1 3 15
378 2 14 20
378 2 15 20
378 2 16 20
378 3 21 120
378 3 22 120
378 4 23 60
378 4 24 60
378 4 25 60
378 5 26 70
378 5 27 70
378 6 28 70
378 6 29 70
378 6 30 70
379 1 2 15
379 1 3 15
379 2 14 20
379 2 15 20
379 2 16 20
379 3 21 120
379 3 22 120
379 4 23 60
379 4 24 60
379 4 25 60
379 5 26 70
379 5 27 70
379 6 28 70
379 6 29 70
379 6 30 70
380 1 2 15
380 1 3 15
380 2 14 20
380 2 15 20
380 2 16 20
380 3 21 120
380 3 22 120
380 4 23 60
380 4 24 60
380 4 25 60
380 5 26 70
380 5 27 70
380 6 28 70
380 6 29 70
380 6 30 70
381 1 2 15
381 1 3 15
381 2 14 20
381 2 15 20
381 2 16 20
381 3 21 120
381 3 22 120
381 4 23 60
381 4 24 60
381 4 25 60
381 5 26 70
381 5 27 70
381 6 28 70
381 6 29 70
381 6 30 70
382 1 2 15
382 1 3 15
382 2 14 20
382 2 15 20
382 2 16 20
382 3 21 120
382 3 22 120
382 4 23 60
382 4 24 60
382 4 25 60
382 5 26 70
382 5 27 70
382 6 28 70
382 6 29 70
382 6 30 70
383 1 2 15
383 1 3 15
383 2 14 20
383 2 15 20
383 2 16 20
383 3 21 120
383 3 22 120
383 4 23 60
383 4 24 60
383 4 25 60
383 5 26 70
383 5 27 70
383 6 28 70
383 6 29 70
383 6 30 70
384 1 2 15
384 1 3 15
384 2 14 20
384 2 15 20
384 2 16 20
384 3 21 120
384 3 22 120
384 4 23 60
384 4 24 60
384 4 25 60
384 5 26 70
384 5 27 70
384 6 28 70
384 6 29 70
384 6 30 70
385 1 2 15
385 1 3 15
385 2 14 20
385 2 15 20
385 2 16 20
385 3 21 120
385 3 22 120
385 4 23 60
385 4 24 60
385 4 25 60
385 5 26 70
385 5 27 70
385 6 28 70
385 6 29 70
385 6 30 70
386 1 2 15
386 1 3 15
386 2 14 20
386 2 15 20
386 2 16 20
386 3 21 120
386 3 22 120
386 4 23 60
386 4 24 60
386 4 25 60
386 5 26 70
386 5 27 70
386 6 28 70
386 6 29 70
386 6 30 70
387 1 2 15
387 1 3 15
387 2 14 20
387 2 15 20
387 2 16 20
387 3 21 120
387 3 22 120
387 4 23 60
387 4 24 60
387 4 25 60
387 5 26 70
387 5 27 70
387 6 28 70
387 6 29 70
387 6 30 70
388 1 2 15
388 1 3 15
388 2 14 20
388 2 15 20
388 2 16 20
388 3 21 120
388 3 22 120
388 4 23 60
388 4 24 60
388 4 25 60
388 5 26 70
388 5 27 70
388 6 28 70
388 6 29 70
388 6 30 70
389 1 2 15
389 1 3 15
389 2 14 20
389 2 15 20
389 2 16 20
389 3 21 120
389 3 22 120
389 4 23 60
389 4 24 60
389 4 25 60
389 5 26 70
389 5 27 70
389 6 28 70
389 6 29 70
389 6 30 70
390 1 2 15
390 1 3 15
390 2 14 20
390 2 15 20
390 2 16 20
390 3 21 120
390 3 22 120
390 4 23 60
390 4 24 60
390 4 25 60
390 5 26 70
390 5 27 70
390 6 28 70
390 6 29 70
390 6 30 70
391 1 2 15
391 1 3 15
391 2 14 20
391 2 15 20
391 2 16 20
391 3 21 120
391 3 22 120
391 4 23 60
391 4 24 60
391 4 25 60
391 5 26 70
391 5 27 70
391 6 28 70
391 6 29 70
391 6 30 70
392 1 2 15
392 1 3 15
392 2 14 20
392 2 15 20
392 2 16 20
392 3 21 120
392 3 22 120
392 4 23 60
392 4 24 60
392 4 25 60
392 5 26 70
392 5 27 70
392 6 28 70
392 6 29 70
392 6 30 70
393 1 2 15
393 1 3 15
393 2 14 20
393 2 15 20
393 2 16 20
393 3 21 120
393 3 22 120
393 4 23 60
393 4 24 60
393 4 25 60
393 5 26 70
393 5 27 70
393 6 28 70
393 6 29 70
393 6 30 70
394 1 2 15
394 1 3 15
394 2 14 20
394 2 15 20
394 2 16 20
394 3 21 120
394 3 22 120
394 4 23 60
394 4 24 60
394 4 25 60
394 5 26 70
394 5 27 70
394 6 28 70
394 6 29 70
394 6 30 70
395 1 2 15
395 1 3 15
395 2 14 20
395 2 15 20
395 2 16 20
395 3 21 120
395 3 22 120
395 4 23 60
395 4 24 60
395 4 25 60
395 5 26 70
395 5 27 70
395 6 28 70
395 6 29 70
395 6 30 70
396 1 2 15
396 1 3 15
396 2 14 20
396 2 15 20
396 2 16 20
396 3 21 120
396 3 22 120
396 4 23 60
396 4 24 60
396 4 25 60
396 5 26 70
396 5 27 70
396 6 28 70
396 6 29 70
396 6 30 70
397 1 2 15
397 1 3 15
397 2 14 20
397 2 15 20
397 2 16 20
397 3 21 120
397 3 22 120
397 4 23 60
397 4 24 60
397 4 25 60
397 5 26 70
397 5 27 70
397 6 28 70
397 6 29 70
397 6 30 70
398 1 2 15
398 1 3 15
398 2 14 20
398 2 15 20
398 2 16 20
398 3 21 120
398 3 22 120
398 4 23 60
398 4 24 60
398 4 25 60
398 5 26 70
398 5 27 70
398 6 28 70
398 6 29 70
398 6 30 70
399 1 2 15
399 1 3 15
399 2 14 20
399 2 15 20
399 2 16 20
399 3 21 120
399 3 22 120
399 4 23 60
399 4 24 60
399 4 25 60
399 5 26 70
399 5 27 70
399 6 28 70
399 6 29 70
399 6 30 70
400 1 2 15
400 1 3 15
400 2 14 20
400 2 15 20
400 2 16 20
400 3 21 120
400 3 22 120
400 4 23 60
400 4 24 60
400 4 25 60
400 5 26 70
400 5 27 70
400 6 28 70
400 6 29 70
400 6 30 70
401 1 2 15
401 1 3 15
401 2 14 20
401 2 15 20
401 2 16 20
401 3 21 120
401 3 22 120
401 4 23 60
401 4 24 60
401 4 25 60
401 5 26 70
401 5 27 70
401 6 28 70
401 6 29 70
401 6 30 70
402 1 2 15
402 1 3 15
402 2 14 20
402 2 15 20
402 2 16 20
402 3 21 120
402 3 22 120
402 4 23 60
402 4 24 60
402 4 25 60
402 5 26 70
402 5 27 70
402 6 28 70
402 6 29 70
402 6 30 70
403 1 2 15
403 1 3 15
403 2 14 20
403 2 15 20
403 2 16 20
403 3 21 120
403 3 22 120
403 4 23 60
403 4 24 60
403 4 25 60
403 5 26 70
403 5 27 70
403 6 28 70
403 6 29 70
403 6 30 70
404 1 2 15
404 1 3 15
404 2 14 20
404 2 15 20
404 2 16 20
404 3 21 120
404 3 22 120
404 4 23 60
404 4 24 60
404 4 25 60
404 5 26 70
404 5 27 70
404 6 28 70
404 6 29 70
404 6 30 70
405 1 2 15
405 1 3 15
405 2 14 20
405 2 15 20
405 2 16 20
405 3 21 120
405 3 22 120
405 4 23 60
405 4 24 60
405 4 25 60
405 5 26 70
405 5 27 70
405 6 28 70
405 6 29 70
405 6 30 70
406 1 2 15
406 1 3 15
406 2 14 20
406 2 15 20
406 2 16 20
406 3 21 120
406 3 22 120
406 4 23 60
406 4 24 60
406 4 25 60
406 5 26 70
406 5 27 70
406 6 28 70
406 6 29 70
406 6 30 70
407 1 2 15
407 1 3 15
407 2 14 20
407 2 15 20
407 2 16 20
407 3 21 120
407 3 22 120
407 4 23 60
407 4 24 60
407 4 25 60
407 5 26 70
407 5 27 70
407 6 28 70
407 6 29 70
407 6 30 70
408 1 2 15
408 1 3 15
408 2 14 20
408 2 15 20
408 2 16 20
408 3 21 120
408 3 22 120
408 4 23 60
408 4 24 60
408 4 25 60
408 5 26 70
408 5 27 70
408 6 28 70
408 6 29 70
408 6 30 70
409 1 2 15
409 1 3 15
409 2 14 20
409 2 15 20
409 2 16 20
409 3 21 120
409 3 22 120
409 4 23 60
409 4 24 60
409 4 25 60
409 5 26 70
409 5 27 70
409 6 28 70
409 6 29 70
409 6 30 70
410 1 2 15
410 1 3 15
410 2 14 20
410 2 15 20
410 2 16 20
410 3 21 120
410 3 22 120
410 4 23 60
410 4 24 60
410 4 25 60
410 5 26 70
410 5 27 70
410 6 28 70
410 6 29 70
410 6 30 70
411 1 2 15
411 1 3 15
411 2 14 20
411 2 15 20
411 2 16 20
411 3 21 120
411 3 22 120
411 4 23 60
411 4 24 60
411 4 25 60
411 5 26 70
411 5 27 70
411 6 28 70
411 6 29 70
411 6 30 70
412 1 2 15
412 1 3 15
412 2 14 20
412 2 15 20
412 2 16 20
412 3 21 120
412 3 22 120
412 4 23 60
412 4 24 60
412 4 25 60
412 5 26 70
412 5 27 70
412 6 28 70
412 6 29 70
412 6 30 70
413 1 2 15
413 1 3 15
413 2 14 20
413 2 15 20
413 2 16 20
413 3 21 120
413 3 22 120
413 4 23 60
413 4 24 60
413 4 25 60
413 5 26 70
413 5 27 70
413 6 28 70
413 6 29 70
413 6 30 70
414 1 2 15
414 1 3 15
414 2 14 20
414 2 15 20
414 2 16 20
414 3 21 120
414 3 22 120
414 4 23 60
414 4 24 60
414 4 25 60
414 5 26 70
414 5 27 70
414 6 28 70
414 6 29 70
414 6 30 70
415 1 2 15
415 1 3 15
415 2 14 20
415 2 15 20
415 2 16 20
415 3 21 120
415 3 22 120
415 4 23 60
415 4 24 60
415 4 25 60
415 5 26 70
415 5 27 70
415 6 28 70
415 6 29 70
415 6 30 70
416 1 2 15
416 1 3 15
416 2 14 20
416 2 15 20
416 2 16 20
416 3 21 120
416 3 22 120
416 4 23 60
416 4 24 60
416 4 25 60
416 5 26 70
416 5 27 70
416 6 28 70
416 6 29 70
416 6 30 70
417 1 2 15
417 1 3 15
417 2 14 20
417 2 15 20
417 2 16 20
417 3 21 120
417 3 22 120
417 4 23 60
417 4 24 60
417 4 25 60
417 5 26 70
417 5 27 70
417 6 28 70
417 6 29 70
417 6 30 70
418 1 2 15
418 1 3 15
418 2 14 20
418 2 15 20
418 2 16 20
418 3 21 120
418 3 22 120
418 4 23 60
418 4 24 60
418 4 25 60
418 5 26 70
418 5 27 70
418 6 28 70
418 6 29 70
418 6 30 70
419 1 2 15
419 1 3 15
419 2 14 20
419 2 15 20
419 2 16 20
419 3 21 120
419 3 22 120
419 4 23 60
419 4 24 60
419 4 25 60
419 5 26 70
419 5 27 70
419 6 28 70
419 6 29 70
419 6 30 70
420 1 2 15
420 1 3 15
420 2 14 20
420 2 15 20
420 2 16 20
420 3 21 120
420 3 22 120
420 4 23 60
420 4 24 60
420 4 25 60
420 5 26 70
420 5 27 70
420 6 28 70
420 6 29 70
420 6 30 70
421 1 2 15
421 1 3 15
421 2 14 20
421 2 15 20
421 2 16 20
421 3 21 120
421 3 22 120
421 4 23 60
421 4 24 60
421 4 25 60
421 5 26 70
421 5 27 70
421 6 28 70
421 6 29 70
421 6 30 70
422 1 2 15
422 1 3 15
422 2 14 20
422 2 15 20
422 2 16 20
422 3 21 120
422 3 22 120
422 4 23 60
422 4 24 60
422 4 25 60
422 5 26 70
422 5 27 70
422 6 28 70
422 6 29 70
422 6 30 70
423 1 2 15
423 1 3 15
423 2 14 20
423 2 15 20
423 2 16 20
423 3 21 120
423 3 22 120
423 4 23 60
423 4 24 60
423 4 25 60
423 5 26 70
423 5 27 70
423 6 28 70
423 6 29 70
423 6 30 70
424 1 2 15
424 1 3 15
424 2 14 20
424 2 15 20
424 2 16 20
424 3 21 120
424 3 22 120
424 4 23 60
424 4 24 60
424 4 25 60
424 5 26 70
424 5 27 70
424 6 28 70
424 6 29 70
424 6 30 70
425 1 2 15
425 1 3 15
425 2 14 20
425 2 15 20
425 2 16 20
425 3 21 120
425 3 22 120
425 4 23 60
425 4 24 60
425 4 25 60
425 5 26 70
425 5 27 70
425 6 28 70
425 6 29 70
425 6 30 70
426 1 2 15
426 1 3 15
426 2 14 20
426 2 15 20
426 2 16 20
426 3 21 120
426 3 22 120
426 4 23 60
426 4 24 60
426 4 25 60
426 5 26 70
426 5 27 70
426 6 28 70
426 6 29 70
426 6 30 70
427 1 2 15
427 1 3 15
427 2 14 20
427 2 15 20
427 2 16 20
427 3 21 120
427 3 22 120
427 4 23 60
427 4 24 60
427 4 25 60
427 5 26 70
427 5 27 70
427 6 28 70
427 6 29 70
427 6 30 70
428 1 2 15
428 1 3 15
428 2 14 20
428 2 15 20
428 2 16 20
428 3 21 120
428 3 22 120
428 4 23 60
428 4 24 60
428 4 25 60
428 5 26 70
428 5 27 70
428 6 28 70
428 6 29 70
428 6 30 70
429 1 2 15
429 1 3 15
429 2 14 20
429 2 15 20
429 2 16 20
429 3 21 120
429 3 22 120
429 4 23 60
429 4 24 60
429 4 25 60
429 5 26 70
429 5 27 70
429 6 28 70
429 6 29 70
429 6 30 70
430 1 2 15
430 1 3 15
430 2 14 20
430 2 15 20
430 2 16 20
430 3 21 120
430 3 22 120
430 4 23 60
430 4 24 60
430 4 25 60
430 5 26 70
430 5 27 70
430 6 28 70
430 6 29 70
430 6 30 70
431 1 2 15
431 1 3 15
431 2 14 20
431 2 15 20
431 2 16 20
431 3 21 120
431 3 22 120
431 4 23 60
431 4 24 60
431 4 25 60
431 5 26 70
431 5 27 70
431 6 28 70
431 6 29 70
431 6 30 70
432 1 2 15
432 1 3 15
432 2 14 20
432 2 15 20
432 2 16 20
432 3 21 120
432 3 22 120
432 4 23 60
432 4 24 60
432 4 25 60
432 5 26 70
432 5 27 70
432 6 28 70
432 6 29 70
432 6 30 70
433 1 2 15
433 1 3 15
433 2 14 20
433 2 15 20
433 2 16 20
433 3 21 120
433 3 22 120
433 4 23 60
433 4 24 60
433 4 25 60
433 5 26 70
433 5 27 70
433 6 28 70
433 6 29 70
433 6 30 70
434 1 2 15
434 1 3 15
434 2 14 20
434 2 15 20
434 2 16 20
434 3 21 120
434 3 22 120
434 4 23 60
434 4 24 60
434 4 25 60
434 5 26 70
434 5 27 70
434 6 28 70
434 6 29 70
434 6 30 70
435 1 2 15
435 1 3 15
435 2 14 20
435 2 15 20
435 2 16 20
435 3 21 120
435 3 22 120
435 4 23 60
435 4 24 60
435 4 25 60
435 5 26 70
435 5 27 70
435 6 28 70
435 6 29 70
435 6 30 70
436 1 2 15
436 1 3 15
436 2 14 20
436 2 15 20
436 2 16 20
436 3 21 120
436 3 22 120
436 4 23 60
436 4 24 60
436 4 25 60
436 5 26 70
436 5 27 70
436 6 28 70
436 6 29 70
436 6 30 70
437 1 2 15
437 1 3 15
437 2 14 20
437 2 15 20
437 2 16 20
437 3 21 120
437 3 22 120
437 4 23 60
437 4 24 60
437 4 25 60
437 5 26 70
437 5 27 70
437 6 28 70
437 6 29 70
437 6 30 70
438 1 2 15
438 1 3 15
438 2 14 20
438 2 15 20
438 2 16 20
438 3 21 120
438 3 22 120
438 4 23 60
438 4 24 60
438 4 25 60
438 5 26 70
438 5 27 70
438 6 28 70
438 6 29 70
438 6 30 70
439 1 2 15
439 1 3 15
439 2 14 20
439 2 15 20
439 2 16 20
439 3 21 120
439 3 22 120
439 4 23 60
439 4 24 60
439 4 25 60
439 5 26 70
439 5 27 70
439 6 28 70
439 6 29 70
439 6 30 70
440 1 2 15
440 1 3 15
440 2 14 20
440 2 15 20
440 2 16 20
440 3 21 120
440 3 22 120
440 4 23 60
440 4 24 60
440 4 25 60
440 5 26 70
440 5 27 70
440 6 28 70
440 6 29 70
440 6 30 70
441 1 2 15
441 1 3 15
441 2 14 20
441 2 15 20
441 2 16 20
441 3 21 120
441 3 22 120
441 4 23 60
441 4 24 60
441 4 25 60
441 5 26 70
441 5 27 70
441 6 28 70
441 6 29 70
441 6 30 70
442 1 2 15
442 1 3 15
442 2 14 20
442 2 15 20
442 2 16 20
442 3 21 120
442 3 22 120
442 4 23 60
442 4 24 60
442 4 25 60
442 5 26 70
442 5 27 70
442 6 28 70
442 6 29 70
442 6 30 70
443 1 2 15
443 1 3 15
443 2 14 20
443 2 15 20
443 2 16 20
443 3 21 120
443 3 22 120
443 4 23 60
443 4 24 60
443 4 25 60
443 5 26 70
443 5 27 70
443 6 28 70
443 6 29 70
443 6 30 70
444 1 2 15
444 1 3 15
444 2 14 20
444 2 15 20
444 2 16 20
444 3 21 120
444 3 22 120
444 4 23 60
444 4 24 60
444 4 25 60
444 5 26 70
444 5 27 70
444 6 28 70
444 6 29 70
444 6 30 70
445 1 2 15
445 1 3 15
445 2 14 20
445 2 15 20
445 2 16 20
445 3 21 120
445 3 22 120
445 4 23 60
445 4 24 60
445 4 25 60
445 5 26 70
445 5 27 70
445 6 28 70
445 6 29 70
445 6 30 70
446 1 2 15
446 1 3 15
446 2 14 20
446 2 15 20
446 2 16 20
446 3 21 120
446 3 22 120
446 4 23 60
446 4 24 60
446 4 25 60
446 5 26 70
446 5 27 70
446 6 28 70
446 6 29 70
446 6 30 70
447 1 2 15
447 1 3 15
447 2 14 20
447 2 15 20
447 2 16 20
447 3 21 120
447 3 22 120
447 4 23 60
447 4 24 60
447 4 25 60
447 5 26 70
447 5 27 70
447 6 28 70
447 6 29 70
447 6 30 70
448 1 2 15
448 1 3 15
448 2 14 20
448 2 15 20
448 2 16 20
448 3 21 120
448 3 22 120
448 4 23 60
448 4 24 60
448 4 25 60
448 5 26 70
448 5 27 70
448 6 28 70
448 6 29 70
448 6 30 70
449 1 2 15
449 1 3 15
449 2 14 20
449 2 15 20
449 2 16 20
449 3 21 120
449 3 22 120
449 4 23 60
449 4 24 60
449 4 25 60
449 5 26 70
449 5 27 70
449 6 28 70
449 6 29 70
449 6 30 70
450 1 2 15
450 1 3 15
450 2 14 20
450 2 15 20
450 2 16 20
450 3 21 120
450 3 22 120
450 4 23 60
450 4 24 60
450 4 25 60
450 5 26 70
450 5 27 70
450 6 28 70
450 6 29 70
450 6 30 70
451 1 2 15
451 1 3 15
451 2 14 20
451 2 15 20
451 2 16 20
451 3 21 120
451 3 22 120
451 4 23 60
451 4 24 60
451 4 25 60
451 5 26 70
451 5 27 70
451 6 28 70
451 6 29 70
451 6 30 70
452 1 2 15
452 1 3 15
452 2 14 20
452 2 15 20
452 2 16 20
452 3 21 120
452 3 22 120
452 4 23 60
452 4 24 60
452 4 25 60
452 5 26 70
452 5 27 70
452 6 28 70
452 6 29 70
452 6 30 70
453 1 2 15
453 1 3 15
453 2 14 20
453 2 15 20
453 2 16 20
453 3 21 120
453 3 22 120
453 4 23 60
453 4 24 60
453 4 25 60
453 5 26 70
453 5 27 70
453 6 28 70
453 6 29 70
453 6 30 70
454 1 2 15
454 1 3 15
454 2 14 20
454 2 15 20
454 2 16 20
454 3 21 120
454 3 22 120
454 4 23 60
454 4 24 60
454 4 25 60
454 5 26 70
454 5 27 70
454 6 28 70
454 6 29 70
454 6 30 70
455 1 2 15
455 1 3 15
455 2 14 20
455 2 15 20
455 2 16 20
455 3 21 120
455 3 22 120
455 4 23 60
455 4 24 60
455 4 25 60
455 5 26 70
455 5 27 70
455 6 28 70
455 6 29 70
455 6 30 70
456 1 2 15
456 1 3 15
456 2 14 20
456 2 15 20
456 2 16 20
456 3 21 120
456 3 22 120
456 4 23 60
456 4 24 60
456 4 25 60
456 5 26 70
456 5 27 70
456 6 28 70
456 6 29 70
456 6 30 70
457 1 2 15
457 1 3 15
457 2 14 20
457 2 15 20
457 2 16 20
457 3 21 120
457 3 22 120
457 4 23 60
457 4 24 60
457 4 25 60
457 5 26 70
457 5 27 70
457 6 28 70
457 6 29 70
457 6 30 70
458 1 2 15
458 1 3 15
458 2 14 20
458 2 15 20
458 2 16 20
458 3 21 120
458 3 22 120
458 4 23 60
458 4 24 60
458 4 25 60
458 5 26 70
458 5 27 70
458 6 28 70
458 6 29 70
458 6 30 70
459 1 2 15
459 1 3 15
459 2 14 20
459 2 15 20
459 2 16 20
459 3 21 120
459 3 22 120
459 4 23 60
459 4 24 60
459 4 25 60
459 5 26 70
459 5 27 70
459 6 28 70
459 6 29 70
459 6 30 70
460 1 2 15
460 1 3 15
460 2 14 20
460 2 15 20
460 2 16 20
460 3 21 120
460 3 22 120
460 4 23 60
460 4 24 60
460 4 25 60
460 5 26 70
460 5 27 70
460 6 28 70
460 6 29 70
460 6 30 70
461 1 2 15
461 1 3 15
461 2 14 20
461 2 15 20
461 2 16 20
461 3 21 120
461 3 22 120
461 4 23 60
461 4 24 60
461 4 25 60
461 5 26 70
461 5 27 70
461 6 28 70
461 6 29 70
461 6 30 70
462 1 2 15
462 1 3 15
462 2 14 20
462 2 15 20
462 2 16 20
462 3 21 120
462 3 22 120
462 4 23 60
462 4 24 60
462 4 25 60
462 5 26 70
462 5 27 70
462 6 28 70
462 6 29 70
462 6 30 70
463 1 2 15
463 1 3 15
463 2 14 20
463 2 15 20
463 2 16 20
463 3 21 120
463 3 22 120
463 4 23 60
463 4 24 60
463 4 25 60
463 5 26 70
463 5 27 70
463 6 28 70
463 6 29 70
463 6 30 70
464 1 2 15
464 1 3 15
464 2 14 20
464 2 15 20
464 2 16 20
464 3 21 120
464 3 22 120
464 4 23 60
464 4 24 60
464 4 25 60
464 5 26 70
464 5 27 70
464 6 28 70
464 6 29 70
464 6 30 70
465 1 2 15
465 1 3 15
465 2 14 20
465 2 15 20
465 2 16 20
465 3 21 120
465 3 22 120
465 4 23 60
465 4 24 60
465 4 25 60
465 5 26 70
465 5 27 70
465 6 28 70
465 6 29 70
465 6 30 70
466 1 2 15
466 1 3 15
466 2 14 20
466 2 15 20
466 2 16 20
466 3 21 120
466 3 22 120
466 4 23 60
466 4 24 60
466 4 25 60
466 5 26 70
466 5 27 70
466 6 28 70
466 6 29 70
466 6 30 70
467 1 2 15
467 1 3 15
467 2 14 20
467 2 15 20
467 2 16 20
467 3 21 120
467 3 22 120
467 4 23 60
467 4 24 60
467 4 25 60
467 5 26 70
467 5 27 70
467 6 28 70
467 6 29 70
467 6 30 70
468 1 2 15
468 1 3 15
468 2 14 20
468 2 15 20
468 2 16 20
468 3 21 120
468 3 22 120
468 4 23 60
468 4 24 60
468 4 25 60
468 5 26 70
468 5 27 70
468 6 28 70
468 6 29 70
468 6 30 70
469 1 2 15
469 1 3 15
469 2 14 20
469 2 15 20
469 2 16 20
469 3 21 120
469 3 22 120
469 4 23 60
469 4 24 60
469 4 25 60
469 5 26 70
469 5 27 70
469 6 28 70
469 6 29 70
469 6 30 70
470 1 2 15
470 1 3 15
470 2 14 20
470 2 15 20
470 2 16 20
470 3 21 120
470 3 22 120
470 4 23 60
470 4 24 60
470 4 25 60
470 5 26 70
470 5 27 70
470 6 28 70
470 6 29 70
470 6 30 70
471 1 2 15
471 1 3 15
471 2 14 20
471 2 15 20
471 2 16 20
471 3 21 120
471 3 22 120
471 4 23 60
471 4 24 60
471 4 25 60
471 5 26 70
471 5 27 70
471 6 28 70
471 6 29 70
471 6 30 70
472 1 2 15
472 1 3 15
472 2 14 20
472 2 15 20
472 2 16 20
472 3 21 120
472 3 22 120
472 4 23 60
472 4 24 60
472 4 25 60
472 5 26 70
472 5 27 70
472 6 28 70
472 6 29 70
472 6 30 70
473 1 2 15
473 1 3 15
473 2 14 20
473 2 15 20
473 2 16 20
473 3 21 120
473 3 22 120
473 4 23 60
473 4 24 60
473 4 25 60
473 5 26 70
473 5 27 70
473 6 28 70
473 6 29 70
473 6 30 70
474 1 2 15
474 1 3 15
474 2 14 20
474 2 15 20
474 2 16 20
474 3 21 120
474 3 22 120
474 4 23 60
474 4 24 60
474 4 25 60
474 5 26 70
474 5 27 70
474 6 28 70
474 6 29 70
474 6 30 70
475 1 2 15
475 1 3 15
475 2 14 20
475 2 15 20
475 2 16 20
475 3 21 120
475 3 22 120
475 4 23 60
475 4 24 60
475 4 25 60
475 5 26 70
475 5 27 70
475 6 28 70
475 6 29 70
475 6 30 70
476 1 2 15
476 1 3 15
476 2 14 20
476 2 15 20
476 2 16 20
476 3 21 120
476 3 22 120
476 4 23 60
476 4 24 60
476 4 25 60
476 5 26 70
476 5 27 70
476 6 28 70
476 6 29 70
476 6 30 70
477 1 2 15
477 1 3 15
477 2 14 20
477 2 15 20
477 2 16 20
477 3 21 120
477 3 22 120
477 4 23 60
477 4 24 60
477 4 25 60
477 5 26 70
477 5 27 70
477 6 28 70
477 6 29 70
477 6 30 70
478 1 2 15
478 1 3 15
478 2 14 20
478 2 15 20
478 2 16 20
478 3 21 120
478 3 22 120
478 4 23 60
478 4 24 60
478 4 25 60
478 5 26 70
478 5 27 70
478 6 28 70
478 6 29 70
478 6 30 70
479 1 2 15
479 1 3 15
479 2 14 20
479 2 15 20
479 2 16 20
479 3 21 120
479 3 22 120
479 4 23 60
479 4 24 60
479 4 25 60
479 5 26 70
479 5 27 70
479 6 28 70
479 6 29 70
479 6 30 70
480 1 2 15
480 1 3 15
480 2 14 20
480 2 15 20
480 2 16 20
480 3 21 120
480 3 22 120
480 4 23 60
480 4 24 60
480 4 25 60
480 5 26 70
480 5 27 70
480 6 28 70
480 6 29 70
480 6 30 70
481 1 2 15
481 1 3 15
481 2 14 20
481 2 15 20
481 2 16 20
481 3 21 120
481 3 22 120
481 4 23 60
481 4 24 60
481 4 25 60
481 5 26 70
481 5 27 70
481 6 28 70
481 6 29 70
481 6 30 70
482 1 2 15
482 1 3 15
482 2 14 20
482 2 15 20
482 2 16 20
482 3 21 120
482 3 22 120
482 4 23 60
482 4 24 60
482 4 25 60
482 5 26 70
482 5 27 70
482 6 28 70
482 6 29 70
482 6 30 70
483 1 2 15
483 1 3 15
483 2 14 20
483 2 15 20
483 2 16 20
483 3 21 120
483 3 22 120
483 4 23 60
483 4 24 60
483 4 25 60
483 5 26 70
483 5 27 70
483 6 28 70
483 6 29 70
483 6 30 70
484 1 2 15
484 1 3 15
484 2 14 20
484 2 15 20
484 2 16 20
484 3 21 120
484 3 22 120
484 4 23 60
484 4 24 60
484 4 25 60
484 5 26 70
484 5 27 70
484 6 28 70
484 6 29 70
484 6 30 70
485 1 2 15
485 1 3 15
485 2 14 20
485 2 15 20
485 2 16 20
485 3 21 120
485 3 22 120
485 4 23 60
485 4 24 60
485 4 25 60
485 5 26 70
485 5 27 70
485 6 28 70
485 6 29 70
485 6 30 70
486 1 2 15
486 1 3 15
486 2 14 20
486 2 15 20
486 2 16 20
486 3 21 120
486 3 22 120
486 4 23 60
486 4 24 60
486 4 25 60
486 5 26 70
486 5 27 70
486 6 28 70
486 6 29 70
486 6 30 70
487 1 2 15
487 1 3 15
487 2 14 20
487 2 15 20
487 2 16 20
487 3 21 120
487 3 22 120
487 4 23 60
487 4 24 60
487 4 25 60
487 5 26 70
487 5 27 70
487 6 28 70
487 6 29 70
487 6 30 70
488 1 2 15
488 1 3 15
488 2 14 20
488 2 15 20
488 2 16 20
488 3 21 120
488 3 22 120
488 4 23 60
488 4 24 60
488 4 25 60
488 5 26 70
488 5 27 70
488 6 28 70
488 6 29 70
488 6 30 70
489 1 2 15
489 1 3 15
489 2 14 20
489 2 15 20
489 2 16 20
489 3 21 120
489 3 22 120
489 4 23 60
489 4 24 60
489 4 25 60
489 5 26 70
489 5 27 70
489 6 28 70
489 6 29 70
489 6 30 70
490 1 2 15
490 1 3 15
490 2 14 20
490 2 15 20
490 2 16 20
490 3 21 120
490 3 22 120
490 4 23 60
490 4 24 60
490 4 25 60
490 5 26 70
490 5 27 70
490 6 28 70
490 6 29 70
490 6 30 70
491 1 2 15
491 1 3 15
491 2 14 20
491 2 15 20
491 2 16 20
491 3 21 120
491 3 22 120
491 4 23 60
491 4 24 60
491 4 25 60
491 5 26 70
491 5 27 70
491 6 28 70
491 6 29 70
491 6 30 70
492 1 2 15
492 1 3 15
492 2 14 20
492 2 15 20
492 2 16 20
492 3 21 120
492 3 22 120
492 4 23 60
492 4 24 60
492 4 25 60
492 5 26 70
492 5 27 70
492 6 28 70
492 6 29 70
492 6 30 70
493 1 2 15
493 1 3 15
493 2 14 20
493 2 15 20
493 2 16 20
493 3 21 120
493 3 22 120
493 4 23 60
493 4 24 60
493 4 25 60
493 5 26 70
493 5 27 70
493 6 28 70
493 6 29 70
493 6 30 70
494 1 2 15
494 1 3 15
494 2 14 20
494 2 15 20
494 2 16 20
494 3 21 120
494 3 22 120
494 4 23 60
494 4 24 60
494 4 25 60
494 5 26 70
494 5 27 70
494 6 28 70
494 6 29 70
494 6 30 70
495 1 2 15
495 1 3 15
495 2 14 20
495 2 15 20
495 2 16 20
495 3 21 120
495 3 22 120
495 4 23 60
495 4 24 60
495 4 25 60
495 5 26 70
495 5 27 70
495 6 28 70
495 6 29 70
495 6 30 70
496 1 2 15
496 1 3 15
496 2 14 20
496 2 15 20
496 2 16 20
496 3 21 120
496 3 22 120
496 4 23 60
496 4 24 60
496 4 25 60
496 5 26 70
496 5 27 70
496 6 28 70
496 6 29 70
496 6 30 70
497 1 2 15
497 1 3 15
497 2 14 20
497 2 15 20
497 2 16 20
497 3 21 120
497 3 22 120
497 4 23 60
497 4 24 60
497 4 25 60
497 5 26 70
497 5 27 70
497 6 28 70
497 6 29 70
497 6 30 70
498 1 2 15
498 1 3 15
498 2 14 20
498 2 15 20
498 2 16 20
498 3 21 120
498 3 22 120
498 4 23 60
498 4 24 60
498 4 25 60
498 5 26 70
498 5 27 70
498 6 28 70
498 6 29 70
498 6 30 70
499 1 2 15
499 1 3 15
499 2 14 20
499 2 15 20
499 2 16 20
499 3 21 120
499 3 22 120
499 4 23 60
499 4 24 60
499 4 25 60
499 5 26 70
499 5 27 70
499 6 28 70
499 6 29 70
499 6 30 70
500 1 2 15
500 1 3 15
500 2 14 20
500 2 15 20
500 2 16 20
500 3 21 120
500 3 22 120
500 4 23 60
500 4 24 60
500 4 25 60
500 5 26 70
500 5 27 70
500 6 28 70
500 6 29 70
500 6 30 70
501 1 2 15
501 1 3 15
501 2 14 20
501 2 15 20
501 2 16 20
501 3 21 120
501 3 22 120
501 4 23 60
501 4 24 60
501 4 25 60
501 5 26 70
501 5 27 70
501 6 28 70
501 6 29 70
501 6 30 70
502 1 2 15
502 1 3 15
502 2 14 20
502 2 15 20
502 2 16 20
502 3 21 120
502 3 22 120
502 4 23 60
502 4 24 60
502 4 25 60
502 5 26 70
502 5 27 70
502 6 28 70
502 6 29 70
502 6 30 70
503 1 2 15
503 1 3 15
503 2 14 20
503 2 15 20
503 2 16 20
503 3 21 120
503 3 22 120
503 4 23 60
503 4 24 60
503 4 25 60
503 5 26 70
503 5 27 70
503 6 28 70
503 6 29 70
503 6 30 70
504 1 2 15
504 1 3 15
504 2 14 20
504 2 15 20
504 2 16 20
504 3 21 120
504 3 22 120
504 4 23 60
504 4 24 60
504 4 25 60
504 5 26 70
504 5 27 70
504 6 28 70
504 6 29 70
504 6 30 70
505 1 2 15
505 1 3 15
505 2 14 20
505 2 15 20
505 2 16 20
505 3 21 120
505 3 22 120
505 4 23 60
505 4 24 60
505 4 25 60
505 5 26 70
505 5 27 70
505 6 28 70
505 6 29 70
505 6 30 70
506 1 2 15
506 1 3 15
506 2 14 20
506 2 15 20
506 2 16 20
506 3 21 120
506 3 22 120
506 4 23 60
506 4 24 60
506 4 25 60
506 5 26 70
506 5 27 70
506 6 28 70
506 6 29 70
506 6 30 70
507 1 2 15
507 1 3 15
507 2 14 20
507 2 15 20
507 2 16 20
507 3 21 120
507 3 22 120
507 4 23 60
507 4 24 60
507 4 25 60
507 5 26 70
507 5 27 70
507 6 28 70
507 6 29 70
507 6 30 70
508 1 2 15
508 1 3 15
508 2 14 20
508 2 15 20
508 2 16 20
508 3 21 120
508 3 22 120
508 4 23 60
508 4 24 60
508 4 25 60
508 5 26 70
508 5 27 70
508 6 28 70
508 6 29 70
508 6 30 70
509 1 2 15
509 1 3 15
509 2 14 20
509 2 15 20
509 2 16 20
509 3 21 120
509 3 22 120
509 4 23 60
509 4 24 60
509 4 25 60
509 5 26 70
509 5 27 70
509 6 28 70
509 6 29 70
509 6 30 70
510 1 2 15
510 1 3 15
510 2 14 20
510 2 15 20
510 2 16 20
510 3 21 120
510 3 22 120
510 4 23 60
510 4 24 60
510 4 25 60
510 5 26 70
510 5 27 70
510 6 28 70
510 6 29 70
510 6 30 70
511 1 2 15
511 1 3 15
511 2 14 20
511 2 15 20
511 2 16 20
511 3 21 120
511 3 22 120
511 4 23 60
511 4 24 60
511 4 25 60
511 5 26 70
511 5 27 70
511 6 28 70
511 6 29 70
511 6 30 70
