415
30
6 6 6 6 6 6 6 6 6 6 6 6 6 6 6 6 6 6 6 6 6 6 6 6 6 6 6 6 6 6 6 6 6 6 6 6 6 6 6 6 6 6 6 6 6 6 6 6 6 6 6 6 6 6 6 6 6 6 6 6 6 6 6 6 6 6 6 6 6 6 6 6 6 6 6 6 6 6 6 6 6 6 6 6 6 6 6 6 6 6 6 6 6 6 6 6 6 6 6 6 6 6 6 6 6 6 6 6 6 6 6 6 6 6 6 6 6 6 6 6 6 6 6 6 6 6 6 6 6 6 6 6 6 6 6 3 3 3 3 3 3 3 3 3 3 3 3 3 3 3 3 3 3 3 3 3 3 3 3 3 3 3 3 3 3 3 3 3 3 3 3 3 3 3 3 3 3 3 3 3 3 3 3 3 3 3 3 3 3 3 3 3 3 3 3 3 3 3 3 3 3 3 3 3 3 3 3 3 3 3 3 3 3 3 3 3 3 3 3 3 3 3 3 3 3 3 3 3 3 3 3 3 3 3 3 3 3 3 3 3 3 3 3 3 3 3 3 3 3 3 3 3 3 3 3 3 3 3 3 3 3 3 3 3 3 3 3 3 3 3 3 3 3 3 3 3 3 3 3 3 3 3 3 3 3 3 3 3 3 3 3 3 3 3 3 3 3 3 3 3 3 3 3 3 3 3 3 3 3 3 3 3 3 3 3 3 3 3 3 3 3 3 3 3 3 3 3 3 3 3 3 3 3 3 3 3 3 3 3 3 3 3 3 3 3 3 3 3 3 3 3 3 3 3 3 3 3 3 3 3 3 3 3 3 3 3 3 3 3 3 3 3 3 3 3 3 3 3 3 3 3 3 3 3 3 3 3 3 3 3 3 3 3 3 3 3 3 3 3 3 3 3 3 3 3 3 3 3 3 3 3 3 3 3 3
28800 28800 28800 28800 28800 28800 28800 28800 28800 28800 28800 28800 28800 28800 28800 28800 28800 28800 28800 28800 28800 28800 28800 28800 28800 28800 28800 28800 28800 28800 28800 28800 28800 28800 28800 28800 28800 28800 28800 28800 28800 28800 28800 28800 28800 28800 28800 28800 28800 28800 28800 28800 28800 28800 28800 28800 28800 28800 28800 28800 28800 28800 28800 28800 28800 28800 28800 28800 28800 28800 28800 28800 28800 28800 28800 28800 28800 28800 28800 28800 28800 28800 28800 28800 28800 28800 28800 28800 28800 28800 28800 28800 28800 28800 28800 28800 28800 28800 28800 28800 28800 28800 28800 28800 28800 28800 28800 28800 28800 28800 28800 28800 28800 28800 28800 28800 28800 28800 28800 28800 28800 28800 28800 28800 28800 28800 28800 28800 28800 28800 28800 28800 28800 28800 28800 28800 28800 28800 28800 28800 28800 28800 28800 28800 28800 28800 28800 28800 28800 28800 28800 28800 28800 28800 28800 28800 28800 28800 28800 28800 28800 28800 28800 28800 28800 28800 28800 28800 28800 28800 28800 28800 28800 28800 28800 28800 28800 28800 28800 28800 28800 28800 28800 28800 28800 28800 28800 28800 28800 28800 28800 28800 28800 28800 28800 28800 28800 28800 28800 28800 28800 28800 28800 28800 28800 28800 28800 28800 28800 28800 28800 28800 28800 28800 28800 28800 28800 28800 28800 28800 28800 28800 28800 28800 28800 28800 28800 28800 28800 28800 28800 28800 28800 28800 28800 28800 28800 28800 28800 28800 28800 28800 28800 28800 28800 28800 28800 28800 28800 28800 28800 28800 28800 28800 28800 28800 28800 28800 28800 28800 28800 28800 28800 28800 28800 28800 28800 28800 28800 28800 28800 28800 28800 28800 28800 28800 28800 28800 28800 28800 28800 28800 28800 28800 28800 28800 28800 28800 28800 28800 28800 28800 28800 28800 28800 28800 28800 28800 28800 28800 28800 28800 28800 28800 28800 28800 28800 28800 28800 28800 28800 28800 28800 28800 28800 28800 28800 28800 28800 28800 28800 28800 28800 28800 28800 28800 28800 28800 28800 28800 28800 28800 28800 28800 28800 28800 28800 28800 28800 28800 28800 28800 28800 28800 28800 28800 28800 28800 28800 28800 28800 28800 28800 28800 28800 28800 28800 28800 28800 28800 28800 28800 28800 28800 28800 28800 28800 28800 28800 28800 28800 28800 28800 28800 28800 28800 28800 28800 28800 28800 28800 28800 28800 28800 28800 28800 28800 28800 28800 28800 28800 28800 28800 28800 28800 28800 28800 28800 28800 28800 28800 28800 28800 28800 28800 28800 28800 28800 28800 28800 28800 28800 28800 28800 28800
1 1 4 20
1 2 14 140
1 2 15 140
1 2 16 140
1 3 21 410
1 3 22 410
1 4 23 110
1 4 24 110
1 4 25 110
1 5 26 270
1 5 27 270
1 6 28 180
1 6 29 180
1 6 30 180
2 1 4 20
2 2 14 140
2 2 15 140
2 2 16 140
2 3 21 410
2 3 22 410
2 4 23 110
2 4 24 110
2 4 25 110
2 5 26 270
2 5 27 270
2 6 28 180
2 6 29 180
2 6 30 180
3 1 4 20
3 2 14 140
3 2 15 140
3 2 16 140
3 3 21 410
3 3 22 410
3 4 23 110
3 4 24 110
3 4 25 110
3 5 26 270
3 5 27 270
3 6 28 180
3 6 29 180
3 6 30 180
4 1 4 20
4 2 14 140
4 2 15 140
4 2 16 140
4 3 21 410
4 3 22 410
4 4 23 110
4 4 24 110
4 4 25 110
4 5 26 270
4 5 27 270
4 6 28 180
4 6 29 180
4 6 30 180
5 1 4 20
5 2 14 140
5 2 15 140
5 2 16 140
5 3 21 410
5 3 22 410
5 4 23 110
5 4 24 110
5 4 25 110
5 5 26 270
5 5 27 270
5 6 28 180
5 6 29 180
5 6 30 180
6 1 4 20
6 2 14 140
6 2 15 140
6 2 16 140
6 3 21 410
6 3 22 410
6 4 23 110
6 4 24 110
6 4 25 110
6 5 26 270
6 5 27 270
6 6 28 180
6 6 29 180
6 6 30 180
7 1 4 20
7 2 14 140
7 2 15 140
7 2 16 140
7 3 21 410
7 3 22 410
7 4 23 110
7 4 24 110
7 4 25 110
7 5 26 270
7 5 27 270
7 6 28 180
7 6 29 180
7 6 30 180
8 1 4 20
8 2 14 140
8 2 15 140
8 2 16 140
8 3 21 410
8 3 22 410
8 4 23 110
8 4 24 110
8 4 25 110
8 5 26 270
8 5 27 270
8 6 28 180
8 6 29 180
8 6 30 180
9 1 4 20
9 2 14 140
9 2 15 140
9 2 16 140
9 3 21 410
9 3 22 410
9 4 23 110
9 4 24 110
9 4 25 110
9 5 26 270
9 5 27 270
9 6 28 180
9 6 29 180
9 6 30 180
10 1 4 20
10 2 14 140
10 2 15 140
10 2 16 140
10 3 21 410
10 3 22 410
10 4 23 110
10 4 24 110
10 4 25 110
10 5 26 270
10 5 27 270
10 6 28 180
10 6 29 180
10 6 30 180
11 1 4 20
11 2 14 140
11 2 15 140
11 2 16 140
11 3 21 410
11 3 22 410
11 4 23 110
11 4 24 110
11 4 25 110
11 5 26 270
11 5 27 270
11 6 28 180
11 6 29 180
11 6 30 180
12 1 4 20
12 2 14 140
12 2 15 140
12 2 16 140
12 3 21 410
12 3 22 410
12 4 23 110
12 4 24 110
12 4 25 110
12 5 26 270
12 5 27 270
12 6 28 180
12 6 29 180
12 6 30 180
13 1 4 20
13 2 14 140
13 2 15 140
13 2 16 140
13 3 21 410
13 3 22 410
13 4 23 110
13 4 24 110
13 4 25 110
13 5 26 270
13 5 27 270
13 6 28 180
13 6 29 180
13 6 30 180
14 1 4 20
14 2 14 140
14 2 15 140
14 2 16 140
14 3 21 410
14 3 22 410
14 4 23 110
14 4 24 110
14 4 25 110
14 5 26 270
14 5 27 270
14 6 28 180
14 6 29 180
14 6 30 180
15 1 4 20
15 2 14 140
15 2 15 140
15 2 16 140
15 3 21 410
15 3 22 410
15 4 23 110
15 4 24 110
15 4 25 110
15 5 26 270
15 5 27 270
15 6 28 180
15 6 29 180
15 6 30 180
16 1 4 20
16 2 14 140
16 2 15 140
16 2 16 140
16 3 21 410
16 3 22 410
16 4 23 110
16 4 24 110
16 4 25 110
16 5 26 270
16 5 27 270
16 6 28 180
16 6 29 180
16 6 30 180
17 1 4 20
17 2 14 140
17 2 15 140
17 2 16 140
17 3 21 410
17 3 22 410
17 4 23 110
17 4 24 110
17 4 25 110
17 5 26 270
17 5 27 270
17 6 28 180
17 6 29 180
17 6 30 180
18 1 4 20
18 2 14 140
18 2 15 140
18 2 16 140
18 3 21 410
18 3 22 410
18 4 23 110
18 4 24 110
18 4 25 110
18 5 26 270
18 5 27 270
18 6 28 180
18 6 29 180
18 6 30 180
19 1 4 20
19 2 14 140
19 2 15 140
19 2 16 140
19 3 21 410
19 3 22 410
19 4 23 110
19 4 24 110
19 4 25 110
19 5 26 270
19 5 27 270
19 6 28 180
19 6 29 180
19 6 30 180
20 1 4 20
20 2 14 140
20 2 15 140
20 2 16 140
20 3 21 410
20 3 22 410
20 4 23 110
20 4 24 110
20 4 25 110
20 5 26 270
20 5 27 270
20 6 28 180
20 6 29 180
20 6 30 180
21 1 4 20
21 2 14 140
21 2 15 140
21 2 16 140
21 3 21 410
21 3 22 410
21 4 23 110
21 4 24 110
21 4 25 110
21 5 26 270
21 5 27 270
21 6 28 180
21 6 29 180
21 6 30 180
22 1 4 20
22 2 14 140
22 2 15 140
22 2 16 140
22 3 21 410
22 3 22 410
22 4 23 110
22 4 24 110
22 4 25 110
22 5 26 270
22 5 27 270
22 6 28 180
22 6 29 180
22 6 30 180
23 1 4 20
23 2 14 140
23 2 15 140
23 2 16 140
23 3 21 410
23 3 22 410
23 4 23 110
23 4 24 110
23 4 25 110
23 5 26 270
23 5 27 270
23 6 28 180
23 6 29 180
23 6 30 180
24 1 4 20
24 2 14 140
24 2 15 140
24 2 16 140
24 3 21 410
24 3 22 410
24 4 23 110
24 4 24 110
24 4 25 110
24 5 26 270
24 5 27 270
24 6 28 180
24 6 29 180
24 6 30 180
25 1 4 20
25 2 14 140
25 2 15 140
25 2 16 140
25 3 21 410
25 3 22 410
25 4 23 110
25 4 24 110
25 4 25 110
25 5 26 270
25 5 27 270
25 6 28 180
25 6 29 180
25 6 30 180
26 1 4 20
26 2 14 140
26 2 15 140
26 2 16 140
26 3 21 410
26 3 22 410
26 4 23 110
26 4 24 110
26 4 25 110
26 5 26 270
26 5 27 270
26 6 28 180
26 6 29 180
26 6 30 180
27 1 4 20
27 2 14 140
27 2 15 140
27 2 16 140
27 3 21 410
27 3 22 410
27 4 23 110
27 4 24 110
27 4 25 110
27 5 26 270
27 5 27 270
27 6 28 180
27 6 29 180
27 6 30 180
28 1 4 20
28 2 14 140
28 2 15 140
28 2 16 140
28 3 21 410
28 3 22 410
28 4 23 110
28 4 24 110
28 4 25 110
28 5 26 270
28 5 27 270
28 6 28 180
28 6 29 180
28 6 30 180
29 1 4 20
29 2 14 140
29 2 15 140
29 2 16 140
29 3 21 410
29 3 22 410
29 4 23 110
29 4 24 110
29 4 25 110
29 5 26 270
29 5 27 270
29 6 28 180
29 6 29 180
29 6 30 180
30 1 4 20
30 2 14 140
30 2 15 140
30 2 16 140
30 3 21 410
30 3 22 410
30 4 23 110
30 4 24 110
30 4 25 110
30 5 26 270
30 5 27 270
30 6 28 180
30 6 29 180
30 6 30 180
31 1 4 20
31 2 14 140
31 2 15 140
31 2 16 140
31 3 21 410
31 3 22 410
31 4 23 110
31 4 24 110
31 4 25 110
31 5 26 270
31 5 27 270
31 6 28 180
31 6 29 180
31 6 30 180
32 1 4 20
32 2 14 140
32 2 15 140
32 2 16 140
32 3 21 410
32 3 22 410
32 4 23 110
32 4 24 110
32 4 25 110
32 5 26 270
32 5 27 270
32 6 28 180
32 6 29 180
32 6 30 180
33 1 4 20
33 2 14 140
33 2 15 140
33 2 16 140
33 3 21 410
33 3 22 410
33 4 23 110
33 4 24 110
33 4 25 110
33 5 26 270
33 5 27 270
33 6 28 180
33 6 29 180
33 6 30 180
34 1 4 20
34 2 14 140
34 2 15 140
34 2 16 140
34 3 21 410
34 3 22 410
34 4 23 110
34 4 24 110
34 4 25 110
34 5 26 270
34 5 27 270
34 6 28 180
34 6 29 180
34 6 30 180
35 1 4 20
35 2 14 140
35 2 15 140
35 2 16 140
35 3 21 410
35 3 22 410
35 4 23 110
35 4 24 110
35 4 25 110
35 5 26 270
35 5 27 270
35 6 28 180
35 6 29 180
35 6 30 180
36 1 4 20
36 2 14 140
36 2 15 140
36 2 16 140
36 3 21 410
36 3 22 410
36 4 23 110
36 4 24 110
36 4 25 110
36 5 26 270
36 5 27 270
36 6 28 180
36 6 29 180
36 6 30 180
37 1 4 20
37 2 14 140
37 2 15 140
37 2 16 140
37 3 21 410
37 3 22 410
37 4 23 110
37 4 24 110
37 4 25 110
37 5 26 270
37 5 27 270
37 6 28 180
37 6 29 180
37 6 30 180
38 1 4 20
38 2 14 140
38 2 15 140
38 2 16 140
38 3 21 410
38 3 22 410
38 4 23 110
38 4 24 110
38 4 25 110
38 5 26 270
38 5 27 270
38 6 28 180
38 6 29 180
38 6 30 180
39 1 4 20
39 2 14 140
39 2 15 140
39 2 16 140
39 3 21 410
39 3 22 410
39 4 23 110
39 4 24 110
39 4 25 110
39 5 26 270
39 5 27 270
39 6 28 180
39 6 29 180
39 6 30 180
40 1 4 20
40 2 14 140
40 2 15 140
40 2 16 140
40 3 21 410
40 3 22 410
40 4 23 110
40 4 24 110
40 4 25 110
40 5 26 270
40 5 27 270
40 6 28 180
40 6 29 180
40 6 30 180
41 1 4 20
41 2 14 140
41 2 15 140
41 2 16 140
41 3 21 410
41 3 22 410
41 4 23 110
41 4 24 110
41 4 25 110
41 5 26 270
41 5 27 270
41 6 28 180
41 6 29 180
41 6 30 180
42 1 4 20
42 2 14 140
42 2 15 140
42 2 16 140
42 3 21 410
42 3 22 410
42 4 23 110
42 4 24 110
42 4 25 110
42 5 26 270
42 5 27 270
42 6 28 180
42 6 29 180
42 6 30 180
43 1 4 20
43 2 14 140
43 2 15 140
43 2 16 140
43 3 21 410
43 3 22 410
43 4 23 110
43 4 24 110
43 4 25 110
43 5 26 270
43 5 27 270
43 6 28 180
43 6 29 180
43 6 30 180
44 1 4 20
44 2 14 140
44 2 15 140
44 2 16 140
44 3 21 410
44 3 22 410
44 4 23 110
44 4 24 110
44 4 25 110
44 5 26 270
44 5 27 270
44 6 28 180
44 6 29 180
44 6 30 180
45 1 4 20
45 2 14 140
45 2 15 140
45 2 16 140
45 3 21 410
45 3 22 410
45 4 23 110
45 4 24 110
45 4 25 110
45 5 26 270
45 5 27 270
45 6 28 180
45 6 29 180
45 6 30 180
46 1 4 20
46 2 14 140
46 2 15 140
46 2 16 140
46 3 21 410
46 3 22 410
46 4 23 110
46 4 24 110
46 4 25 110
46 5 26 270
46 5 27 270
46 6 28 180
46 6 29 180
46 6 30 180
47 1 4 20
47 2 14 140
47 2 15 140
47 2 16 140
47 3 21 410
47 3 22 410
47 4 23 110
47 4 24 110
47 4 25 110
47 5 26 270
47 5 27 270
47 6 28 180
47 6 29 180
47 6 30 180
48 1 4 20
48 2 14 140
48 2 15 140
48 2 16 140
48 3 21 410
48 3 22 410
48 4 23 110
48 4 24 110
48 4 25 110
48 5 26 270
48 5 27 270
48 6 28 180
48 6 29 180
48 6 30 180
49 1 4 20
49 2 14 140
49 2 15 140
49 2 16 140
49 3 21 410
49 3 22 410
49 4 23 110
49 4 24 110
49 4 25 110
49 5 26 270
49 5 27 270
49 6 28 180
49 6 29 180
49 6 30 180
50 1 4 20
50 2 14 140
50 2 15 140
50 2 16 140
50 3 21 410
50 3 22 410
50 4 23 110
50 4 24 110
50 4 25 110
50 5 26 270
50 5 27 270
50 6 28 180
50 6 29 180
50 6 30 180
51 1 4 20
51 2 14 140
51 2 15 140
51 2 16 140
51 3 21 410
51 3 22 410
51 4 23 110
51 4 24 110
51 4 25 110
51 5 26 270
51 5 27 270
51 6 28 180
51 6 29 180
51 6 30 180
52 1 4 20
52 2 14 140
52 2 15 140
52 2 16 140
52 3 21 410
52 3 22 410
52 4 23 110
52 4 24 110
52 4 25 110
52 5 26 270
52 5 27 270
52 6 28 180
52 6 29 180
52 6 30 180
53 1 4 20
53 2 14 140
53 2 15 140
53 2 16 140
53 3 21 410
53 3 22 410
53 4 23 110
53 4 24 110
53 4 25 110
53 5 26 270
53 5 27 270
53 6 28 180
53 6 29 180
53 6 30 180
54 1 4 20
54 2 14 140
54 2 15 140
54 2 16 140
54 3 21 410
54 3 22 410
54 4 23 110
54 4 24 110
54 4 25 110
54 5 26 270
54 5 27 270
54 6 28 180
54 6 29 180
54 6 30 180
55 1 4 20
55 2 14 140
55 2 15 140
55 2 16 140
55 3 21 410
55 3 22 410
55 4 23 110
55 4 24 110
55 4 25 110
55 5 26 270
55 5 27 270
55 6 28 180
55 6 29 180
55 6 30 180
56 1 4 20
56 2 14 140
56 2 15 140
56 2 16 140
56 3 21 410
56 3 22 410
56 4 23 110
56 4 24 110
56 4 25 110
56 5 26 270
56 5 27 270
56 6 28 180
56 6 29 180
56 6 30 180
57 1 4 20
57 2 14 140
57 2 15 140
57 2 16 140
57 3 21 410
57 3 22 410
57 4 23 110
57 4 24 110
57 4 25 110
57 5 26 270
57 5 27 270
57 6 28 180
57 6 29 180
57 6 30 180
58 1 4 20
58 2 14 140
58 2 15 140
58 2 16 140
58 3 21 410
58 3 22 410
58 4 23 110
58 4 24 110
58 4 25 110
58 5 26 270
58 5 27 270
58 6 28 180
58 6 29 180
58 6 30 180
59 1 4 20
59 2 14 140
59 2 15 140
59 2 16 140
59 3 21 410
59 3 22 410
59 4 23 110
59 4 24 110
59 4 25 110
59 5 26 270
59 5 27 270
59 6 28 180
59 6 29 180
59 6 30 180
60 1 4 20
60 2 14 140
60 2 15 140
60 2 16 140
60 3 21 410
60 3 22 410
60 4 23 110
60 4 24 110
60 4 25 110
60 5 26 270
60 5 27 270
60 6 28 180
60 6 29 180
60 6 30 180
61 1 4 20
61 2 14 140
61 2 15 140
61 2 16 140
61 3 21 410
61 3 22 410
61 4 23 110
61 4 24 110
61 4 25 110
61 5 26 270
61 5 27 270
61 6 28 180
61 6 29 180
61 6 30 180
62 1 4 20
62 2 14 140
62 2 15 140
62 2 16 140
62 3 21 410
62 3 22 410
62 4 23 110
62 4 24 110
62 4 25 110
62 5 26 270
62 5 27 270
62 6 28 180
62 6 29 180
62 6 30 180
63 1 4 20
63 2 14 140
63 2 15 140
63 2 16 140
63 3 21 410
63 3 22 410
63 4 23 110
63 4 24 110
63 4 25 110
63 5 26 270
63 5 27 270
63 6 28 180
63 6 29 180
63 6 30 180
64 1 4 20
64 2 14 140
64 2 15 140
64 2 16 140
64 3 21 410
64 3 22 410
64 4 23 110
64 4 24 110
64 4 25 110
64 5 26 270
64 5 27 270
64 6 28 180
64 6 29 180
64 6 30 180
65 1 4 20
65 2 14 140
65 2 15 140
65 2 16 140
65 3 21 410
65 3 22 410
65 4 23 110
65 4 24 110
65 4 25 110
65 5 26 270
65 5 27 270
65 6 28 180
65 6 29 180
65 6 30 180
66 1 4 20
66 2 14 140
66 2 15 140
66 2 16 140
66 3 21 410
66 3 22 410
66 4 23 110
66 4 24 110
66 4 25 110
66 5 26 270
66 5 27 270
66 6 28 180
66 6 29 180
66 6 30 180
67 1 4 20
67 2 14 140
67 2 15 140
67 2 16 140
67 3 21 410
67 3 22 410
67 4 23 110
67 4 24 110
67 4 25 110
67 5 26 270
67 5 27 270
67 6 28 180
67 6 29 180
67 6 30 180
68 1 4 20
68 2 14 140
68 2 15 140
68 2 16 140
68 3 21 410
68 3 22 410
68 4 23 110
68 4 24 110
68 4 25 110
68 5 26 270
68 5 27 270
68 6 28 180
68 6 29 180
68 6 30 180
69 1 4 20
69 2 14 140
69 2 15 140
69 2 16 140
69 3 21 410
69 3 22 410
69 4 23 110
69 4 24 110
69 4 25 110
69 5 26 270
69 5 27 270
69 6 28 180
69 6 29 180
69 6 30 180
70 1 4 20
70 2 14 140
70 2 15 140
70 2 16 140
70 3 21 410
70 3 22 410
70 4 23 110
70 4 24 110
70 4 25 110
70 5 26 270
70 5 27 270
70 6 28 180
70 6 29 180
70 6 30 180
71 1 4 20
71 2 14 140
71 2 15 140
71 2 16 140
71 3 21 410
71 3 22 410
71 4 23 110
71 4 24 110
71 4 25 110
71 5 26 270
71 5 27 270
71 6 28 180
71 6 29 180
71 6 30 180
72 1 4 20
72 2 14 140
72 2 15 140
72 2 16 140
72 3 21 410
72 3 22 410
72 4 23 110
72 4 24 110
72 4 25 110
72 5 26 270
72 5 27 270
72 6 28 180
72 6 29 180
72 6 30 180
73 1 4 20
73 2 14 140
73 2 15 140
73 2 16 140
73 3 21 410
73 3 22 410
73 4 23 110
73 4 24 110
73 4 25 110
73 5 26 270
73 5 27 270
73 6 28 180
73 6 29 180
73 6 30 180
74 1 4 20
74 2 14 140
74 2 15 140
74 2 16 140
74 3 21 410
74 3 22 410
74 4 23 110
74 4 24 110
74 4 25 110
74 5 26 270
74 5 27 270
74 6 28 180
74 6 29 180
74 6 30 180
75 1 4 20
75 2 14 140
75 2 15 140
75 2 16 140
75 3 21 410
75 3 22 410
75 4 23 110
75 4 24 110
75 4 25 110
75 5 26 270
75 5 27 270
75 6 28 180
75 6 29 180
75 6 30 180
76 1 4 20
76 2 14 140
76 2 15 140
76 2 16 140
76 3 21 410
76 3 22 410
76 4 23 110
76 4 24 110
76 4 25 110
76 5 26 270
76 5 27 270
76 6 28 180
76 6 29 180
76 6 30 180
77 1 4 20
77 2 14 140
77 2 15 140
77 2 16 140
77 3 21 410
77 3 22 410
77 4 23 110
77 4 24 110
77 4 25 110
77 5 26 270
77 5 27 270
77 6 28 180
77 6 29 180
77 6 30 180
78 1 4 20
78 2 14 140
78 2 15 140
78 2 16 140
78 3 21 410
78 3 22 410
78 4 23 110
78 4 24 110
78 4 25 110
78 5 26 270
78 5 27 270
78 6 28 180
78 6 29 180
78 6 30 180
79 1 4 20
79 2 14 140
79 2 15 140
79 2 16 140
79 3 21 410
79 3 22 410
79 4 23 110
79 4 24 110
79 4 25 110
79 5 26 270
79 5 27 270
79 6 28 180
79 6 29 180
79 6 30 180
80 1 4 20
80 2 14 140
80 2 15 140
80 2 16 140
80 3 21 410
80 3 22 410
80 4 23 110
80 4 24 110
80 4 25 110
80 5 26 270
80 5 27 270
80 6 28 180
80 6 29 180
80 6 30 180
81 1 4 20
81 2 14 140
81 2 15 140
81 2 16 140
81 3 21 410
81 3 22 410
81 4 23 110
81 4 24 110
81 4 25 110
81 5 26 270
81 5 27 270
81 6 28 180
81 6 29 180
81 6 30 180
82 1 4 20
82 2 14 140
82 2 15 140
82 2 16 140
82 3 21 410
82 3 22 410
82 4 23 110
82 4 24 110
82 4 25 110
82 5 26 270
82 5 27 270
82 6 28 180
82 6 29 180
82 6 30 180
83 1 4 20
83 2 14 140
83 2 15 140
83 2 16 140
83 3 21 410
83 3 22 410
83 4 23 110
83 4 24 110
83 4 25 110
83 5 26 270
83 5 27 270
83 6 28 180
83 6 29 180
83 6 30 180
84 1 4 20
84 2 14 140
84 2 15 140
84 2 16 140
84 3 21 410
84 3 22 410
84 4 23 110
84 4 24 110
84 4 25 110
84 5 26 270
84 5 27 270
84 6 28 180
84 6 29 180
84 6 30 180
85 1 4 20
85 2 14 140
85 2 15 140
85 2 16 140
85 3 21 410
85 3 22 410
85 4 23 110
85 4 24 110
85 4 25 110
85 5 26 270
85 5 27 270
85 6 28 180
85 6 29 180
85 6 30 180
86 1 4 20
86 2 14 140
86 2 15 140
86 2 16 140
86 3 21 410
86 3 22 410
86 4 23 110
86 4 24 110
86 4 25 110
86 5 26 270
86 5 27 270
86 6 28 180
86 6 29 180
86 6 30 180
87 1 4 20
87 2 14 140
87 2 15 140
87 2 16 140
87 3 21 410
87 3 22 410
87 4 23 110
87 4 24 110
87 4 25 110
87 5 26 270
87 5 27 270
87 6 28 180
87 6 29 180
87 6 30 180
88 1 4 20
88 2 14 140
88 2 15 140
88 2 16 140
88 3 21 410
88 3 22 410
88 4 23 110
88 4 24 110
88 4 25 110
88 5 26 270
88 5 27 270
88 6 28 180
88 6 29 180
88 6 30 180
89 1 4 20
89 2 14 140
89 2 15 140
89 2 16 140
89 3 21 410
89 3 22 410
89 4 23 110
89 4 24 110
89 4 25 110
89 5 26 270
89 5 27 270
89 6 28 180
89 6 29 180
89 6 30 180
90 1 4 20
90 2 14 140
90 2 15 140
90 2 16 140
90 3 21 410
90 3 22 410
90 4 23 110
90 4 24 110
90 4 25 110
90 5 26 270
90 5 27 270
90 6 28 180
90 6 29 180
90 6 30 180
91 1 4 20
91 2 14 140
91 2 15 140
91 2 16 140
91 3 21 410
91 3 22 410
91 4 23 110
91 4 24 110
91 4 25 110
91 5 26 270
91 5 27 270
91 6 28 180
91 6 29 180
91 6 30 180
92 1 4 20
92 2 14 140
92 2 15 140
92 2 16 140
92 3 21 410
92 3 22 410
92 4 23 110
92 4 24 110
92 4 25 110
92 5 26 270
92 5 27 270
92 6 28 180
92 6 29 180
92 6 30 180
93 1 4 20
93 2 14 140
93 2 15 140
93 2 16 140
93 3 21 410
93 3 22 410
93 4 23 110
93 4 24 110
93 4 25 110
93 5 26 270
93 5 27 270
93 6 28 180
93 6 29 180
93 6 30 180
94 1 4 20
94 2 14 140
94 2 15 140
94 2 16 140
94 3 21 410
94 3 22 410
94 4 23 110
94 4 24 110
94 4 25 110
94 5 26 270
94 5 27 270
94 6 28 180
94 6 29 180
94 6 30 180
95 1 4 20
95 2 14 140
95 2 15 140
95 2 16 140
95 3 21 410
95 3 22 410
95 4 23 110
95 4 24 110
95 4 25 110
95 5 26 270
95 5 27 270
95 6 28 180
95 6 29 180
95 6 30 180
96 1 4 20
96 2 14 140
96 2 15 140
96 2 16 140
96 3 21 410
96 3 22 410
96 4 23 110
96 4 24 110
96 4 25 110
96 5 26 270
96 5 27 270
96 6 28 180
96 6 29 180
96 6 30 180
97 1 4 20
97 2 14 140
97 2 15 140
97 2 16 140
97 3 21 410
97 3 22 410
97 4 23 110
97 4 24 110
97 4 25 110
97 5 26 270
97 5 27 270
97 6 28 180
97 6 29 180
97 6 30 180
98 1 4 20
98 2 14 140
98 2 15 140
98 2 16 140
98 3 21 410
98 3 22 410
98 4 23 110
98 4 24 110
98 4 25 110
98 5 26 270
98 5 27 270
98 6 28 180
98 6 29 180
98 6 30 180
99 1 4 20
99 2 14 140
99 2 15 140
99 2 16 140
99 3 21 410
99 3 22 410
99 4 23 110
99 4 24 110
99 4 25 110
99 5 26 270
99 5 27 270
99 6 28 180
99 6 29 180
99 6 30 180
100 1 4 20
100 2 14 140
100 2 15 140
100 2 16 140
100 3 21 410
100 3 22 410
100 4 23 110
100 4 24 110
100 4 25 110
100 5 26 270
100 5 27 270
100 6 28 180
100 6 29 180
100 6 30 180
101 1 4 20
101 2 14 140
101 2 15 140
101 2 16 140
101 3 21 410
101 3 22 410
101 4 23 110
101 4 24 110
101 4 25 110
101 5 26 270
101 5 27 270
101 6 28 180
101 6 29 180
101 6 30 180
102 1 4 20
102 2 14 140
102 2 15 140
102 2 16 140
102 3 21 410
102 3 22 410
102 4 23 110
102 4 24 110
102 4 25 110
102 5 26 270
102 5 27 270
102 6 28 180
102 6 29 180
102 6 30 180
103 1 4 20
103 2 14 140
103 2 15 140
103 2 16 140
103 3 21 410
103 3 22 410
103 4 23 110
103 4 24 110
103 4 25 110
103 5 26 270
103 5 27 270
103 6 28 180
103 6 29 180
103 6 30 180
104 1 4 20
104 2 14 140
104 2 15 140
104 2 16 140
104 3 21 410
104 3 22 410
104 4 23 110
104 4 24 110
104 4 25 110
104 5 26 270
104 5 27 270
104 6 28 180
104 6 29 180
104 6 30 180
105 1 4 20
105 2 14 140
105 2 15 140
105 2 16 140
105 3 21 410
105 3 22 410
105 4 23 110
105 4 24 110
105 4 25 110
105 5 26 270
105 5 27 270
105 6 28 180
105 6 29 180
105 6 30 180
106 1 4 20
106 2 14 140
106 2 15 140
106 2 16 140
106 3 21 410
106 3 22 410
106 4 23 110
106 4 24 110
106 4 25 110
106 5 26 270
106 5 27 270
106 6 28 180
106 6 29 180
106 6 30 180
107 1 4 20
107 2 14 140
107 2 15 140
107 2 16 140
107 3 21 410
107 3 22 410
107 4 23 110
107 4 24 110
107 4 25 110
107 5 26 270
107 5 27 270
107 6 28 180
107 6 29 180
107 6 30 180
108 1 4 20
108 2 14 140
108 2 15 140
108 2 16 140
108 3 21 410
108 3 22 410
108 4 23 110
108 4 24 110
108 4 25 110
108 5 26 270
108 5 27 270
108 6 28 180
108 6 29 180
108 6 30 180
109 1 4 20
109 2 14 140
109 2 15 140
109 2 16 140
109 3 21 410
109 3 22 410
109 4 23 110
109 4 24 110
109 4 25 110
109 5 26 270
109 5 27 270
109 6 28 180
109 6 29 180
109 6 30 180
110 1 4 20
110 2 14 140
110 2 15 140
110 2 16 140
110 3 21 410
110 3 22 410
110 4 23 110
110 4 24 110
110 4 25 110
110 5 26 270
110 5 27 270
110 6 28 180
110 6 29 180
110 6 30 180
111 1 4 20
111 2 14 140
111 2 15 140
111 2 16 140
111 3 21 410
111 3 22 410
111 4 23 110
111 4 24 110
111 4 25 110
111 5 26 270
111 5 27 270
111 6 28 180
111 6 29 180
111 6 30 180
112 1 4 20
112 2 14 140
112 2 15 140
112 2 16 140
112 3 21 410
112 3 22 410
112 4 23 110
112 4 24 110
112 4 25 110
112 5 26 270
112 5 27 270
112 6 28 180
112 6 29 180
112 6 30 180
113 1 4 20
113 2 14 140
113 2 15 140
113 2 16 140
113 3 21 410
113 3 22 410
113 4 23 110
113 4 24 110
113 4 25 110
113 5 26 270
113 5 27 270
113 6 28 180
113 6 29 180
113 6 30 180
114 1 4 20
114 2 14 140
114 2 15 140
114 2 16 140
114 3 21 410
114 3 22 410
114 4 23 110
114 4 24 110
114 4 25 110
114 5 26 270
114 5 27 270
114 6 28 180
114 6 29 180
114 6 30 180
115 1 4 20
115 2 14 140
115 2 15 140
115 2 16 140
115 3 21 410
115 3 22 410
115 4 23 110
115 4 24 110
115 4 25 110
115 5 26 270
115 5 27 270
115 6 28 180
115 6 29 180
115 6 30 180
116 1 4 20
116 2 14 140
116 2 15 140
116 2 16 140
116 3 21 410
116 3 22 410
116 4 23 110
116 4 24 110
116 4 25 110
116 5 26 270
116 5 27 270
116 6 28 180
116 6 29 180
116 6 30 180
117 1 4 20
117 2 14 140
117 2 15 140
117 2 16 140
117 3 21 410
117 3 22 410
117 4 23 110
117 4 24 110
117 4 25 110
117 5 26 270
117 5 27 270
117 6 28 180
117 6 29 180
117 6 30 180
118 1 4 20
118 2 14 140
118 2 15 140
118 2 16 140
118 3 21 410
118 3 22 410
118 4 23 110
118 4 24 110
118 4 25 110
118 5 26 270
118 5 27 270
118 6 28 180
118 6 29 180
118 6 30 180
119 1 4 20
119 2 14 140
119 2 15 140
119 2 16 140
119 3 21 410
119 3 22 410
119 4 23 110
119 4 24 110
119 4 25 110
119 5 26 270
119 5 27 270
119 6 28 180
119 6 29 180
119 6 30 180
120 1 4 20
120 2 14 140
120 2 15 140
120 2 16 140
120 3 21 410
120 3 22 410
120 4 23 110
120 4 24 110
120 4 25 110
120 5 26 270
120 5 27 270
120 6 28 180
120 6 29 180
120 6 30 180
121 1 4 20
121 2 14 140
121 2 15 140
121 2 16 140
121 3 21 410
121 3 22 410
121 4 23 110
121 4 24 110
121 4 25 110
121 5 26 270
121 5 27 270
121 6 28 180
121 6 29 180
121 6 30 180
122 1 4 20
122 2 14 140
122 2 15 140
122 2 16 140
122 3 21 410
122 3 22 410
122 4 23 110
122 4 24 110
122 4 25 110
122 5 26 270
122 5 27 270
122 6 28 180
122 6 29 180
122 6 30 180
123 1 4 20
123 2 14 140
123 2 15 140
123 2 16 140
123 3 21 410
123 3 22 410
123 4 23 110
123 4 24 110
123 4 25 110
123 5 26 270
123 5 27 270
123 6 28 180
123 6 29 180
123 6 30 180
124 1 4 20
124 2 14 140
124 2 15 140
124 2 16 140
124 3 21 410
124 3 22 410
124 4 23 110
124 4 24 110
124 4 25 110
124 5 26 270
124 5 27 270
124 6 28 180
124 6 29 180
124 6 30 180
125 1 4 20
125 2 14 140
125 2 15 140
125 2 16 140
125 3 21 410
125 3 22 410
125 4 23 110
125 4 24 110
125 4 25 110
125 5 26 270
125 5 27 270
125 6 28 180
125 6 29 180
125 6 30 180
126 1 4 20
126 2 14 140
126 2 15 140
126 2 16 140
126 3 21 410
126 3 22 410
126 4 23 110
126 4 24 110
126 4 25 110
126 5 26 270
126 5 27 270
126 6 28 180
126 6 29 180
126 6 30 180
127 1 4 20
127 2 14 140
127 2 15 140
127 2 16 140
127 3 21 410
127 3 22 410
127 4 23 110
127 4 24 110
127 4 25 110
127 5 26 270
127 5 27 270
127 6 28 180
127 6 29 180
127 6 30 180
128 1 4 20
128 2 14 140
128 2 15 140
128 2 16 140
128 3 21 410
128 3 22 410
128 4 23 110
128 4 24 110
128 4 25 110
128 5 26 270
128 5 27 270
128 6 28 180
128 6 29 180
128 6 30 180
129 1 4 20
129 2 14 140
129 2 15 140
129 2 16 140
129 3 21 410
129 3 22 410
129 4 23 110
129 4 24 110
129 4 25 110
129 5 26 270
129 5 27 270
129 6 28 180
129 6 29 180
129 6 30 180
130 1 4 20
130 2 14 140
130 2 15 140
130 2 16 140
130 3 21 410
130 3 22 410
130 4 23 110
130 4 24 110
130 4 25 110
130 5 26 270
130 5 27 270
130 6 28 180
130 6 29 180
130 6 30 180
131 1 4 20
131 2 14 140
131 2 15 140
131 2 16 140
131 3 21 410
131 3 22 410
131 4 23 110
131 4 24 110
131 4 25 110
131 5 26 270
131 5 27 270
131 6 28 180
131 6 29 180
131 6 30 180
132 1 4 20
132 2 14 140
132 2 15 140
132 2 16 140
132 3 21 410
132 3 22 410
132 4 23 110
132 4 24 110
132 4 25 110
132 5 26 270
132 5 27 270
132 6 28 180
132 6 29 180
132 6 30 180
133 1 4 20
133 2 14 140
133 2 15 140
133 2 16 140
133 3 21 410
133 3 22 410
133 4 23 110
133 4 24 110
133 4 25 110
133 5 26 270
133 5 27 270
133 6 28 180
133 6 29 180
133 6 30 180
134 1 4 20
134 2 14 140
134 2 15 140
134 2 16 140
134 3 21 410
134 3 22 410
134 4 23 110
134 4 24 110
134 4 25 110
134 5 26 270
134 5 27 270
134 6 28 180
134 6 29 180
134 6 30 180
135 1 4 20
135 2 14 140
135 2 15 140
135 2 16 140
135 3 21 410
135 3 22 410
135 4 23 110
135 4 24 110
135 4 25 110
135 5 26 270
135 5 27 270
135 6 28 180
135 6 29 180
135 6 30 180
136 1 2 20
136 1 3 20
136 2 14 50
136 2 15 50
136 2 16 50
136 3 5 240
136 3 6 240
136 3 7 240
136 3 8 240
136 3 9 240
136 3 10 240
136 3 11 240
136 3 12 240
136 3 13 240
137 1 2 20
137 1 3 20
137 2 14 50
137 2 15 50
137 2 16 50
137 3 5 240
137 3 6 240
137 3 7 240
137 3 8 240
137 3 9 240
137 3 10 240
137 3 11 240
137 3 12 240
137 3 13 240
138 1 2 20
138 1 3 20
138 2 14 50
138 2 15 50
138 2 16 50
138 3 5 240
138 3 6 240
138 3 7 240
138 3 8 240
138 3 9 240
138 3 10 240
138 3 11 240
138 3 12 240
138 3 13 240
139 1 2 20
139 1 3 20
139 2 14 50
139 2 15 50
139 2 16 50
139 3 5 240
139 3 6 240
139 3 7 240
139 3 8 240
139 3 9 240
139 3 10 240
139 3 11 240
139 3 12 240
139 3 13 240
140 1 2 20
140 1 3 20
140 2 14 50
140 2 15 50
140 2 16 50
140 3 5 240
140 3 6 240
140 3 7 240
140 3 8 240
140 3 9 240
140 3 10 240
140 3 11 240
140 3 12 240
140 3 13 240
141 1 2 20
141 1 3 20
141 2 14 50
141 2 15 50
141 2 16 50
141 3 5 240
141 3 6 240
141 3 7 240
141 3 8 240
141 3 9 240
141 3 10 240
141 3 11 240
141 3 12 240
141 3 13 240
142 1 2 20
142 1 3 20
142 2 14 50
142 2 15 50
142 2 16 50
142 3 5 240
142 3 6 240
142 3 7 240
142 3 8 240
142 3 9 240
142 3 10 240
142 3 11 240
142 3 12 240
142 3 13 240
143 1 2 20
143 1 3 20
143 2 14 50
143 2 15 50
143 2 16 50
143 3 5 240
143 3 6 240
143 3 7 240
143 3 8 240
143 3 9 240
143 3 10 240
143 3 11 240
143 3 12 240
143 3 13 240
144 1 2 20
144 1 3 20
144 2 14 50
144 2 15 50
144 2 16 50
144 3 5 240
144 3 6 240
144 3 7 240
144 3 8 240
144 3 9 240
144 3 10 240
144 3 11 240
144 3 12 240
144 3 13 240
145 1 2 20
145 1 3 20
145 2 14 50
145 2 15 50
145 2 16 50
145 3 5 240
145 3 6 240
145 3 7 240
145 3 8 240
145 3 9 240
145 3 10 240
145 3 11 240
145 3 12 240
145 3 13 240
146 1 2 20
146 1 3 20
146 2 14 50
146 2 15 50
146 2 16 50
146 3 5 240
146 3 6 240
146 3 7 240
146 3 8 240
146 3 9 240
146 3 10 240
146 3 11 240
146 3 12 240
146 3 13 240
147 1 2 20
147 1 3 20
147 2 14 50
147 2 15 50
147 2 16 50
147 3 5 240
147 3 6 240
147 3 7 240
147 3 8 240
147 3 9 240
147 3 10 240
147 3 11 240
147 3 12 240
147 3 13 240
148 1 2 20
148 1 3 20
148 2 14 50
148 2 15 50
148 2 16 50
148 3 5 240
148 3 6 240
148 3 7 240
148 3 8 240
148 3 9 240
148 3 10 240
148 3 11 240
148 3 12 240
148 3 13 240
149 1 2 20
149 1 3 20
149 2 14 50
149 2 15 50
149 2 16 50
149 3 5 240
149 3 6 240
149 3 7 240
149 3 8 240
149 3 9 240
149 3 10 240
149 3 11 240
149 3 12 240
149 3 13 240
150 1 2 20
150 1 3 20
150 2 14 50
150 2 15 50
150 2 16 50
150 3 5 240
150 3 6 240
150 3 7 240
150 3 8 240
150 3 9 240
150 3 10 240
150 3 11 240
150 3 12 240
150 3 13 240
151 1 2 20
151 1 3 20
151 2 14 50
151 2 15 50
151 2 16 50
151 3 5 240
151 3 6 240
151 3 7 240
151 3 8 240
151 3 9 240
151 3 10 240
151 3 11 240
151 3 12 240
151 3 13 240
152 1 2 20
152 1 3 20
152 2 14 50
152 2 15 50
152 2 16 50
152 3 5 240
152 3 6 240
152 3 7 240
152 3 8 240
152 3 9 240
152 3 10 240
152 3 11 240
152 3 12 240
152 3 13 240
153 1 2 20
153 1 3 20
153 2 14 50
153 2 15 50
153 2 16 50
153 3 5 240
153 3 6 240
153 3 7 240
153 3 8 240
153 3 9 240
153 3 10 240
153 3 11 240
153 3 12 240
153 3 13 240
154 1 2 20
154 1 3 20
154 2 14 50
154 2 15 50
154 2 16 50
154 3 5 240
154 3 6 240
154 3 7 240
154 3 8 240
154 3 9 240
154 3 10 240
154 3 11 240
154 3 12 240
154 3 13 240
155 1 2 20
155 1 3 20
155 2 14 50
155 2 15 50
155 2 16 50
155 3 5 240
155 3 6 240
155 3 7 240
155 3 8 240
155 3 9 240
155 3 10 240
155 3 11 240
155 3 12 240
155 3 13 240
156 1 2 20
156 1 3 20
156 2 14 50
156 2 15 50
156 2 16 50
156 3 5 240
156 3 6 240
156 3 7 240
156 3 8 240
156 3 9 240
156 3 10 240
156 3 11 240
156 3 12 240
156 3 13 240
157 1 2 20
157 1 3 20
157 2 14 50
157 2 15 50
157 2 16 50
157 3 5 240
157 3 6 240
157 3 7 240
157 3 8 240
157 3 9 240
157 3 10 240
157 3 11 240
157 3 12 240
157 3 13 240
158 1 2 20
158 1 3 20
158 2 14 50
158 2 15 50
158 2 16 50
158 3 5 240
158 3 6 240
158 3 7 240
158 3 8 240
158 3 9 240
158 3 10 240
158 3 11 240
158 3 12 240
158 3 13 240
159 1 2 20
159 1 3 20
159 2 14 50
159 2 15 50
159 2 16 50
159 3 5 240
159 3 6 240
159 3 7 240
159 3 8 240
159 3 9 240
159 3 10 240
159 3 11 240
159 3 12 240
159 3 13 240
160 1 2 20
160 1 3 20
160 2 14 50
160 2 15 50
160 2 16 50
160 3 5 240
160 3 6 240
160 3 7 240
160 3 8 240
160 3 9 240
160 3 10 240
160 3 11 240
160 3 12 240
160 3 13 240
161 1 2 20
161 1 3 20
161 2 14 50
161 2 15 50
161 2 16 50
161 3 5 240
161 3 6 240
161 3 7 240
161 3 8 240
161 3 9 240
161 3 10 240
161 3 11 240
161 3 12 240
161 3 13 240
162 1 2 20
162 1 3 20
162 2 14 50
162 2 15 50
162 2 16 50
162 3 5 240
162 3 6 240
162 3 7 240
162 3 8 240
162 3 9 240
162 3 10 240
162 3 11 240
162 3 12 240
162 3 13 240
163 1 2 20
163 1 3 20
163 2 14 50
163 2 15 50
163 2 16 50
163 3 5 240
163 3 6 240
163 3 7 240
163 3 8 240
163 3 9 240
163 3 10 240
163 3 11 240
163 3 12 240
163 3 13 240
164 1 2 20
164 1 3 20
164 2 14 50
164 2 15 50
164 2 16 50
164 3 5 240
164 3 6 240
164 3 7 240
164 3 8 240
164 3 9 240
164 3 10 240
164 3 11 240
164 3 12 240
164 3 13 240
165 1 2 20
165 1 3 20
165 2 14 50
165 2 15 50
165 2 16 50
165 3 5 240
165 3 6 240
165 3 7 240
165 3 8 240
165 3 9 240
165 3 10 240
165 3 11 240
165 3 12 240
165 3 13 240
166 1 2 20
166 1 3 20
166 2 14 50
166 2 15 50
166 2 16 50
166 3 5 240
166 3 6 240
166 3 7 240
166 3 8 240
166 3 9 240
166 3 10 240
166 3 11 240
166 3 12 240
166 3 13 240
167 1 2 20
167 1 3 20
167 2 14 50
167 2 15 50
167 2 16 50
167 3 5 240
167 3 6 240
167 3 7 240
167 3 8 240
167 3 9 240
167 3 10 240
167 3 11 240
167 3 12 240
167 3 13 240
168 1 2 20
168 1 3 20
168 2 14 50
168 2 15 50
168 2 16 50
168 3 5 240
168 3 6 240
168 3 7 240
168 3 8 240
168 3 9 240
168 3 10 240
168 3 11 240
168 3 12 240
168 3 13 240
169 1 2 20
169 1 3 20
169 2 14 50
169 2 15 50
169 2 16 50
169 3 5 240
169 3 6 240
169 3 7 240
169 3 8 240
169 3 9 240
169 3 10 240
169 3 11 240
169 3 12 240
169 3 13 240
170 1 2 20
170 1 3 20
170 2 14 50
170 2 15 50
170 2 16 50
170 3 5 240
170 3 6 240
170 3 7 240
170 3 8 240
170 3 9 240
170 3 10 240
170 3 11 240
170 3 12 240
170 3 13 240
171 1 2 20
171 1 3 20
171 2 14 50
171 2 15 50
171 2 16 50
171 3 5 240
171 3 6 240
171 3 7 240
171 3 8 240
171 3 9 240
171 3 10 240
171 3 11 240
171 3 12 240
171 3 13 240
172 1 2 20
172 1 3 20
172 2 14 50
172 2 15 50
172 2 16 50
172 3 5 240
172 3 6 240
172 3 7 240
172 3 8 240
172 3 9 240
172 3 10 240
172 3 11 240
172 3 12 240
172 3 13 240
173 1 2 20
173 1 3 20
173 2 14 50
173 2 15 50
173 2 16 50
173 3 5 240
173 3 6 240
173 3 7 240
173 3 8 240
173 3 9 240
173 3 10 240
173 3 11 240
173 3 12 240
173 3 13 240
174 1 2 20
174 1 3 20
174 2 14 50
174 2 15 50
174 2 16 50
174 3 5 240
174 3 6 240
174 3 7 240
174 3 8 240
174 3 9 240
174 3 10 240
174 3 11 240
174 3 12 240
174 3 13 240
175 1 2 20
175 1 3 20
175 2 14 50
175 2 15 50
175 2 16 50
175 3 5 240
175 3 6 240
175 3 7 240
175 3 8 240
175 3 9 240
175 3 10 240
175 3 11 240
175 3 12 240
175 3 13 240
176 1 2 20
176 1 3 20
176 2 14 50
176 2 15 50
176 2 16 50
176 3 5 240
176 3 6 240
176 3 7 240
176 3 8 240
176 3 9 240
176 3 10 240
176 3 11 240
176 3 12 240
176 3 13 240
177 1 2 20
177 1 3 20
177 2 14 50
177 2 15 50
177 2 16 50
177 3 5 240
177 3 6 240
177 3 7 240
177 3 8 240
177 3 9 240
177 3 10 240
177 3 11 240
177 3 12 240
177 3 13 240
178 1 2 20
178 1 3 20
178 2 14 50
178 2 15 50
178 2 16 50
178 3 5 240
178 3 6 240
178 3 7 240
178 3 8 240
178 3 9 240
178 3 10 240
178 3 11 240
178 3 12 240
178 3 13 240
179 1 2 20
179 1 3 20
179 2 14 50
179 2 15 50
179 2 16 50
179 3 5 240
179 3 6 240
179 3 7 240
179 3 8 240
179 3 9 240
179 3 10 240
179 3 11 240
179 3 12 240
179 3 13 240
180 1 2 20
180 1 3 20
180 2 14 50
180 2 15 50
180 2 16 50
180 3 5 240
180 3 6 240
180 3 7 240
180 3 8 240
180 3 9 240
180 3 10 240
180 3 11 240
180 3 12 240
180 3 13 240
181 1 2 20
181 1 3 20
181 2 14 50
181 2 15 50
181 2 16 50
181 3 5 240
181 3 6 240
181 3 7 240
181 3 8 240
181 3 9 240
181 3 10 240
181 3 11 240
181 3 12 240
181 3 13 240
182 1 2 20
182 1 3 20
182 2 14 50
182 2 15 50
182 2 16 50
182 3 5 240
182 3 6 240
182 3 7 240
182 3 8 240
182 3 9 240
182 3 10 240
182 3 11 240
182 3 12 240
182 3 13 240
183 1 2 20
183 1 3 20
183 2 14 50
183 2 15 50
183 2 16 50
183 3 5 240
183 3 6 240
183 3 7 240
183 3 8 240
183 3 9 240
183 3 10 240
183 3 11 240
183 3 12 240
183 3 13 240
184 1 2 20
184 1 3 20
184 2 14 50
184 2 15 50
184 2 16 50
184 3 5 240
184 3 6 240
184 3 7 240
184 3 8 240
184 3 9 240
184 3 10 240
184 3 11 240
184 3 12 240
184 3 13 240
185 1 2 20
185 1 3 20
185 2 14 50
185 2 15 50
185 2 16 50
185 3 5 240
185 3 6 240
185 3 7 240
185 3 8 240
185 3 9 240
185 3 10 240
185 3 11 240
185 3 12 240
185 3 13 240
186 1 2 20
186 1 3 20
186 2 14 50
186 2 15 50
186 2 16 50
186 3 5 240
186 3 6 240
186 3 7 240
186 3 8 240
186 3 9 240
186 3 10 240
186 3 11 240
186 3 12 240
186 3 13 240
187 1 2 20
187 1 3 20
187 2 14 50
187 2 15 50
187 2 16 50
187 3 5 240
187 3 6 240
187 3 7 240
187 3 8 240
187 3 9 240
187 3 10 240
187 3 11 240
187 3 12 240
187 3 13 240
188 1 2 20
188 1 3 20
188 2 14 50
188 2 15 50
188 2 16 50
188 3 5 240
188 3 6 240
188 3 7 240
188 3 8 240
188 3 9 240
188 3 10 240
188 3 11 240
188 3 12 240
188 3 13 240
189 1 2 20
189 1 3 20
189 2 14 50
189 2 15 50
189 2 16 50
189 3 5 240
189 3 6 240
189 3 7 240
189 3 8 240
189 3 9 240
189 3 10 240
189 3 11 240
189 3 12 240
189 3 13 240
190 1 2 20
190 1 3 20
190 2 14 50
190 2 15 50
190 2 16 50
190 3 5 240
190 3 6 240
190 3 7 240
190 3 8 240
190 3 9 240
190 3 10 240
190 3 11 240
190 3 12 240
190 3 13 240
191 1 2 20
191 1 3 20
191 2 14 50
191 2 15 50
191 2 16 50
191 3 5 240
191 3 6 240
191 3 7 240
191 3 8 240
191 3 9 240
191 3 10 240
191 3 11 240
191 3 12 240
191 3 13 240
192 1 2 20
192 1 3 20
192 2 14 50
192 2 15 50
192 2 16 50
192 3 5 240
192 3 6 240
192 3 7 240
192 3 8 240
192 3 9 240
192 3 10 240
192 3 11 240
192 3 12 240
192 3 13 240
193 1 2 20
193 1 3 20
193 2 14 50
193 2 15 50
193 2 16 50
193 3 5 240
193 3 6 240
193 3 7 240
193 3 8 240
193 3 9 240
193 3 10 240
193 3 11 240
193 3 12 240
193 3 13 240
194 1 2 20
194 1 3 20
194 2 14 50
194 2 15 50
194 2 16 50
194 3 5 240
194 3 6 240
194 3 7 240
194 3 8 240
194 3 9 240
194 3 10 240
194 3 11 240
194 3 12 240
194 3 13 240
195 1 2 20
195 1 3 20
195 2 14 50
195 2 15 50
195 2 16 50
195 3 5 240
195 3 6 240
195 3 7 240
195 3 8 240
195 3 9 240
195 3 10 240
195 3 11 240
195 3 12 240
195 3 13 240
196 1 2 20
196 1 3 20
196 2 14 50
196 2 15 50
196 2 16 50
196 3 5 240
196 3 6 240
196 3 7 240
196 3 8 240
196 3 9 240
196 3 10 240
196 3 11 240
196 3 12 240
196 3 13 240
197 1 2 20
197 1 3 20
197 2 14 50
197 2 15 50
197 2 16 50
197 3 5 240
197 3 6 240
197 3 7 240
197 3 8 240
197 3 9 240
197 3 10 240
197 3 11 240
197 3 12 240
197 3 13 240
198 1 2 20
198 1 3 20
198 2 14 50
198 2 15 50
198 2 16 50
198 3 5 240
198 3 6 240
198 3 7 240
198 3 8 240
198 3 9 240
198 3 10 240
198 3 11 240
198 3 12 240
198 3 13 240
199 1 2 20
199 1 3 20
199 2 14 50
199 2 15 50
199 2 16 50
199 3 5 240
199 3 6 240
199 3 7 240
199 3 8 240
199 3 9 240
199 3 10 240
199 3 11 240
199 3 12 240
199 3 13 240
200 1 2 20
200 1 3 20
200 2 14 50
200 2 15 50
200 2 16 50
200 3 5 240
200 3 6 240
200 3 7 240
200 3 8 240
200 3 9 240
200 3 10 240
200 3 11 240
200 3 12 240
200 3 13 240
201 1 2 20
201 1 3 20
201 2 14 50
201 2 15 50
201 2 16 50
201 3 5 240
201 3 6 240
201 3 7 240
201 3 8 240
201 3 9 240
201 3 10 240
201 3 11 240
201 3 12 240
201 3 13 240
202 1 2 20
202 1 3 20
202 2 14 50
202 2 15 50
202 2 16 50
202 3 5 240
202 3 6 240
202 3 7 240
202 3 8 240
202 3 9 240
202 3 10 240
202 3 11 240
202 3 12 240
202 3 13 240
203 1 2 20
203 1 3 20
203 2 14 50
203 2 15 50
203 2 16 50
203 3 5 240
203 3 6 240
203 3 7 240
203 3 8 240
203 3 9 240
203 3 10 240
203 3 11 240
203 3 12 240
203 3 13 240
204 1 2 20
204 1 3 20
204 2 14 50
204 2 15 50
204 2 16 50
204 3 5 240
204 3 6 240
204 3 7 240
204 3 8 240
204 3 9 240
204 3 10 240
204 3 11 240
204 3 12 240
204 3 13 240
205 1 2 20
205 1 3 20
205 2 14 50
205 2 15 50
205 2 16 50
205 3 5 240
205 3 6 240
205 3 7 240
205 3 8 240
205 3 9 240
205 3 10 240
205 3 11 240
205 3 12 240
205 3 13 240
206 1 2 20
206 1 3 20
206 2 14 50
206 2 15 50
206 2 16 50
206 3 5 240
206 3 6 240
206 3 7 240
206 3 8 240
206 3 9 240
206 3 10 240
206 3 11 240
206 3 12 240
206 3 13 240
207 1 2 20
207 1 3 20
207 2 14 50
207 2 15 50
207 2 16 50
207 3 5 240
207 3 6 240
207 3 7 240
207 3 8 240
207 3 9 240
207 3 10 240
207 3 11 240
207 3 12 240
207 3 13 240
208 1 2 20
208 1 3 20
208 2 14 50
208 2 15 50
208 2 16 50
208 3 5 240
208 3 6 240
208 3 7 240
208 3 8 240
208 3 9 240
208 3 10 240
208 3 11 240
208 3 12 240
208 3 13 240
209 1 2 20
209 1 3 20
209 2 14 50
209 2 15 50
209 2 16 50
209 3 5 240
209 3 6 240
209 3 7 240
209 3 8 240
209 3 9 240
209 3 10 240
209 3 11 240
209 3 12 240
209 3 13 240
210 1 2 20
210 1 3 20
210 2 14 50
210 2 15 50
210 2 16 50
210 3 5 240
210 3 6 240
210 3 7 240
210 3 8 240
210 3 9 240
210 3 10 240
210 3 11 240
210 3 12 240
210 3 13 240
211 1 2 20
211 1 3 20
211 2 14 50
211 2 15 50
211 2 16 50
211 3 5 240
211 3 6 240
211 3 7 240
211 3 8 240
211 3 9 240
211 3 10 240
211 3 11 240
211 3 12 240
211 3 13 240
212 1 2 20
212 1 3 20
212 2 14 50
212 2 15 50
212 2 16 50
212 3 5 240
212 3 6 240
212 3 7 240
212 3 8 240
212 3 9 240
212 3 10 240
212 3 11 240
212 3 12 240
212 3 13 240
213 1 2 20
213 1 3 20
213 2 14 50
213 2 15 50
213 2 16 50
213 3 5 240
213 3 6 240
213 3 7 240
213 3 8 240
213 3 9 240
213 3 10 240
213 3 11 240
213 3 12 240
213 3 13 240
214 1 2 20
214 1 3 20
214 2 14 50
214 2 15 50
214 2 16 50
214 3 5 240
214 3 6 240
214 3 7 240
214 3 8 240
214 3 9 240
214 3 10 240
214 3 11 240
214 3 12 240
214 3 13 240
215 1 2 20
215 1 3 20
215 2 14 50
215 2 15 50
215 2 16 50
215 3 5 240
215 3 6 240
215 3 7 240
215 3 8 240
215 3 9 240
215 3 10 240
215 3 11 240
215 3 12 240
215 3 13 240
216 1 2 20
216 1 3 20
216 2 14 50
216 2 15 50
216 2 16 50
216 3 5 240
216 3 6 240
216 3 7 240
216 3 8 240
216 3 9 240
216 3 10 240
216 3 11 240
216 3 12 240
216 3 13 240
217 1 2 20
217 1 3 20
217 2 14 50
217 2 15 50
217 2 16 50
217 3 5 240
217 3 6 240
217 3 7 240
217 3 8 240
217 3 9 240
217 3 10 240
217 3 11 240
217 3 12 240
217 3 13 240
218 1 2 20
218 1 3 20
218 2 14 50
218 2 15 50
218 2 16 50
218 3 5 240
218 3 6 240
218 3 7 240
218 3 8 240
218 3 9 240
218 3 10 240
218 3 11 240
218 3 12 240
218 3 13 240
219 1 2 20
219 1 3 20
219 2 14 50
219 2 15 50
219 2 16 50
219 3 5 240
219 3 6 240
219 3 7 240
219 3 8 240
219 3 9 240
219 3 10 240
219 3 11 240
219 3 12 240
219 3 13 240
220 1 2 20
220 1 3 20
220 2 14 50
220 2 15 50
220 2 16 50
220 3 5 240
220 3 6 240
220 3 7 240
220 3 8 240
220 3 9 240
220 3 10 240
220 3 11 240
220 3 12 240
220 3 13 240
221 1 2 20
221 1 3 20
221 2 14 50
221 2 15 50
221 2 16 50
221 3 5 240
221 3 6 240
221 3 7 240
221 3 8 240
221 3 9 240
221 3 10 240
221 3 11 240
221 3 12 240
221 3 13 240
222 1 2 20
222 1 3 20
222 2 14 50
222 2 15 50
222 2 16 50
222 3 5 240
222 3 6 240
222 3 7 240
222 3 8 240
222 3 9 240
222 3 10 240
222 3 11 240
222 3 12 240
222 3 13 240
223 1 2 20
223 1 3 20
223 2 14 50
223 2 15 50
223 2 16 50
223 3 5 240
223 3 6 240
223 3 7 240
223 3 8 240
223 3 9 240
223 3 10 240
223 3 11 240
223 3 12 240
223 3 13 240
224 1 2 20
224 1 3 20
224 2 14 50
224 2 15 50
224 2 16 50
224 3 5 240
224 3 6 240
224 3 7 240
224 3 8 240
224 3 9 240
224 3 10 240
224 3 11 240
224 3 12 240
224 3 13 240
225 1 2 20
225 1 3 20
225 2 14 50
225 2 15 50
225 2 16 50
225 3 5 240
225 3 6 240
225 3 7 240
225 3 8 240
225 3 9 240
225 3 10 240
225 3 11 240
225 3 12 240
225 3 13 240
226 1 2 20
226 1 3 20
226 2 14 50
226 2 15 50
226 2 16 50
226 3 5 240
226 3 6 240
226 3 7 240
226 3 8 240
226 3 9 240
226 3 10 240
226 3 11 240
226 3 12 240
226 3 13 240
227 1 2 20
227 1 3 20
227 2 14 50
227 2 15 50
227 2 16 50
227 3 5 240
227 3 6 240
227 3 7 240
227 3 8 240
227 3 9 240
227 3 10 240
227 3 11 240
227 3 12 240
227 3 13 240
228 1 2 20
228 1 3 20
228 2 14 50
228 2 15 50
228 2 16 50
228 3 5 240
228 3 6 240
228 3 7 240
228 3 8 240
228 3 9 240
228 3 10 240
228 3 11 240
228 3 12 240
228 3 13 240
229 1 2 20
229 1 3 20
229 2 14 50
229 2 15 50
229 2 16 50
229 3 5 240
229 3 6 240
229 3 7 240
229 3 8 240
229 3 9 240
229 3 10 240
229 3 11 240
229 3 12 240
229 3 13 240
230 1 2 20
230 1 3 20
230 2 14 50
230 2 15 50
230 2 16 50
230 3 5 240
230 3 6 240
230 3 7 240
230 3 8 240
230 3 9 240
230 3 10 240
230 3 11 240
230 3 12 240
230 3 13 240
231 1 2 20
231 1 3 20
231 2 14 50
231 2 15 50
231 2 16 50
231 3 5 240
231 3 6 240
231 3 7 240
231 3 8 240
231 3 9 240
231 3 10 240
231 3 11 240
231 3 12 240
231 3 13 240
232 1 2 20
232 1 3 20
232 2 14 50
232 2 15 50
232 2 16 50
232 3 5 240
232 3 6 240
232 3 7 240
232 3 8 240
232 3 9 240
232 3 10 240
232 3 11 240
232 3 12 240
232 3 13 240
233 1 2 20
233 1 3 20
233 2 14 50
233 2 15 50
233 2 16 50
233 3 5 240
233 3 6 240
233 3 7 240
233 3 8 240
233 3 9 240
233 3 10 240
233 3 11 240
233 3 12 240
233 3 13 240
234 1 2 20
234 1 3 20
234 2 14 50
234 2 15 50
234 2 16 50
234 3 5 240
234 3 6 240
234 3 7 240
234 3 8 240
234 3 9 240
234 3 10 240
234 3 11 240
234 3 12 240
234 3 13 240
235 1 2 20
235 1 3 20
235 2 14 50
235 2 15 50
235 2 16 50
235 3 5 240
235 3 6 240
235 3 7 240
235 3 8 240
235 3 9 240
235 3 10 240
235 3 11 240
235 3 12 240
235 3 13 240
236 1 2 20
236 1 3 20
236 2 14 50
236 2 15 50
236 2 16 50
236 3 5 240
236 3 6 240
236 3 7 240
236 3 8 240
236 3 9 240
236 3 10 240
236 3 11 240
236 3 12 240
236 3 13 240
237 1 2 20
237 1 3 20
237 2 14 50
237 2 15 50
237 2 16 50
237 3 5 240
237 3 6 240
237 3 7 240
237 3 8 240
237 3 9 240
237 3 10 240
237 3 11 240
237 3 12 240
237 3 13 240
238 1 2 20
238 1 3 20
238 2 14 50
238 2 15 50
238 2 16 50
238 3 5 240
238 3 6 240
238 3 7 240
238 3 8 240
238 3 9 240
238 3 10 240
238 3 11 240
238 3 12 240
238 3 13 240
239 1 2 20
239 1 3 20
239 2 14 50
239 2 15 50
239 2 16 50
239 3 5 240
239 3 6 240
239 3 7 240
239 3 8 240
239 3 9 240
239 3 10 240
239 3 11 240
239 3 12 240
239 3 13 240
240 1 2 20
240 1 3 20
240 2 14 50
240 2 15 50
240 2 16 50
240 3 5 240
240 3 6 240
240 3 7 240
240 3 8 240
240 3 9 240
240 3 10 240
240 3 11 240
240 3 12 240
240 3 13 240
241 1 2 20
241 1 3 20
241 2 14 50
241 2 15 50
241 2 16 50
241 3 5 240
241 3 6 240
241 3 7 240
241 3 8 240
241 3 9 240
241 3 10 240
241 3 11 240
241 3 12 240
241 3 13 240
242 1 2 20
242 1 3 20
242 2 14 50
242 2 15 50
242 2 16 50
242 3 5 240
242 3 6 240
242 3 7 240
242 3 8 240
242 3 9 240
242 3 10 240
242 3 11 240
242 3 12 240
242 3 13 240
243 1 2 20
243 1 3 20
243 2 14 50
243 2 15 50
243 2 16 50
243 3 5 240
243 3 6 240
243 3 7 240
243 3 8 240
243 3 9 240
243 3 10 240
243 3 11 240
243 3 12 240
243 3 13 240
244 1 2 20
244 1 3 20
244 2 14 50
244 2 15 50
244 2 16 50
244 3 5 240
244 3 6 240
244 3 7 240
244 3 8 240
244 3 9 240
244 3 10 240
244 3 11 240
244 3 12 240
244 3 13 240
245 1 2 20
245 1 3 20
245 2 14 50
245 2 15 50
245 2 16 50
245 3 5 240
245 3 6 240
245 3 7 240
245 3 8 240
245 3 9 240
245 3 10 240
245 3 11 240
245 3 12 240
245 3 13 240
246 1 2 20
246 1 3 20
246 2 14 50
246 2 15 50
246 2 16 50
246 3 5 240
246 3 6 240
246 3 7 240
246 3 8 240
246 3 9 240
246 3 10 240
246 3 11 240
246 3 12 240
246 3 13 240
247 1 2 20
247 1 3 20
247 2 14 50
247 2 15 50
247 2 16 50
247 3 5 240
247 3 6 240
247 3 7 240
247 3 8 240
247 3 9 240
247 3 10 240
247 3 11 240
247 3 12 240
247 3 13 240
248 1 2 20
248 1 3 20
248 2 14 50
248 2 15 50
248 2 16 50
248 3 5 240
248 3 6 240
248 3 7 240
248 3 8 240
248 3 9 240
248 3 10 240
248 3 11 240
248 3 12 240
248 3 13 240
249 1 2 20
249 1 3 20
249 2 14 50
249 2 15 50
249 2 16 50
249 3 5 240
249 3 6 240
249 3 7 240
249 3 8 240
249 3 9 240
249 3 10 240
249 3 11 240
249 3 12 240
249 3 13 240
250 1 2 20
250 1 3 20
250 2 14 50
250 2 15 50
250 2 16 50
250 3 5 240
250 3 6 240
250 3 7 240
250 3 8 240
250 3 9 240
250 3 10 240
250 3 11 240
250 3 12 240
250 3 13 240
251 1 2 20
251 1 3 20
251 2 14 50
251 2 15 50
251 2 16 50
251 3 5 240
251 3 6 240
251 3 7 240
251 3 8 240
251 3 9 240
251 3 10 240
251 3 11 240
251 3 12 240
251 3 13 240
252 1 2 20
252 1 3 20
252 2 14 50
252 2 15 50
252 2 16 50
252 3 5 240
252 3 6 240
252 3 7 240
252 3 8 240
252 3 9 240
252 3 10 240
252 3 11 240
252 3 12 240
252 3 13 240
253 1 2 20
253 1 3 20
253 2 14 50
253 2 15 50
253 2 16 50
253 3 5 240
253 3 6 240
253 3 7 240
253 3 8 240
253 3 9 240
253 3 10 240
253 3 11 240
253 3 12 240
253 3 13 240
254 1 2 20
254 1 3 20
254 2 14 50
254 2 15 50
254 2 16 50
254 3 5 240
254 3 6 240
254 3 7 240
254 3 8 240
254 3 9 240
254 3 10 240
254 3 11 240
254 3 12 240
254 3 13 240
255 1 2 20
255 1 3 20
255 2 14 50
255 2 15 50
255 2 16 50
255 3 5 240
255 3 6 240
255 3 7 240
255 3 8 240
255 3 9 240
255 3 10 240
255 3 11 240
255 3 12 240
255 3 13 240
256 1 2 20
256 1 3 20
256 2 14 50
256 2 15 50
256 2 16 50
256 3 5 240
256 3 6 240
256 3 7 240
256 3 8 240
256 3 9 240
256 3 10 240
256 3 11 240
256 3 12 240
256 3 13 240
257 1 2 20
257 1 3 20
257 2 14 50
257 2 15 50
257 2 16 50
257 3 5 240
257 3 6 240
257 3 7 240
257 3 8 240
257 3 9 240
257 3 10 240
257 3 11 240
257 3 12 240
257 3 13 240
258 1 2 20
258 1 3 20
258 2 14 50
258 2 15 50
258 2 16 50
258 3 5 240
258 3 6 240
258 3 7 240
258 3 8 240
258 3 9 240
258 3 10 240
258 3 11 240
258 3 12 240
258 3 13 240
259 1 2 20
259 1 3 20
259 2 14 50
259 2 15 50
259 2 16 50
259 3 5 240
259 3 6 240
259 3 7 240
259 3 8 240
259 3 9 240
259 3 10 240
259 3 11 240
259 3 12 240
259 3 13 240
260 1 2 20
260 1 3 20
260 2 14 50
260 2 15 50
260 2 16 50
260 3 5 240
260 3 6 240
260 3 7 240
260 3 8 240
260 3 9 240
260 3 10 240
260 3 11 240
260 3 12 240
260 3 13 240
261 1 2 20
261 1 3 20
261 2 14 50
261 2 15 50
261 2 16 50
261 3 5 240
261 3 6 240
261 3 7 240
261 3 8 240
261 3 9 240
261 3 10 240
261 3 11 240
261 3 12 240
261 3 13 240
262 1 2 20
262 1 3 20
262 2 14 50
262 2 15 50
262 2 16 50
262 3 5 240
262 3 6 240
262 3 7 240
262 3 8 240
262 3 9 240
262 3 10 240
262 3 11 240
262 3 12 240
262 3 13 240
263 1 2 20
263 1 3 20
263 2 14 50
263 2 15 50
263 2 16 50
263 3 5 240
263 3 6 240
263 3 7 240
263 3 8 240
263 3 9 240
263 3 10 240
263 3 11 240
263 3 12 240
263 3 13 240
264 1 2 20
264 1 3 20
264 2 14 50
264 2 15 50
264 2 16 50
264 3 5 240
264 3 6 240
264 3 7 240
264 3 8 240
264 3 9 240
264 3 10 240
264 3 11 240
264 3 12 240
264 3 13 240
265 1 2 20
265 1 3 20
265 2 14 50
265 2 15 50
265 2 16 50
265 3 5 240
265 3 6 240
265 3 7 240
265 3 8 240
265 3 9 240
265 3 10 240
265 3 11 240
265 3 12 240
265 3 13 240
266 1 2 20
266 1 3 20
266 2 14 50
266 2 15 50
266 2 16 50
266 3 5 240
266 3 6 240
266 3 7 240
266 3 8 240
266 3 9 240
266 3 10 240
266 3 11 240
266 3 12 240
266 3 13 240
267 1 2 20
267 1 3 20
267 2 14 50
267 2 15 50
267 2 16 50
267 3 5 240
267 3 6 240
267 3 7 240
267 3 8 240
267 3 9 240
267 3 10 240
267 3 11 240
267 3 12 240
267 3 13 240
268 1 2 20
268 1 3 20
268 2 14 50
268 2 15 50
268 2 16 50
268 3 5 240
268 3 6 240
268 3 7 240
268 3 8 240
268 3 9 240
268 3 10 240
268 3 11 240
268 3 12 240
268 3 13 240
269 1 2 20
269 1 3 20
269 2 14 50
269 2 15 50
269 2 16 50
269 3 5 240
269 3 6 240
269 3 7 240
269 3 8 240
269 3 9 240
269 3 10 240
269 3 11 240
269 3 12 240
269 3 13 240
270 1 2 20
270 1 3 20
270 2 14 50
270 2 15 50
270 2 16 50
270 3 5 240
270 3 6 240
270 3 7 240
270 3 8 240
270 3 9 240
270 3 10 240
270 3 11 240
270 3 12 240
270 3 13 240
271 1 2 20
271 1 3 20
271 2 14 50
271 2 15 50
271 2 16 50
271 3 5 240
271 3 6 240
271 3 7 240
271 3 8 240
271 3 9 240
271 3 10 240
271 3 11 240
271 3 12 240
271 3 13 240
272 1 2 20
272 1 3 20
272 2 14 50
272 2 15 50
272 2 16 50
272 3 5 240
272 3 6 240
272 3 7 240
272 3 8 240
272 3 9 240
272 3 10 240
272 3 11 240
272 3 12 240
272 3 13 240
273 1 2 20
273 1 3 20
273 2 14 50
273 2 15 50
273 2 16 50
273 3 5 240
273 3 6 240
273 3 7 240
273 3 8 240
273 3 9 240
273 3 10 240
273 3 11 240
273 3 12 240
273 3 13 240
274 1 2 20
274 1 3 20
274 2 14 50
274 2 15 50
274 2 16 50
274 3 5 240
274 3 6 240
274 3 7 240
274 3 8 240
274 3 9 240
274 3 10 240
274 3 11 240
274 3 12 240
274 3 13 240
275 1 2 20
275 1 3 20
275 2 14 50
275 2 15 50
275 2 16 50
275 3 5 240
275 3 6 240
275 3 7 240
275 3 8 240
275 3 9 240
275 3 10 240
275 3 11 240
275 3 12 240
275 3 13 240
276 1 2 20
276 1 3 20
276 2 14 50
276 2 15 50
276 2 16 50
276 3 5 240
276 3 6 240
276 3 7 240
276 3 8 240
276 3 9 240
276 3 10 240
276 3 11 240
276 3 12 240
276 3 13 240
277 1 2 20
277 1 3 20
277 2 14 50
277 2 15 50
277 2 16 50
277 3 5 240
277 3 6 240
277 3 7 240
277 3 8 240
277 3 9 240
277 3 10 240
277 3 11 240
277 3 12 240
277 3 13 240
278 1 2 20
278 1 3 20
278 2 14 50
278 2 15 50
278 2 16 50
278 3 5 240
278 3 6 240
278 3 7 240
278 3 8 240
278 3 9 240
278 3 10 240
278 3 11 240
278 3 12 240
278 3 13 240
279 1 2 20
279 1 3 20
279 2 14 50
279 2 15 50
279 2 16 50
279 3 5 240
279 3 6 240
279 3 7 240
279 3 8 240
279 3 9 240
279 3 10 240
279 3 11 240
279 3 12 240
279 3 13 240
280 1 2 20
280 1 3 20
280 2 14 50
280 2 15 50
280 2 16 50
280 3 5 240
280 3 6 240
280 3 7 240
280 3 8 240
280 3 9 240
280 3 10 240
280 3 11 240
280 3 12 240
280 3 13 240
281 1 2 20
281 1 3 20
281 2 14 50
281 2 15 50
281 2 16 50
281 3 5 240
281 3 6 240
281 3 7 240
281 3 8 240
281 3 9 240
281 3 10 240
281 3 11 240
281 3 12 240
281 3 13 240
282 1 2 20
282 1 3 20
282 2 14 50
282 2 15 50
282 2 16 50
282 3 5 240
282 3 6 240
282 3 7 240
282 3 8 240
282 3 9 240
282 3 10 240
282 3 11 240
282 3 12 240
282 3 13 240
283 1 2 20
283 1 3 20
283 2 14 50
283 2 15 50
283 2 16 50
283 3 5 240
283 3 6 240
283 3 7 240
283 3 8 240
283 3 9 240
283 3 10 240
283 3 11 240
283 3 12 240
283 3 13 240
284 1 2 20
284 1 3 20
284 2 14 50
284 2 15 50
284 2 16 50
284 3 5 240
284 3 6 240
284 3 7 240
284 3 8 240
284 3 9 240
284 3 10 240
284 3 11 240
284 3 12 240
284 3 13 240
285 1 2 20
285 1 3 20
285 2 14 50
285 2 15 50
285 2 16 50
285 3 5 240
285 3 6 240
285 3 7 240
285 3 8 240
285 3 9 240
285 3 10 240
285 3 11 240
285 3 12 240
285 3 13 240
286 1 2 20
286 1 3 20
286 2 14 50
286 2 15 50
286 2 16 50
286 3 5 240
286 3 6 240
286 3 7 240
286 3 8 240
286 3 9 240
286 3 10 240
286 3 11 240
286 3 12 240
286 3 13 240
287 1 2 20
287 1 3 20
287 2 14 50
287 2 15 50
287 2 16 50
287 3 5 240
287 3 6 240
287 3 7 240
287 3 8 240
287 3 9 240
287 3 10 240
287 3 11 240
287 3 12 240
287 3 13 240
288 1 2 20
288 1 3 20
288 2 14 50
288 2 15 50
288 2 16 50
288 3 5 240
288 3 6 240
288 3 7 240
288 3 8 240
288 3 9 240
288 3 10 240
288 3 11 240
288 3 12 240
288 3 13 240
289 1 2 20
289 1 3 20
289 2 14 50
289 2 15 50
289 2 16 50
289 3 5 240
289 3 6 240
289 3 7 240
289 3 8 240
289 3 9 240
289 3 10 240
289 3 11 240
289 3 12 240
289 3 13 240
290 1 2 20
290 1 3 20
290 2 14 50
290 2 15 50
290 2 16 50
290 3 5 240
290 3 6 240
290 3 7 240
290 3 8 240
290 3 9 240
290 3 10 240
290 3 11 240
290 3 12 240
290 3 13 240
291 1 2 20
291 1 3 20
291 2 14 50
291 2 15 50
291 2 16 50
291 3 5 240
291 3 6 240
291 3 7 240
291 3 8 240
291 3 9 240
291 3 10 240
291 3 11 240
291 3 12 240
291 3 13 240
292 1 2 20
292 1 3 20
292 2 14 50
292 2 15 50
292 2 16 50
292 3 5 240
292 3 6 240
292 3 7 240
292 3 8 240
292 3 9 240
292 3 10 240
292 3 11 240
292 3 12 240
292 3 13 240
293 1 2 20
293 1 3 20
293 2 14 50
293 2 15 50
293 2 16 50
293 3 5 240
293 3 6 240
293 3 7 240
293 3 8 240
293 3 9 240
293 3 10 240
293 3 11 240
293 3 12 240
293 3 13 240
294 1 2 20
294 1 3 20
294 2 14 50
294 2 15 50
294 2 16 50
294 3 5 240
294 3 6 240
294 3 7 240
294 3 8 240
294 3 9 240
294 3 10 240
294 3 11 240
294 3 12 240
294 3 13 240
295 1 2 20
295 1 3 20
295 2 14 50
295 2 15 50
295 2 16 50
295 3 5 240
295 3 6 240
295 3 7 240
295 3 8 240
295 3 9 240
295 3 10 240
295 3 11 240
295 3 12 240
295 3 13 240
296 1 2 20
296 1 3 20
296 2 14 50
296 2 15 50
296 2 16 50
296 3 5 240
296 3 6 240
296 3 7 240
296 3 8 240
296 3 9 240
296 3 10 240
296 3 11 240
296 3 12 240
296 3 13 240
297 1 2 20
297 1 3 20
297 2 14 50
297 2 15 50
297 2 16 50
297 3 5 240
297 3 6 240
297 3 7 240
297 3 8 240
297 3 9 240
297 3 10 240
297 3 11 240
297 3 12 240
297 3 13 240
298 1 2 20
298 1 3 20
298 2 14 50
298 2 15 50
298 2 16 50
298 3 5 240
298 3 6 240
298 3 7 240
298 3 8 240
298 3 9 240
298 3 10 240
298 3 11 240
298 3 12 240
298 3 13 240
299 1 2 20
299 1 3 20
299 2 14 50
299 2 15 50
299 2 16 50
299 3 5 240
299 3 6 240
299 3 7 240
299 3 8 240
299 3 9 240
299 3 10 240
299 3 11 240
299 3 12 240
299 3 13 240
300 1 2 20
300 1 3 20
300 2 14 50
300 2 15 50
300 2 16 50
300 3 5 240
300 3 6 240
300 3 7 240
300 3 8 240
300 3 9 240
300 3 10 240
300 3 11 240
300 3 12 240
300 3 13 240
301 1 2 20
301 1 3 20
301 2 14 50
301 2 15 50
301 2 16 50
301 3 5 240
301 3 6 240
301 3 7 240
301 3 8 240
301 3 9 240
301 3 10 240
301 3 11 240
301 3 12 240
301 3 13 240
302 1 2 20
302 1 3 20
302 2 14 50
302 2 15 50
302 2 16 50
302 3 5 240
302 3 6 240
302 3 7 240
302 3 8 240
302 3 9 240
302 3 10 240
302 3 11 240
302 3 12 240
302 3 13 240
303 1 2 20
303 1 3 20
303 2 14 50
303 2 15 50
303 2 16 50
303 3 5 240
303 3 6 240
303 3 7 240
303 3 8 240
303 3 9 240
303 3 10 240
303 3 11 240
303 3 12 240
303 3 13 240
304 1 2 20
304 1 3 20
304 2 14 50
304 2 15 50
304 2 16 50
304 3 5 240
304 3 6 240
304 3 7 240
304 3 8 240
304 3 9 240
304 3 10 240
304 3 11 240
304 3 12 240
304 3 13 240
305 1 2 20
305 1 3 20
305 2 14 50
305 2 15 50
305 2 16 50
305 3 5 240
305 3 6 240
305 3 7 240
305 3 8 240
305 3 9 240
305 3 10 240
305 3 11 240
305 3 12 240
305 3 13 240
306 1 2 20
306 1 3 20
306 2 14 50
306 2 15 50
306 2 16 50
306 3 5 240
306 3 6 240
306 3 7 240
306 3 8 240
306 3 9 240
306 3 10 240
306 3 11 240
306 3 12 240
306 3 13 240
307 1 2 20
307 1 3 20
307 2 14 50
307 2 15 50
307 2 16 50
307 3 5 240
307 3 6 240
307 3 7 240
307 3 8 240
307 3 9 240
307 3 10 240
307 3 11 240
307 3 12 240
307 3 13 240
308 1 2 20
308 1 3 20
308 2 14 50
308 2 15 50
308 2 16 50
308 3 5 240
308 3 6 240
308 3 7 240
308 3 8 240
308 3 9 240
308 3 10 240
308 3 11 240
308 3 12 240
308 3 13 240
309 1 2 20
309 1 3 20
309 2 14 50
309 2 15 50
309 2 16 50
309 3 5 240
309 3 6 240
309 3 7 240
309 3 8 240
309 3 9 240
309 3 10 240
309 3 11 240
309 3 12 240
309 3 13 240
310 1 2 20
310 1 3 20
310 2 14 50
310 2 15 50
310 2 16 50
310 3 5 240
310 3 6 240
310 3 7 240
310 3 8 240
310 3 9 240
310 3 10 240
310 3 11 240
310 3 12 240
310 3 13 240
311 1 2 20
311 1 3 20
311 2 14 50
311 2 15 50
311 2 16 50
311 3 5 240
311 3 6 240
311 3 7 240
311 3 8 240
311 3 9 240
311 3 10 240
311 3 11 240
311 3 12 240
311 3 13 240
312 1 2 20
312 1 3 20
312 2 14 50
312 2 15 50
312 2 16 50
312 3 5 240
312 3 6 240
312 3 7 240
312 3 8 240
312 3 9 240
312 3 10 240
312 3 11 240
312 3 12 240
312 3 13 240
313 1 2 20
313 1 3 20
313 2 14 50
313 2 15 50
313 2 16 50
313 3 5 240
313 3 6 240
313 3 7 240
313 3 8 240
313 3 9 240
313 3 10 240
313 3 11 240
313 3 12 240
313 3 13 240
314 1 2 20
314 1 3 20
314 2 14 50
314 2 15 50
314 2 16 50
314 3 5 240
314 3 6 240
314 3 7 240
314 3 8 240
314 3 9 240
314 3 10 240
314 3 11 240
314 3 12 240
314 3 13 240
315 1 2 20
315 1 3 20
315 2 14 50
315 2 15 50
315 2 16 50
315 3 5 240
315 3 6 240
315 3 7 240
315 3 8 240
315 3 9 240
315 3 10 240
315 3 11 240
315 3 12 240
315 3 13 240
316 1 2 20
316 1 3 20
316 2 14 50
316 2 15 50
316 2 16 50
316 3 5 240
316 3 6 240
316 3 7 240
316 3 8 240
316 3 9 240
316 3 10 240
316 3 11 240
316 3 12 240
316 3 13 240
317 1 2 20
317 1 3 20
317 2 14 50
317 2 15 50
317 2 16 50
317 3 5 240
317 3 6 240
317 3 7 240
317 3 8 240
317 3 9 240
317 3 10 240
317 3 11 240
317 3 12 240
317 3 13 240
318 1 2 20
318 1 3 20
318 2 14 50
318 2 15 50
318 2 16 50
318 3 5 240
318 3 6 240
318 3 7 240
318 3 8 240
318 3 9 240
318 3 10 240
318 3 11 240
318 3 12 240
318 3 13 240
319 1 2 20
319 1 3 20
319 2 14 50
319 2 15 50
319 2 16 50
319 3 5 240
319 3 6 240
319 3 7 240
319 3 8 240
319 3 9 240
319 3 10 240
319 3 11 240
319 3 12 240
319 3 13 240
320 1 2 20
320 1 3 20
320 2 14 50
320 2 15 50
320 2 16 50
320 3 5 240
320 3 6 240
320 3 7 240
320 3 8 240
320 3 9 240
320 3 10 240
320 3 11 240
320 3 12 240
320 3 13 240
321 1 2 20
321 1 3 20
321 2 14 50
321 2 15 50
321 2 16 50
321 3 5 240
321 3 6 240
321 3 7 240
321 3 8 240
321 3 9 240
321 3 10 240
321 3 11 240
321 3 12 240
321 3 13 240
322 1 2 20
322 1 3 20
322 2 14 50
322 2 15 50
322 2 16 50
322 3 5 240
322 3 6 240
322 3 7 240
322 3 8 240
322 3 9 240
322 3 10 240
322 3 11 240
322 3 12 240
322 3 13 240
323 1 2 20
323 1 3 20
323 2 14 50
323 2 15 50
323 2 16 50
323 3 5 240
323 3 6 240
323 3 7 240
323 3 8 240
323 3 9 240
323 3 10 240
323 3 11 240
323 3 12 240
323 3 13 240
324 1 2 20
324 1 3 20
324 2 14 50
324 2 15 50
324 2 16 50
324 3 5 240
324 3 6 240
324 3 7 240
324 3 8 240
324 3 9 240
324 3 10 240
324 3 11 240
324 3 12 240
324 3 13 240
325 1 2 20
325 1 3 20
325 2 14 50
325 2 15 50
325 2 16 50
325 3 5 240
325 3 6 240
325 3 7 240
325 3 8 240
325 3 9 240
325 3 10 240
325 3 11 240
325 3 12 240
325 3 13 240
326 1 2 20
326 1 3 20
326 2 14 50
326 2 15 50
326 2 16 50
326 3 5 240
326 3 6 240
326 3 7 240
326 3 8 240
326 3 9 240
326 3 10 240
326 3 11 240
326 3 12 240
326 3 13 240
327 1 2 20
327 1 3 20
327 2 14 50
327 2 15 50
327 2 16 50
327 3 5 240
327 3 6 240
327 3 7 240
327 3 8 240
327 3 9 240
327 3 10 240
327 3 11 240
327 3 12 240
327 3 13 240
328 1 2 20
328 1 3 20
328 2 14 50
328 2 15 50
328 2 16 50
328 3 5 240
328 3 6 240
328 3 7 240
328 3 8 240
328 3 9 240
328 3 10 240
328 3 11 240
328 3 12 240
328 3 13 240
329 1 2 20
329 1 3 20
329 2 14 50
329 2 15 50
329 2 16 50
329 3 5 240
329 3 6 240
329 3 7 240
329 3 8 240
329 3 9 240
329 3 10 240
329 3 11 240
329 3 12 240
329 3 13 240
330 1 2 20
330 1 3 20
330 2 14 50
330 2 15 50
330 2 16 50
330 3 5 240
330 3 6 240
330 3 7 240
330 3 8 240
330 3 9 240
330 3 10 240
330 3 11 240
330 3 12 240
330 3 13 240
331 1 2 20
331 1 3 20
331 2 14 50
331 2 15 50
331 2 16 50
331 3 5 240
331 3 6 240
331 3 7 240
331 3 8 240
331 3 9 240
331 3 10 240
331 3 11 240
331 3 12 240
331 3 13 240
332 1 2 20
332 1 3 20
332 2 14 50
332 2 15 50
332 2 16 50
332 3 5 240
332 3 6 240
332 3 7 240
332 3 8 240
332 3 9 240
332 3 10 240
332 3 11 240
332 3 12 240
332 3 13 240
333 1 2 20
333 1 3 20
333 2 14 50
333 2 15 50
333 2 16 50
333 3 5 240
333 3 6 240
333 3 7 240
333 3 8 240
333 3 9 240
333 3 10 240
333 3 11 240
333 3 12 240
333 3 13 240
334 1 2 20
334 1 3 20
334 2 14 50
334 2 15 50
334 2 16 50
334 3 5 240
334 3 6 240
334 3 7 240
334 3 8 240
334 3 9 240
334 3 10 240
334 3 11 240
334 3 12 240
334 3 13 240
335 1 2 20
335 1 3 20
335 2 14 50
335 2 15 50
335 2 16 50
335 3 5 240
335 3 6 240
335 3 7 240
335 3 8 240
335 3 9 240
335 3 10 240
335 3 11 240
335 3 12 240
335 3 13 240
336 1 2 20
336 1 3 20
336 2 14 50
336 2 15 50
336 2 16 50
336 3 5 240
336 3 6 240
336 3 7 240
336 3 8 240
336 3 9 240
336 3 10 240
336 3 11 240
336 3 12 240
336 3 13 240
337 1 2 20
337 1 3 20
337 2 14 50
337 2 15 50
337 2 16 50
337 3 5 240
337 3 6 240
337 3 7 240
337 3 8 240
337 3 9 240
337 3 10 240
337 3 11 240
337 3 12 240
337 3 13 240
338 1 2 20
338 1 3 20
338 2 14 50
338 2 15 50
338 2 16 50
338 3 5 240
338 3 6 240
338 3 7 240
338 3 8 240
338 3 9 240
338 3 10 240
338 3 11 240
338 3 12 240
338 3 13 240
339 1 2 20
339 1 3 20
339 2 14 50
339 2 15 50
339 2 16 50
339 3 5 240
339 3 6 240
339 3 7 240
339 3 8 240
339 3 9 240
339 3 10 240
339 3 11 240
339 3 12 240
339 3 13 240
340 1 2 20
340 1 3 20
340 2 14 50
340 2 15 50
340 2 16 50
340 3 5 240
340 3 6 240
340 3 7 240
340 3 8 240
340 3 9 240
340 3 10 240
340 3 11 240
340 3 12 240
340 3 13 240
341 1 2 20
341 1 3 20
341 2 14 50
341 2 15 50
341 2 16 50
341 3 5 240
341 3 6 240
341 3 7 240
341 3 8 240
341 3 9 240
341 3 10 240
341 3 11 240
341 3 12 240
341 3 13 240
342 1 2 20
342 1 3 20
342 2 14 50
342 2 15 50
342 2 16 50
342 3 5 240
342 3 6 240
342 3 7 240
342 3 8 240
342 3 9 240
342 3 10 240
342 3 11 240
342 3 12 240
342 3 13 240
343 1 2 20
343 1 3 20
343 2 14 50
343 2 15 50
343 2 16 50
343 3 5 240
343 3 6 240
343 3 7 240
343 3 8 240
343 3 9 240
343 3 10 240
343 3 11 240
343 3 12 240
343 3 13 240
344 1 2 20
344 1 3 20
344 2 14 50
344 2 15 50
344 2 16 50
344 3 5 240
344 3 6 240
344 3 7 240
344 3 8 240
344 3 9 240
344 3 10 240
344 3 11 240
344 3 12 240
344 3 13 240
345 1 2 20
345 1 3 20
345 2 14 50
345 2 15 50
345 2 16 50
345 3 5 240
345 3 6 240
345 3 7 240
345 3 8 240
345 3 9 240
345 3 10 240
345 3 11 240
345 3 12 240
345 3 13 240
346 1 2 20
346 1 3 20
346 2 14 50
346 2 15 50
346 2 16 50
346 3 5 240
346 3 6 240
346 3 7 240
346 3 8 240
346 3 9 240
346 3 10 240
346 3 11 240
346 3 12 240
346 3 13 240
347 1 2 20
347 1 3 20
347 2 14 50
347 2 15 50
347 2 16 50
347 3 5 240
347 3 6 240
347 3 7 240
347 3 8 240
347 3 9 240
347 3 10 240
347 3 11 240
347 3 12 240
347 3 13 240
348 1 2 20
348 1 3 20
348 2 14 50
348 2 15 50
348 2 16 50
348 3 5 240
348 3 6 240
348 3 7 240
348 3 8 240
348 3 9 240
348 3 10 240
348 3 11 240
348 3 12 240
348 3 13 240
349 1 2 20
349 1 3 20
349 2 14 50
349 2 15 50
349 2 16 50
349 3 5 240
349 3 6 240
349 3 7 240
349 3 8 240
349 3 9 240
349 3 10 240
349 3 11 240
349 3 12 240
349 3 13 240
350 1 2 20
350 1 3 20
350 2 14 50
350 2 15 50
350 2 16 50
350 3 5 240
350 3 6 240
350 3 7 240
350 3 8 240
350 3 9 240
350 3 10 240
350 3 11 240
350 3 12 240
350 3 13 240
351 1 2 20
351 1 3 20
351 2 14 50
351 2 15 50
351 2 16 50
351 3 5 240
351 3 6 240
351 3 7 240
351 3 8 240
351 3 9 240
351 3 10 240
351 3 11 240
351 3 12 240
351 3 13 240
352 1 2 20
352 1 3 20
352 2 14 50
352 2 15 50
352 2 16 50
352 3 5 240
352 3 6 240
352 3 7 240
352 3 8 240
352 3 9 240
352 3 10 240
352 3 11 240
352 3 12 240
352 3 13 240
353 1 2 20
353 1 3 20
353 2 14 50
353 2 15 50
353 2 16 50
353 3 5 240
353 3 6 240
353 3 7 240
353 3 8 240
353 3 9 240
353 3 10 240
353 3 11 240
353 3 12 240
353 3 13 240
354 1 2 20
354 1 3 20
354 2 14 50
354 2 15 50
354 2 16 50
354 3 5 240
354 3 6 240
354 3 7 240
354 3 8 240
354 3 9 240
354 3 10 240
354 3 11 240
354 3 12 240
354 3 13 240
355 1 2 20
355 1 3 20
355 2 14 50
355 2 15 50
355 2 16 50
355 3 5 240
355 3 6 240
355 3 7 240
355 3 8 240
355 3 9 240
355 3 10 240
355 3 11 240
355 3 12 240
355 3 13 240
356 1 2 20
356 1 3 20
356 2 14 50
356 2 15 50
356 2 16 50
356 3 5 240
356 3 6 240
356 3 7 240
356 3 8 240
356 3 9 240
356 3 10 240
356 3 11 240
356 3 12 240
356 3 13 240
357 1 2 20
357 1 3 20
357 2 14 50
357 2 15 50
357 2 16 50
357 3 5 240
357 3 6 240
357 3 7 240
357 3 8 240
357 3 9 240
357 3 10 240
357 3 11 240
357 3 12 240
357 3 13 240
358 1 2 20
358 1 3 20
358 2 14 50
358 2 15 50
358 2 16 50
358 3 5 240
358 3 6 240
358 3 7 240
358 3 8 240
358 3 9 240
358 3 10 240
358 3 11 240
358 3 12 240
358 3 13 240
359 1 2 20
359 1 3 20
359 2 14 50
359 2 15 50
359 2 16 50
359 3 5 240
359 3 6 240
359 3 7 240
359 3 8 240
359 3 9 240
359 3 10 240
359 3 11 240
359 3 12 240
359 3 13 240
360 1 2 20
360 1 3 20
360 2 14 50
360 2 15 50
360 2 16 50
360 3 5 240
360 3 6 240
360 3 7 240
360 3 8 240
360 3 9 240
360 3 10 240
360 3 11 240
360 3 12 240
360 3 13 240
361 1 2 20
361 1 3 20
361 2 14 50
361 2 15 50
361 2 16 50
361 3 5 240
361 3 6 240
361 3 7 240
361 3 8 240
361 3 9 240
361 3 10 240
361 3 11 240
361 3 12 240
361 3 13 240
362 1 2 20
362 1 3 20
362 2 14 50
362 2 15 50
362 2 16 50
362 3 5 240
362 3 6 240
362 3 7 240
362 3 8 240
362 3 9 240
362 3 10 240
362 3 11 240
362 3 12 240
362 3 13 240
363 1 2 20
363 1 3 20
363 2 14 50
363 2 15 50
363 2 16 50
363 3 5 240
363 3 6 240
363 3 7 240
363 3 8 240
363 3 9 240
363 3 10 240
363 3 11 240
363 3 12 240
363 3 13 240
364 1 2 20
364 1 3 20
364 2 14 50
364 2 15 50
364 2 16 50
364 3 5 240
364 3 6 240
364 3 7 240
364 3 8 240
364 3 9 240
364 3 10 240
364 3 11 240
364 3 12 240
364 3 13 240
365 1 2 20
365 1 3 20
365 2 14 50
365 2 15 50
365 2 16 50
365 3 5 240
365 3 6 240
365 3 7 240
365 3 8 240
365 3 9 240
365 3 10 240
365 3 11 240
365 3 12 240
365 3 13 240
366 1 2 20
366 1 3 20
366 2 14 50
366 2 15 50
366 2 16 50
366 3 5 240
366 3 6 240
366 3 7 240
366 3 8 240
366 3 9 240
366 3 10 240
366 3 11 240
366 3 12 240
366 3 13 240
367 1 2 20
367 1 3 20
367 2 14 50
367 2 15 50
367 2 16 50
367 3 5 240
367 3 6 240
367 3 7 240
367 3 8 240
367 3 9 240
367 3 10 240
367 3 11 240
367 3 12 240
367 3 13 240
368 1 2 20
368 1 3 20
368 2 14 50
368 2 15 50
368 2 16 50
368 3 5 240
368 3 6 240
368 3 7 240
368 3 8 240
368 3 9 240
368 3 10 240
368 3 11 240
368 3 12 240
368 3 13 240
369 1 2 20
369 1 3 20
369 2 14 50
369 2 15 50
369 2 16 50
369 3 5 240
369 3 6 240
369 3 7 240
369 3 8 240
369 3 9 240
369 3 10 240
369 3 11 240
369 3 12 240
369 3 13 240
370 1 2 20
370 1 3 20
370 2 14 50
370 2 15 50
370 2 16 50
370 3 5 240
370 3 6 240
370 3 7 240
370 3 8 240
370 3 9 240
370 3 10 240
370 3 11 240
370 3 12 240
370 3 13 240
371 1 2 20
371 1 3 20
371 2 14 50
371 2 15 50
371 2 16 50
371 3 5 240
371 3 6 240
371 3 7 240
371 3 8 240
371 3 9 240
371 3 10 240
371 3 11 240
371 3 12 240
371 3 13 240
372 1 2 20
372 1 3 20
372 2 14 50
372 2 15 50
372 2 16 50
372 3 5 240
372 3 6 240
372 3 7 240
372 3 8 240
372 3 9 240
372 3 10 240
372 3 11 240
372 3 12 240
372 3 13 240
373 1 2 20
373 1 3 20
373 2 14 50
373 2 15 50
373 2 16 50
373 3 5 240
373 3 6 240
373 3 7 240
373 3 8 240
373 3 9 240
373 3 10 240
373 3 11 240
373 3 12 240
373 3 13 240
374 1 2 20
374 1 3 20
374 2 14 50
374 2 15 50
374 2 16 50
374 3 5 240
374 3 6 240
374 3 7 240
374 3 8 240
374 3 9 240
374 3 10 240
374 3 11 240
374 3 12 240
374 3 13 240
375 1 2 20
375 1 3 20
375 2 14 50
375 2 15 50
375 2 16 50
375 3 5 240
375 3 6 240
375 3 7 240
375 3 8 240
375 3 9 240
375 3 10 240
375 3 11 240
375 3 12 240
375 3 13 240
376 1 2 20
376 1 3 20
376 2 14 50
376 2 15 50
376 2 16 50
376 3 5 240
376 3 6 240
376 3 7 240
376 3 8 240
376 3 9 240
376 3 10 240
376 3 11 240
376 3 12 240
376 3 13 240
377 1 2 20
377 1 3 20
377 2 14 50
377 2 15 50
377 2 16 50
377 3 5 240
377 3 6 240
377 3 7 240
377 3 8 240
377 3 9 240
377 3 10 240
377 3 11 240
377 3 12 240
377 3 13 240
378 1 2 20
378 1 3 20
378 2 14 50
378 2 15 50
378 2 16 50
378 3 5 240
378 3 6 240
378 3 7 240
378 3 8 240
378 3 9 240
378 3 10 240
378 3 11 240
378 3 12 240
378 3 13 240
379 1 2 20
379 1 3 20
379 2 14 50
379 2 15 50
379 2 16 50
379 3 5 240
379 3 6 240
379 3 7 240
379 3 8 240
379 3 9 240
379 3 10 240
379 3 11 240
379 3 12 240
379 3 13 240
380 1 2 20
380 1 3 20
380 2 14 50
380 2 15 50
380 2 16 50
380 3 5 240
380 3 6 240
380 3 7 240
380 3 8 240
380 3 9 240
380 3 10 240
380 3 11 240
380 3 12 240
380 3 13 240
381 1 2 20
381 1 3 20
381 2 14 50
381 2 15 50
381 2 16 50
381 3 5 240
381 3 6 240
381 3 7 240
381 3 8 240
381 3 9 240
381 3 10 240
381 3 11 240
381 3 12 240
381 3 13 240
382 1 2 20
382 1 3 20
382 2 14 50
382 2 15 50
382 2 16 50
382 3 5 240
382 3 6 240
382 3 7 240
382 3 8 240
382 3 9 240
382 3 10 240
382 3 11 240
382 3 12 240
382 3 13 240
383 1 2 20
383 1 3 20
383 2 14 50
383 2 15 50
383 2 16 50
383 3 5 240
383 3 6 240
383 3 7 240
383 3 8 240
383 3 9 240
383 3 10 240
383 3 11 240
383 3 12 240
383 3 13 240
384 1 2 20
384 1 3 20
384 2 14 50
384 2 15 50
384 2 16 50
384 3 5 240
384 3 6 240
384 3 7 240
384 3 8 240
384 3 9 240
384 3 10 240
384 3 11 240
384 3 12 240
384 3 13 240
385 1 2 20
385 1 3 20
385 2 14 50
385 2 15 50
385 2 16 50
385 3 5 240
385 3 6 240
385 3 7 240
385 3 8 240
385 3 9 240
385 3 10 240
385 3 11 240
385 3 12 240
385 3 13 240
386 1 2 20
386 1 3 20
386 2 14 50
386 2 15 50
386 2 16 50
386 3 5 240
386 3 6 240
386 3 7 240
386 3 8 240
386 3 9 240
386 3 10 240
386 3 11 240
386 3 12 240
386 3 13 240
387 1 2 20
387 1 3 20
387 2 14 50
387 2 15 50
387 2 16 50
387 3 5 240
387 3 6 240
387 3 7 240
387 3 8 240
387 3 9 240
387 3 10 240
387 3 11 240
387 3 12 240
387 3 13 240
388 1 2 20
388 1 3 20
388 2 14 50
388 2 15 50
388 2 16 50
388 3 5 240
388 3 6 240
388 3 7 240
388 3 8 240
388 3 9 240
388 3 10 240
388 3 11 240
388 3 12 240
388 3 13 240
389 1 2 20
389 1 3 20
389 2 14 50
389 2 15 50
389 2 16 50
389 3 5 240
389 3 6 240
389 3 7 240
389 3 8 240
389 3 9 240
389 3 10 240
389 3 11 240
389 3 12 240
389 3 13 240
390 1 2 20
390 1 3 20
390 2 14 50
390 2 15 50
390 2 16 50
390 3 5 240
390 3 6 240
390 3 7 240
390 3 8 240
390 3 9 240
390 3 10 240
390 3 11 240
390 3 12 240
390 3 13 240
391 1 2 20
391 1 3 20
391 2 14 50
391 2 15 50
391 2 16 50
391 3 5 240
391 3 6 240
391 3 7 240
391 3 8 240
391 3 9 240
391 3 10 240
391 3 11 240
391 3 12 240
391 3 13 240
392 1 2 20
392 1 3 20
392 2 14 50
392 2 15 50
392 2 16 50
392 3 5 240
392 3 6 240
392 3 7 240
392 3 8 240
392 3 9 240
392 3 10 240
392 3 11 240
392 3 12 240
392 3 13 240
393 1 2 20
393 1 3 20
393 2 14 50
393 2 15 50
393 2 16 50
393 3 5 240
393 3 6 240
393 3 7 240
393 3 8 240
393 3 9 240
393 3 10 240
393 3 11 240
393 3 12 240
393 3 13 240
394 1 2 20
394 1 3 20
394 2 14 50
394 2 15 50
394 2 16 50
394 3 5 240
394 3 6 240
394 3 7 240
394 3 8 240
394 3 9 240
394 3 10 240
394 3 11 240
394 3 12 240
394 3 13 240
395 1 2 20
395 1 3 20
395 2 14 50
395 2 15 50
395 2 16 50
395 3 5 240
395 3 6 240
395 3 7 240
395 3 8 240
395 3 9 240
395 3 10 240
395 3 11 240
395 3 12 240
395 3 13 240
396 1 2 20
396 1 3 20
396 2 14 50
396 2 15 50
396 2 16 50
396 3 5 240
396 3 6 240
396 3 7 240
396 3 8 240
396 3 9 240
396 3 10 240
396 3 11 240
396 3 12 240
396 3 13 240
397 1 2 20
397 1 3 20
397 2 14 50
397 2 15 50
397 2 16 50
397 3 5 240
397 3 6 240
397 3 7 240
397 3 8 240
397 3 9 240
397 3 10 240
397 3 11 240
397 3 12 240
397 3 13 240
398 1 2 20
398 1 3 20
398 2 14 50
398 2 15 50
398 2 16 50
398 3 5 240
398 3 6 240
398 3 7 240
398 3 8 240
398 3 9 240
398 3 10 240
398 3 11 240
398 3 12 240
398 3 13 240
399 1 2 20
399 1 3 20
399 2 14 50
399 2 15 50
399 2 16 50
399 3 5 240
399 3 6 240
399 3 7 240
399 3 8 240
399 3 9 240
399 3 10 240
399 3 11 240
399 3 12 240
399 3 13 240
400 1 2 20
400 1 3 20
400 2 14 50
400 2 15 50
400 2 16 50
400 3 5 240
400 3 6 240
400 3 7 240
400 3 8 240
400 3 9 240
400 3 10 240
400 3 11 240
400 3 12 240
400 3 13 240
401 1 2 20
401 1 3 20
401 2 14 50
401 2 15 50
401 2 16 50
401 3 5 240
401 3 6 240
401 3 7 240
401 3 8 240
401 3 9 240
401 3 10 240
401 3 11 240
401 3 12 240
401 3 13 240
402 1 2 20
402 1 3 20
402 2 14 50
402 2 15 50
402 2 16 50
402 3 5 240
402 3 6 240
402 3 7 240
402 3 8 240
402 3 9 240
402 3 10 240
402 3 11 240
402 3 12 240
402 3 13 240
403 1 2 20
403 1 3 20
403 2 14 50
403 2 15 50
403 2 16 50
403 3 5 240
403 3 6 240
403 3 7 240
403 3 8 240
403 3 9 240
403 3 10 240
403 3 11 240
403 3 12 240
403 3 13 240
404 1 2 20
404 1 3 20
404 2 14 50
404 2 15 50
404 2 16 50
404 3 5 240
404 3 6 240
404 3 7 240
404 3 8 240
404 3 9 240
404 3 10 240
404 3 11 240
404 3 12 240
404 3 13 240
405 1 2 20
405 1 3 20
405 2 14 50
405 2 15 50
405 2 16 50
405 3 5 240
405 3 6 240
405 3 7 240
405 3 8 240
405 3 9 240
405 3 10 240
405 3 11 240
405 3 12 240
405 3 13 240
406 1 2 20
406 1 3 20
406 2 14 50
406 2 15 50
406 2 16 50
406 3 5 240
406 3 6 240
406 3 7 240
406 3 8 240
406 3 9 240
406 3 10 240
406 3 11 240
406 3 12 240
406 3 13 240
407 1 2 20
407 1 3 20
407 2 14 50
407 2 15 50
407 2 16 50
407 3 5 240
407 3 6 240
407 3 7 240
407 3 8 240
407 3 9 240
407 3 10 240
407 3 11 240
407 3 12 240
407 3 13 240
408 1 2 20
408 1 3 20
408 2 14 50
408 2 15 50
408 2 16 50
408 3 5 240
408 3 6 240
408 3 7 240
408 3 8 240
408 3 9 240
408 3 10 240
408 3 11 240
408 3 12 240
408 3 13 240
409 1 2 20
409 1 3 20
409 2 14 50
409 2 15 50
409 2 16 50
409 3 5 240
409 3 6 240
409 3 7 240
409 3 8 240
409 3 9 240
409 3 10 240
409 3 11 240
409 3 12 240
409 3 13 240
410 1 2 20
410 1 3 20
410 2 14 50
410 2 15 50
410 2 16 50
410 3 5 240
410 3 6 240
410 3 7 240
410 3 8 240
410 3 9 240
410 3 10 240
410 3 11 240
410 3 12 240
410 3 13 240
411 1 2 20
411 1 3 20
411 2 14 50
411 2 15 50
411 2 16 50
411 3 5 240
411 3 6 240
411 3 7 240
411 3 8 240
411 3 9 240
411 3 10 240
411 3 11 240
411 3 12 240
411 3 13 240
412 1 2 20
412 1 3 20
412 2 14 50
412 2 15 50
412 2 16 50
412 3 5 240
412 3 6 240
412 3 7 240
412 3 8 240
412 3 9 240
412 3 10 240
412 3 11 240
412 3 12 240
412 3 13 240
413 1 2 20
413 1 3 20
413 2 14 50
413 2 15 50
413 2 16 50
413 3 5 240
413 3 6 240
413 3 7 240
413 3 8 240
413 3 9 240
413 3 10 240
413 3 11 240
413 3 12 240
413 3 13 240
414 1 2 20
414 1 3 20
414 2 14 50
414 2 15 50
414 2 16 50
414 3 5 240
414 3 6 240
414 3 7 240
414 3 8 240
414 3 9 240
414 3 10 240
414 3 11 240
414 3 12 240
414 3 13 240
415 1 2 20
415 1 3 20
415 2 14 50
415 2 15 50
415 2 16 50
415 3 5 240
415 3 6 240
415 3 7 240
415 3 8 240
415 3 9 240
415 3 10 240
415 3 11 240
415 3 12 240
415 3 13 240
