654
30
2 2 2 2 2 2 2 2 2 2 2 2 2 2 2 2 2 2 2 2 2 2 2 2 2 2 2 2 2 2 2 2 2 2 2 2 2 2 2 2 2 2 2 2 2 2 2 2 2 2 2 2 2 2 2 2 2 2 2 2 2 2 2 2 2 2 2 2 2 2 2 2 2 2 2 2 2 2 2 2 2 2 2 2 2 2 2 2 2 2 2 2 2 2 2 2 2 2 2 2 2 2 2 2 2 2 2 2 2 2 2 2 2 2 2 2 2 2 2 2 2 2 2 2 2 2 2 2 2 2 2 2 2 2 2 2 2 2 2 2 2 2 2 2 2 2 2 2 2 2 2 2 2 2 2 2 2 2 2 2 2 2 2 2 2 2 2 2 2 2 2 2 2 2 2 2 2 2 2 2 2 2 2 2 2 2 2 2 2 2 2 2 2 2 2 2 2 2 2 2 2 2 2 2 2 2 2 2 2 2 2 2 2 2 2 2 2 2 2 2 2 2 2 2 6 6 6 6 6 6 6 6 6 6 6 6 6 6 6 6 6 6 6 6 6 6 6 6 6 6 6 6 6 6 6 6 6 6 6 6 6 6 6 6 6 6 6 6 6 6 6 6 6 6 6 6 6 6 6 6 6 6 6 6 6 6 6 6 6 6 6 6 6 6 6 6 6 6 6 6 6 6 6 6 6 6 6 6 6 6 6 6 6 6 6 6 6 6 6 6 6 6 6 6 6 6 6 6 6 6 6 6 6 6 6 6 6 6 6 6 6 6 6 6 6 6 6 6 6 6 6 6 6 6 6 6 6 6 6 6 6 6 6 6 6 6 6 6 6 6 6 6 6 6 6 6 6 6 6 6 6 6 6 6 6 6 6 6 6 6 6 6 6 6 6 6 6 6 6 6 6 6 6 6 6 6 6 6 6 6 6 6 6 6 6 6 6 6 6 6 6 6 6 6 6 6 6 6 6 6 6 6 6 6 6 6 6 6 6 6 6 6 6 6 6 6 6 6 6 6 6 6 6 6 2 2 2 2 2 2 2 2 2 2 2 2 2 2 2 2 2 2 2 2 2 2 2 2 2 2 2 2 2 2 2 2 2 2 2 2 2 2 2 2 2 2 2 2 2 2 2 2 2 2 2 2 2 2 2 2 2 2 2 2 2 2 2 2 2 2 2 2 2 2 2 2 2 2 2 2 2 2 2 2 2 2 2 2 2 2 2 2 2 2 2 2 2 2 2 2 2 2 2 2 2 2 2 2 2 2 2 2 2 2 2 2 2 2 2 2 2 2 2 2 2 2 2 2 2 2 2 2 2 2 2 2 2 2 2 2 2 2 2 2 2 2 2 2 2 2 2 2 2 2 2 2 2 2 2 2 2 2 2 2 2 2 2 2 2 2 2 2 2 2 2 2 2 2 2 2 2 2 2 2 2 2 2 2 2 2 2 2 2 2 2 2 2 2 2 2 2 2 2 2
28800 28800 28800 28800 28800 28800 28800 28800 28800 28800 28800 28800 28800 28800 28800 28800 28800 28800 28800 28800 28800 28800 28800 28800 28800 28800 28800 28800 28800 28800 28800 28800 28800 28800 28800 28800 28800 28800 28800 28800 28800 28800 28800 28800 28800 28800 28800 28800 28800 28800 28800 28800 28800 28800 28800 28800 28800 28800 28800 28800 28800 28800 28800 28800 28800 28800 28800 28800 28800 28800 28800 28800 28800 28800 28800 28800 28800 28800 28800 28800 28800 28800 28800 28800 28800 28800 28800 28800 28800 28800 28800 28800 28800 28800 28800 28800 28800 28800 28800 28800 28800 28800 28800 28800 28800 28800 28800 28800 28800 28800 28800 28800 28800 28800 28800 28800 28800 28800 28800 28800 28800 28800 28800 28800 28800 28800 28800 28800 28800 28800 28800 28800 28800 28800 28800 28800 28800 28800 28800 28800 28800 28800 28800 28800 28800 28800 28800 28800 28800 28800 28800 28800 28800 28800 28800 28800 28800 28800 28800 28800 28800 28800 28800 28800 28800 28800 28800 28800 28800 28800 28800 28800 28800 28800 28800 28800 28800 28800 28800 28800 28800 28800 28800 28800 28800 28800 28800 28800 28800 28800 28800 28800 28800 28800 28800 28800 28800 28800 28800 28800 28800 28800 28800 28800 28800 28800 28800 28800 28800 28800 28800 28800 28800 28800 28800 28800 28800 28800 28800 28800 28800 28800 28800 28800 28800 28800 28800 28800 28800 28800 28800 28800 28800 28800 28800 28800 28800 28800 28800 28800 28800 28800 28800 28800 28800 28800 28800 28800 28800 28800 28800 28800 28800 28800 28800 28800 28800 28800 28800 28800 28800 28800 28800 28800 28800 28800 28800 28800 28800 28800 28800 28800 28800 28800 28800 28800 28800 28800 28800 28800 28800 28800 28800 28800 28800 28800 28800 28800 28800 28800 28800 28800 28800 28800 28800 28800 28800 28800 28800 28800 28800 28800 28800 28800 28800 28800 28800 28800 28800 28800 28800 28800 28800 28800 28800 28800 28800 28800 28800 28800 28800 28800 28800 28800 28800 28800 28800 28800 28800 28800 28800 28800 28800 28800 28800 28800 28800 28800 28800 28800 28800 28800 28800 28800 28800 28800 28800 28800 28800 28800 28800 28800 28800 28800 28800 28800 28800 28800 28800 28800 28800 28800 28800 28800 28800 28800 28800 28800 28800 28800 28800 28800 28800 28800 28800 28800 28800 28800 28800 28800 28800 28800 28800 28800 28800 28800 28800 28800 28800 28800 28800 28800 28800 28800 28800 28800 28800 28800 28800 28800 28800 28800 28800 28800 28800 28800 28800 28800 28800 28800 28800 28800 28800 28800 28800 28800 28800 28800 28800 28800 28800 28800 28800 28800 28800 28800 28800 28800 28800 28800 28800 28800 28800 28800 28800 28800 28800 28800 28800 28800 28800 28800 28800 28800 28800 28800 28800 28800 28800 28800 28800 28800 28800 28800 28800 28800 28800 28800 28800 28800 28800 28800 28800 28800 28800 28800 28800 28800 28800 28800 28800 28800 28800 28800 28800 28800 28800 28800 28800 28800 28800 28800 28800 28800 28800 28800 28800 28800 28800 28800 28800 28800 28800 28800 28800 28800 28800 28800 28800 28800 28800 28800 28800 28800 28800 28800 28800 28800 28800 28800 28800 28800 28800 28800 28800 28800 28800 28800 28800 28800 28800 28800 28800 28800 28800 28800 28800 28800 28800 28800 28800 28800 28800 28800 28800 28800 28800 28800 28800 28800 28800 28800 28800 28800 28800 28800 28800 28800 28800 28800 28800 28800 28800 28800 28800 28800 28800 28800 28800 28800 28800 28800 28800 28800 28800 28800 28800 28800 28800 28800 28800 28800 28800 28800 28800 28800 28800 28800 28800 28800 28800 28800 28800 28800 28800 28800 28800 28800 28800 28800 28800 28800 28800 28800 28800 28800 28800 28800 28800 28800 28800 28800 28800 28800 28800 28800 28800 28800 28800 28800 28800 28800 28800 28800 28800 28800 28800 28800 28800 28800 28800 28800 28800 28800 28800 28800 28800 28800 28800 28800 28800 28800 28800 28800 28800 28800 28800 28800 28800 28800 28800 28800 28800 28800 28800 28800 28800 28800 28800 28800 28800 28800 28800 28800
1 1 4 5
1 2 17 25
1 2 18 25
2 1 4 5
2 2 17 25
2 2 18 25
3 1 4 5
3 2 17 25
3 2 18 25
4 1 4 5
4 2 17 25
4 2 18 25
5 1 4 5
5 2 17 25
5 2 18 25
6 1 4 5
6 2 17 25
6 2 18 25
7 1 4 5
7 2 17 25
7 2 18 25
8 1 4 5
8 2 17 25
8 2 18 25
9 1 4 5
9 2 17 25
9 2 18 25
10 1 4 5
10 2 17 25
10 2 18 25
11 1 4 5
11 2 17 25
11 2 18 25
12 1 4 5
12 2 17 25
12 2 18 25
13 1 4 5
13 2 17 25
13 2 18 25
14 1 4 5
14 2 17 25
14 2 18 25
15 1 4 5
15 2 17 25
15 2 18 25
16 1 4 5
16 2 17 25
16 2 18 25
17 1 4 5
17 2 17 25
17 2 18 25
18 1 4 5
18 2 17 25
18 2 18 25
19 1 4 5
19 2 17 25
19 2 18 25
20 1 4 5
20 2 17 25
20 2 18 25
21 1 4 5
21 2 17 25
21 2 18 25
22 1 4 5
22 2 17 25
22 2 18 25
23 1 4 5
23 2 17 25
23 2 18 25
24 1 4 5
24 2 17 25
24 2 18 25
25 1 4 5
25 2 17 25
25 2 18 25
26 1 4 5
26 2 17 25
26 2 18 25
27 1 4 5
27 2 17 25
27 2 18 25
28 1 4 5
28 2 17 25
28 2 18 25
29 1 4 5
29 2 17 25
29 2 18 25
30 1 4 5
30 2 17 25
30 2 18 25
31 1 4 5
31 2 17 25
31 2 18 25
32 1 4 5
32 2 17 25
32 2 18 25
33 1 4 5
33 2 17 25
33 2 18 25
34 1 4 5
34 2 17 25
34 2 18 25
35 1 4 5
35 2 17 25
35 2 18 25
36 1 4 5
36 2 17 25
36 2 18 25
37 1 4 5
37 2 17 25
37 2 18 25
38 1 4 5
38 2 17 25
38 2 18 25
39 1 4 5
39 2 17 25
39 2 18 25
40 1 4 5
40 2 17 25
40 2 18 25
41 1 4 5
41 2 17 25
41 2 18 25
42 1 4 5
42 2 17 25
42 2 18 25
43 1 4 5
43 2 17 25
43 2 18 25
44 1 4 5
44 2 17 25
44 2 18 25
45 1 4 5
45 2 17 25
45 2 18 25
46 1 4 5
46 2 17 25
46 2 18 25
47 1 4 5
47 2 17 25
47 2 18 25
48 1 4 5
48 2 17 25
48 2 18 25
49 1 4 5
49 2 17 25
49 2 18 25
50 1 4 5
50 2 17 25
50 2 18 25
51 1 4 5
51 2 17 25
51 2 18 25
52 1 4 5
52 2 17 25
52 2 18 25
53 1 4 5
53 2 17 25
53 2 18 25
54 1 4 5
54 2 17 25
54 2 18 25
55 1 4 5
55 2 17 25
55 2 18 25
56 1 4 5
56 2 17 25
56 2 18 25
57 1 4 5
57 2 17 25
57 2 18 25
58 1 4 5
58 2 17 25
58 2 18 25
59 1 4 5
59 2 17 25
59 2 18 25
60 1 4 5
60 2 17 25
60 2 18 25
61 1 4 5
61 2 17 25
61 2 18 25
62 1 4 5
62 2 17 25
62 2 18 25
63 1 4 5
63 2 17 25
63 2 18 25
64 1 4 5
64 2 17 25
64 2 18 25
65 1 4 5
65 2 17 25
65 2 18 25
66 1 4 5
66 2 17 25
66 2 18 25
67 1 4 5
67 2 17 25
67 2 18 25
68 1 4 5
68 2 17 25
68 2 18 25
69 1 4 5
69 2 17 25
69 2 18 25
70 1 4 5
70 2 17 25
70 2 18 25
71 1 4 5
71 2 17 25
71 2 18 25
72 1 4 5
72 2 17 25
72 2 18 25
73 1 4 5
73 2 17 25
73 2 18 25
74 1 4 5
74 2 17 25
74 2 18 25
75 1 4 5
75 2 17 25
75 2 18 25
76 1 4 5
76 2 17 25
76 2 18 25
77 1 4 5
77 2 17 25
77 2 18 25
78 1 4 5
78 2 17 25
78 2 18 25
79 1 4 5
79 2 17 25
79 2 18 25
80 1 4 5
80 2 17 25
80 2 18 25
81 1 4 5
81 2 17 25
81 2 18 25
82 1 4 5
82 2 17 25
82 2 18 25
83 1 4 5
83 2 17 25
83 2 18 25
84 1 4 5
84 2 17 25
84 2 18 25
85 1 4 5
85 2 17 25
85 2 18 25
86 1 4 5
86 2 17 25
86 2 18 25
87 1 4 5
87 2 17 25
87 2 18 25
88 1 4 5
88 2 17 25
88 2 18 25
89 1 4 5
89 2 17 25
89 2 18 25
90 1 4 5
90 2 17 25
90 2 18 25
91 1 4 5
91 2 17 25
91 2 18 25
92 1 4 5
92 2 17 25
92 2 18 25
93 1 4 5
93 2 17 25
93 2 18 25
94 1 4 5
94 2 17 25
94 2 18 25
95 1 4 5
95 2 17 25
95 2 18 25
96 1 4 5
96 2 17 25
96 2 18 25
97 1 4 5
97 2 17 25
97 2 18 25
98 1 4 5
98 2 17 25
98 2 18 25
99 1 4 5
99 2 17 25
99 2 18 25
100 1 4 5
100 2 17 25
100 2 18 25
101 1 4 5
101 2 17 25
101 2 18 25
102 1 4 5
102 2 17 25
102 2 18 25
103 1 4 5
103 2 17 25
103 2 18 25
104 1 4 5
104 2 17 25
104 2 18 25
105 1 4 5
105 2 17 25
105 2 18 25
106 1 4 5
106 2 17 25
106 2 18 25
107 1 4 5
107 2 17 25
107 2 18 25
108 1 4 5
108 2 17 25
108 2 18 25
109 1 4 5
109 2 17 25
109 2 18 25
110 1 4 5
110 2 17 25
110 2 18 25
111 1 4 5
111 2 17 25
111 2 18 25
112 1 4 5
112 2 17 25
112 2 18 25
113 1 4 5
113 2 17 25
113 2 18 25
114 1 4 5
114 2 17 25
114 2 18 25
115 1 4 5
115 2 17 25
115 2 18 25
116 1 4 5
116 2 17 25
116 2 18 25
117 1 4 5
117 2 17 25
117 2 18 25
118 1 4 5
118 2 17 25
118 2 18 25
119 1 4 5
119 2 17 25
119 2 18 25
120 1 4 5
120 2 17 25
120 2 18 25
121 1 4 5
121 2 17 25
121 2 18 25
122 1 4 5
122 2 17 25
122 2 18 25
123 1 4 5
123 2 17 25
123 2 18 25
124 1 4 5
124 2 17 25
124 2 18 25
125 1 4 5
125 2 17 25
125 2 18 25
126 1 4 5
126 2 17 25
126 2 18 25
127 1 4 5
127 2 17 25
127 2 18 25
128 1 4 5
128 2 17 25
128 2 18 25
129 1 4 5
129 2 17 25
129 2 18 25
130 1 4 5
130 2 17 25
130 2 18 25
131 1 4 5
131 2 17 25
131 2 18 25
132 1 4 5
132 2 17 25
132 2 18 25
133 1 4 5
133 2 17 25
133 2 18 25
134 1 4 5
134 2 17 25
134 2 18 25
135 1 4 5
135 2 17 25
135 2 18 25
136 1 4 5
136 2 17 25
136 2 18 25
137 1 4 5
137 2 17 25
137 2 18 25
138 1 4 5
138 2 17 25
138 2 18 25
139 1 4 5
139 2 17 25
139 2 18 25
140 1 4 5
140 2 17 25
140 2 18 25
141 1 4 5
141 2 17 25
141 2 18 25
142 1 4 5
142 2 17 25
142 2 18 25
143 1 4 5
143 2 17 25
143 2 18 25
144 1 4 5
144 2 17 25
144 2 18 25
145 1 4 5
145 2 17 25
145 2 18 25
146 1 4 5
146 2 17 25
146 2 18 25
147 1 4 5
147 2 17 25
147 2 18 25
148 1 4 5
148 2 17 25
148 2 18 25
149 1 4 5
149 2 17 25
149 2 18 25
150 1 4 5
150 2 17 25
150 2 18 25
151 1 4 5
151 2 17 25
151 2 18 25
152 1 4 5
152 2 17 25
152 2 18 25
153 1 4 5
153 2 17 25
153 2 18 25
154 1 4 5
154 2 17 25
154 2 18 25
155 1 4 5
155 2 17 25
155 2 18 25
156 1 4 5
156 2 17 25
156 2 18 25
157 1 4 5
157 2 17 25
157 2 18 25
158 1 4 5
158 2 17 25
158 2 18 25
159 1 4 5
159 2 17 25
159 2 18 25
160 1 4 5
160 2 17 25
160 2 18 25
161 1 4 5
161 2 17 25
161 2 18 25
162 1 4 5
162 2 17 25
162 2 18 25
163 1 4 5
163 2 17 25
163 2 18 25
164 1 4 5
164 2 17 25
164 2 18 25
165 1 4 5
165 2 17 25
165 2 18 25
166 1 4 5
166 2 17 25
166 2 18 25
167 1 4 5
167 2 17 25
167 2 18 25
168 1 4 5
168 2 17 25
168 2 18 25
169 1 4 5
169 2 17 25
169 2 18 25
170 1 4 5
170 2 17 25
170 2 18 25
171 1 4 5
171 2 17 25
171 2 18 25
172 1 4 5
172 2 17 25
172 2 18 25
173 1 4 5
173 2 17 25
173 2 18 25
174 1 4 5
174 2 17 25
174 2 18 25
175 1 4 5
175 2 17 25
175 2 18 25
176 1 4 5
176 2 17 25
176 2 18 25
177 1 4 5
177 2 17 25
177 2 18 25
178 1 4 5
178 2 17 25
178 2 18 25
179 1 4 5
179 2 17 25
179 2 18 25
180 1 4 5
180 2 17 25
180 2 18 25
181 1 4 5
181 2 17 25
181 2 18 25
182 1 4 5
182 2 17 25
182 2 18 25
183 1 4 5
183 2 17 25
183 2 18 25
184 1 4 5
184 2 17 25
184 2 18 25
185 1 4 5
185 2 17 25
185 2 18 25
186 1 4 5
186 2 17 25
186 2 18 25
187 1 4 5
187 2 17 25
187 2 18 25
188 1 4 5
188 2 17 25
188 2 18 25
189 1 4 5
189 2 17 25
189 2 18 25
190 1 4 5
190 2 17 25
190 2 18 25
191 1 4 5
191 2 17 25
191 2 18 25
192 1 4 5
192 2 17 25
192 2 18 25
193 1 4 5
193 2 17 25
193 2 18 25
194 1 4 5
194 2 17 25
194 2 18 25
195 1 4 5
195 2 17 25
195 2 18 25
196 1 4 5
196 2 17 25
196 2 18 25
197 1 4 5
197 2 17 25
197 2 18 25
198 1 4 5
198 2 17 25
198 2 18 25
199 1 4 5
199 2 17 25
199 2 18 25
200 1 4 5
200 2 17 25
200 2 18 25
201 1 4 5
201 2 17 25
201 2 18 25
202 1 4 5
202 2 17 25
202 2 18 25
203 1 4 5
203 2 17 25
203 2 18 25
204 1 4 5
204 2 17 25
204 2 18 25
205 1 4 5
205 2 17 25
205 2 18 25
206 1 4 5
206 2 17 25
206 2 18 25
207 1 4 5
207 2 17 25
207 2 18 25
208 1 4 5
208 2 17 25
208 2 18 25
209 1 4 5
209 2 17 25
209 2 18 25
210 1 4 5
210 2 17 25
210 2 18 25
211 1 4 5
211 2 17 25
211 2 18 25
212 1 4 5
212 2 17 25
212 2 18 25
213 1 4 5
213 2 17 25
213 2 18 25
214 1 4 5
214 2 17 25
214 2 18 25
215 1 4 5
215 2 17 25
215 2 18 25
216 1 4 5
216 2 17 25
216 2 18 25
217 1 4 5
217 2 17 25
217 2 18 25
218 1 4 5
218 2 17 25
218 2 18 25
219 1 4 5
219 2 17 25
219 2 18 25
220 1 4 5
220 2 17 25
220 2 18 25
221 1 4 5
221 2 17 25
221 2 18 25
222 1 4 5
222 2 17 25
222 2 18 25
223 1 4 5
223 2 17 25
223 2 18 25
224 1 4 5
224 2 17 25
224 2 18 25
225 1 4 10
225 2 14 70
225 2 15 70
225 2 16 70
225 3 21 205
225 3 22 205
225 4 23 55
225 4 24 55
225 4 25 55
225 5 26 135
225 5 27 135
225 6 28 90
225 6 29 90
225 6 30 90
226 1 4 10
226 2 14 70
226 2 15 70
226 2 16 70
226 3 21 205
226 3 22 205
226 4 23 55
226 4 24 55
226 4 25 55
226 5 26 135
226 5 27 135
226 6 28 90
226 6 29 90
226 6 30 90
227 1 4 10
227 2 14 70
227 2 15 70
227 2 16 70
227 3 21 205
227 3 22 205
227 4 23 55
227 4 24 55
227 4 25 55
227 5 26 135
227 5 27 135
227 6 28 90
227 6 29 90
227 6 30 90
228 1 4 10
228 2 14 70
228 2 15 70
228 2 16 70
228 3 21 205
228 3 22 205
228 4 23 55
228 4 24 55
228 4 25 55
228 5 26 135
228 5 27 135
228 6 28 90
228 6 29 90
228 6 30 90
229 1 4 10
229 2 14 70
229 2 15 70
229 2 16 70
229 3 21 205
229 3 22 205
229 4 23 55
229 4 24 55
229 4 25 55
229 5 26 135
229 5 27 135
229 6 28 90
229 6 29 90
229 6 30 90
230 1 4 10
230 2 14 70
230 2 15 70
230 2 16 70
230 3 21 205
230 3 22 205
230 4 23 55
230 4 24 55
230 4 25 55
230 5 26 135
230 5 27 135
230 6 28 90
230 6 29 90
230 6 30 90
231 1 4 10
231 2 14 70
231 2 15 70
231 2 16 70
231 3 21 205
231 3 22 205
231 4 23 55
231 4 24 55
231 4 25 55
231 5 26 135
231 5 27 135
231 6 28 90
231 6 29 90
231 6 30 90
232 1 4 10
232 2 14 70
232 2 15 70
232 2 16 70
232 3 21 205
232 3 22 205
232 4 23 55
232 4 24 55
232 4 25 55
232 5 26 135
232 5 27 135
232 6 28 90
232 6 29 90
232 6 30 90
233 1 4 10
233 2 14 70
233 2 15 70
233 2 16 70
233 3 21 205
233 3 22 205
233 4 23 55
233 4 24 55
233 4 25 55
233 5 26 135
233 5 27 135
233 6 28 90
233 6 29 90
233 6 30 90
234 1 4 10
234 2 14 70
234 2 15 70
234 2 16 70
234 3 21 205
234 3 22 205
234 4 23 55
234 4 24 55
234 4 25 55
234 5 26 135
234 5 27 135
234 6 28 90
234 6 29 90
234 6 30 90
235 1 4 10
235 2 14 70
235 2 15 70
235 2 16 70
235 3 21 205
235 3 22 205
235 4 23 55
235 4 24 55
235 4 25 55
235 5 26 135
235 5 27 135
235 6 28 90
235 6 29 90
235 6 30 90
236 1 4 10
236 2 14 70
236 2 15 70
236 2 16 70
236 3 21 205
236 3 22 205
236 4 23 55
236 4 24 55
236 4 25 55
236 5 26 135
236 5 27 135
236 6 28 90
236 6 29 90
236 6 30 90
237 1 4 10
237 2 14 70
237 2 15 70
237 2 16 70
237 3 21 205
237 3 22 205
237 4 23 55
237 4 24 55
237 4 25 55
237 5 26 135
237 5 27 135
237 6 28 90
237 6 29 90
237 6 30 90
238 1 4 10
238 2 14 70
238 2 15 70
238 2 16 70
238 3 21 205
238 3 22 205
238 4 23 55
238 4 24 55
238 4 25 55
238 5 26 135
238 5 27 135
238 6 28 90
238 6 29 90
238 6 30 90
239 1 4 10
239 2 14 70
239 2 15 70
239 2 16 70
239 3 21 205
239 3 22 205
239 4 23 55
239 4 24 55
239 4 25 55
239 5 26 135
239 5 27 135
239 6 28 90
239 6 29 90
239 6 30 90
240 1 4 10
240 2 14 70
240 2 15 70
240 2 16 70
240 3 21 205
240 3 22 205
240 4 23 55
240 4 24 55
240 4 25 55
240 5 26 135
240 5 27 135
240 6 28 90
240 6 29 90
240 6 30 90
241 1 4 10
241 2 14 70
241 2 15 70
241 2 16 70
241 3 21 205
241 3 22 205
241 4 23 55
241 4 24 55
241 4 25 55
241 5 26 135
241 5 27 135
241 6 28 90
241 6 29 90
241 6 30 90
242 1 4 10
242 2 14 70
242 2 15 70
242 2 16 70
242 3 21 205
242 3 22 205
242 4 23 55
242 4 24 55
242 4 25 55
242 5 26 135
242 5 27 135
242 6 28 90
242 6 29 90
242 6 30 90
243 1 4 10
243 2 14 70
243 2 15 70
243 2 16 70
243 3 21 205
243 3 22 205
243 4 23 55
243 4 24 55
243 4 25 55
243 5 26 135
243 5 27 135
243 6 28 90
243 6 29 90
243 6 30 90
244 1 4 10
244 2 14 70
244 2 15 70
244 2 16 70
244 3 21 205
244 3 22 205
244 4 23 55
244 4 24 55
244 4 25 55
244 5 26 135
244 5 27 135
244 6 28 90
244 6 29 90
244 6 30 90
245 1 4 10
245 2 14 70
245 2 15 70
245 2 16 70
245 3 21 205
245 3 22 205
245 4 23 55
245 4 24 55
245 4 25 55
245 5 26 135
245 5 27 135
245 6 28 90
245 6 29 90
245 6 30 90
246 1 4 10
246 2 14 70
246 2 15 70
246 2 16 70
246 3 21 205
246 3 22 205
246 4 23 55
246 4 24 55
246 4 25 55
246 5 26 135
246 5 27 135
246 6 28 90
246 6 29 90
246 6 30 90
247 1 4 10
247 2 14 70
247 2 15 70
247 2 16 70
247 3 21 205
247 3 22 205
247 4 23 55
247 4 24 55
247 4 25 55
247 5 26 135
247 5 27 135
247 6 28 90
247 6 29 90
247 6 30 90
248 1 4 10
248 2 14 70
248 2 15 70
248 2 16 70
248 3 21 205
248 3 22 205
248 4 23 55
248 4 24 55
248 4 25 55
248 5 26 135
248 5 27 135
248 6 28 90
248 6 29 90
248 6 30 90
249 1 4 10
249 2 14 70
249 2 15 70
249 2 16 70
249 3 21 205
249 3 22 205
249 4 23 55
249 4 24 55
249 4 25 55
249 5 26 135
249 5 27 135
249 6 28 90
249 6 29 90
249 6 30 90
250 1 4 10
250 2 14 70
250 2 15 70
250 2 16 70
250 3 21 205
250 3 22 205
250 4 23 55
250 4 24 55
250 4 25 55
250 5 26 135
250 5 27 135
250 6 28 90
250 6 29 90
250 6 30 90
251 1 4 10
251 2 14 70
251 2 15 70
251 2 16 70
251 3 21 205
251 3 22 205
251 4 23 55
251 4 24 55
251 4 25 55
251 5 26 135
251 5 27 135
251 6 28 90
251 6 29 90
251 6 30 90
252 1 4 10
252 2 14 70
252 2 15 70
252 2 16 70
252 3 21 205
252 3 22 205
252 4 23 55
252 4 24 55
252 4 25 55
252 5 26 135
252 5 27 135
252 6 28 90
252 6 29 90
252 6 30 90
253 1 4 10
253 2 14 70
253 2 15 70
253 2 16 70
253 3 21 205
253 3 22 205
253 4 23 55
253 4 24 55
253 4 25 55
253 5 26 135
253 5 27 135
253 6 28 90
253 6 29 90
253 6 30 90
254 1 4 10
254 2 14 70
254 2 15 70
254 2 16 70
254 3 21 205
254 3 22 205
254 4 23 55
254 4 24 55
254 4 25 55
254 5 26 135
254 5 27 135
254 6 28 90
254 6 29 90
254 6 30 90
255 1 4 10
255 2 14 70
255 2 15 70
255 2 16 70
255 3 21 205
255 3 22 205
255 4 23 55
255 4 24 55
255 4 25 55
255 5 26 135
255 5 27 135
255 6 28 90
255 6 29 90
255 6 30 90
256 1 4 10
256 2 14 70
256 2 15 70
256 2 16 70
256 3 21 205
256 3 22 205
256 4 23 55
256 4 24 55
256 4 25 55
256 5 26 135
256 5 27 135
256 6 28 90
256 6 29 90
256 6 30 90
257 1 4 10
257 2 14 70
257 2 15 70
257 2 16 70
257 3 21 205
257 3 22 205
257 4 23 55
257 4 24 55
257 4 25 55
257 5 26 135
257 5 27 135
257 6 28 90
257 6 29 90
257 6 30 90
258 1 4 10
258 2 14 70
258 2 15 70
258 2 16 70
258 3 21 205
258 3 22 205
258 4 23 55
258 4 24 55
258 4 25 55
258 5 26 135
258 5 27 135
258 6 28 90
258 6 29 90
258 6 30 90
259 1 4 10
259 2 14 70
259 2 15 70
259 2 16 70
259 3 21 205
259 3 22 205
259 4 23 55
259 4 24 55
259 4 25 55
259 5 26 135
259 5 27 135
259 6 28 90
259 6 29 90
259 6 30 90
260 1 4 10
260 2 14 70
260 2 15 70
260 2 16 70
260 3 21 205
260 3 22 205
260 4 23 55
260 4 24 55
260 4 25 55
260 5 26 135
260 5 27 135
260 6 28 90
260 6 29 90
260 6 30 90
261 1 4 10
261 2 14 70
261 2 15 70
261 2 16 70
261 3 21 205
261 3 22 205
261 4 23 55
261 4 24 55
261 4 25 55
261 5 26 135
261 5 27 135
261 6 28 90
261 6 29 90
261 6 30 90
262 1 4 10
262 2 14 70
262 2 15 70
262 2 16 70
262 3 21 205
262 3 22 205
262 4 23 55
262 4 24 55
262 4 25 55
262 5 26 135
262 5 27 135
262 6 28 90
262 6 29 90
262 6 30 90
263 1 4 10
263 2 14 70
263 2 15 70
263 2 16 70
263 3 21 205
263 3 22 205
263 4 23 55
263 4 24 55
263 4 25 55
263 5 26 135
263 5 27 135
263 6 28 90
263 6 29 90
263 6 30 90
264 1 4 10
264 2 14 70
264 2 15 70
264 2 16 70
264 3 21 205
264 3 22 205
264 4 23 55
264 4 24 55
264 4 25 55
264 5 26 135
264 5 27 135
264 6 28 90
264 6 29 90
264 6 30 90
265 1 4 10
265 2 14 70
265 2 15 70
265 2 16 70
265 3 21 205
265 3 22 205
265 4 23 55
265 4 24 55
265 4 25 55
265 5 26 135
265 5 27 135
265 6 28 90
265 6 29 90
265 6 30 90
266 1 4 10
266 2 14 70
266 2 15 70
266 2 16 70
266 3 21 205
266 3 22 205
266 4 23 55
266 4 24 55
266 4 25 55
266 5 26 135
266 5 27 135
266 6 28 90
266 6 29 90
266 6 30 90
267 1 4 10
267 2 14 70
267 2 15 70
267 2 16 70
267 3 21 205
267 3 22 205
267 4 23 55
267 4 24 55
267 4 25 55
267 5 26 135
267 5 27 135
267 6 28 90
267 6 29 90
267 6 30 90
268 1 4 10
268 2 14 70
268 2 15 70
268 2 16 70
268 3 21 205
268 3 22 205
268 4 23 55
268 4 24 55
268 4 25 55
268 5 26 135
268 5 27 135
268 6 28 90
268 6 29 90
268 6 30 90
269 1 4 10
269 2 14 70
269 2 15 70
269 2 16 70
269 3 21 205
269 3 22 205
269 4 23 55
269 4 24 55
269 4 25 55
269 5 26 135
269 5 27 135
269 6 28 90
269 6 29 90
269 6 30 90
270 1 4 10
270 2 14 70
270 2 15 70
270 2 16 70
270 3 21 205
270 3 22 205
270 4 23 55
270 4 24 55
270 4 25 55
270 5 26 135
270 5 27 135
270 6 28 90
270 6 29 90
270 6 30 90
271 1 4 10
271 2 14 70
271 2 15 70
271 2 16 70
271 3 21 205
271 3 22 205
271 4 23 55
271 4 24 55
271 4 25 55
271 5 26 135
271 5 27 135
271 6 28 90
271 6 29 90
271 6 30 90
272 1 4 10
272 2 14 70
272 2 15 70
272 2 16 70
272 3 21 205
272 3 22 205
272 4 23 55
272 4 24 55
272 4 25 55
272 5 26 135
272 5 27 135
272 6 28 90
272 6 29 90
272 6 30 90
273 1 4 10
273 2 14 70
273 2 15 70
273 2 16 70
273 3 21 205
273 3 22 205
273 4 23 55
273 4 24 55
273 4 25 55
273 5 26 135
273 5 27 135
273 6 28 90
273 6 29 90
273 6 30 90
274 1 4 10
274 2 14 70
274 2 15 70
274 2 16 70
274 3 21 205
274 3 22 205
274 4 23 55
274 4 24 55
274 4 25 55
274 5 26 135
274 5 27 135
274 6 28 90
274 6 29 90
274 6 30 90
275 1 4 10
275 2 14 70
275 2 15 70
275 2 16 70
275 3 21 205
275 3 22 205
275 4 23 55
275 4 24 55
275 4 25 55
275 5 26 135
275 5 27 135
275 6 28 90
275 6 29 90
275 6 30 90
276 1 4 10
276 2 14 70
276 2 15 70
276 2 16 70
276 3 21 205
276 3 22 205
276 4 23 55
276 4 24 55
276 4 25 55
276 5 26 135
276 5 27 135
276 6 28 90
276 6 29 90
276 6 30 90
277 1 4 10
277 2 14 70
277 2 15 70
277 2 16 70
277 3 21 205
277 3 22 205
277 4 23 55
277 4 24 55
277 4 25 55
277 5 26 135
277 5 27 135
277 6 28 90
277 6 29 90
277 6 30 90
278 1 4 10
278 2 14 70
278 2 15 70
278 2 16 70
278 3 21 205
278 3 22 205
278 4 23 55
278 4 24 55
278 4 25 55
278 5 26 135
278 5 27 135
278 6 28 90
278 6 29 90
278 6 30 90
279 1 4 10
279 2 14 70
279 2 15 70
279 2 16 70
279 3 21 205
279 3 22 205
279 4 23 55
279 4 24 55
279 4 25 55
279 5 26 135
279 5 27 135
279 6 28 90
279 6 29 90
279 6 30 90
280 1 4 10
280 2 14 70
280 2 15 70
280 2 16 70
280 3 21 205
280 3 22 205
280 4 23 55
280 4 24 55
280 4 25 55
280 5 26 135
280 5 27 135
280 6 28 90
280 6 29 90
280 6 30 90
281 1 4 10
281 2 14 70
281 2 15 70
281 2 16 70
281 3 21 205
281 3 22 205
281 4 23 55
281 4 24 55
281 4 25 55
281 5 26 135
281 5 27 135
281 6 28 90
281 6 29 90
281 6 30 90
282 1 4 10
282 2 14 70
282 2 15 70
282 2 16 70
282 3 21 205
282 3 22 205
282 4 23 55
282 4 24 55
282 4 25 55
282 5 26 135
282 5 27 135
282 6 28 90
282 6 29 90
282 6 30 90
283 1 4 10
283 2 14 70
283 2 15 70
283 2 16 70
283 3 21 205
283 3 22 205
283 4 23 55
283 4 24 55
283 4 25 55
283 5 26 135
283 5 27 135
283 6 28 90
283 6 29 90
283 6 30 90
284 1 4 10
284 2 14 70
284 2 15 70
284 2 16 70
284 3 21 205
284 3 22 205
284 4 23 55
284 4 24 55
284 4 25 55
284 5 26 135
284 5 27 135
284 6 28 90
284 6 29 90
284 6 30 90
285 1 4 10
285 2 14 70
285 2 15 70
285 2 16 70
285 3 21 205
285 3 22 205
285 4 23 55
285 4 24 55
285 4 25 55
285 5 26 135
285 5 27 135
285 6 28 90
285 6 29 90
285 6 30 90
286 1 4 10
286 2 14 70
286 2 15 70
286 2 16 70
286 3 21 205
286 3 22 205
286 4 23 55
286 4 24 55
286 4 25 55
286 5 26 135
286 5 27 135
286 6 28 90
286 6 29 90
286 6 30 90
287 1 4 10
287 2 14 70
287 2 15 70
287 2 16 70
287 3 21 205
287 3 22 205
287 4 23 55
287 4 24 55
287 4 25 55
287 5 26 135
287 5 27 135
287 6 28 90
287 6 29 90
287 6 30 90
288 1 4 10
288 2 14 70
288 2 15 70
288 2 16 70
288 3 21 205
288 3 22 205
288 4 23 55
288 4 24 55
288 4 25 55
288 5 26 135
288 5 27 135
288 6 28 90
288 6 29 90
288 6 30 90
289 1 4 10
289 2 14 70
289 2 15 70
289 2 16 70
289 3 21 205
289 3 22 205
289 4 23 55
289 4 24 55
289 4 25 55
289 5 26 135
289 5 27 135
289 6 28 90
289 6 29 90
289 6 30 90
290 1 4 10
290 2 14 70
290 2 15 70
290 2 16 70
290 3 21 205
290 3 22 205
290 4 23 55
290 4 24 55
290 4 25 55
290 5 26 135
290 5 27 135
290 6 28 90
290 6 29 90
290 6 30 90
291 1 4 10
291 2 14 70
291 2 15 70
291 2 16 70
291 3 21 205
291 3 22 205
291 4 23 55
291 4 24 55
291 4 25 55
291 5 26 135
291 5 27 135
291 6 28 90
291 6 29 90
291 6 30 90
292 1 4 10
292 2 14 70
292 2 15 70
292 2 16 70
292 3 21 205
292 3 22 205
292 4 23 55
292 4 24 55
292 4 25 55
292 5 26 135
292 5 27 135
292 6 28 90
292 6 29 90
292 6 30 90
293 1 4 10
293 2 14 70
293 2 15 70
293 2 16 70
293 3 21 205
293 3 22 205
293 4 23 55
293 4 24 55
293 4 25 55
293 5 26 135
293 5 27 135
293 6 28 90
293 6 29 90
293 6 30 90
294 1 4 10
294 2 14 70
294 2 15 70
294 2 16 70
294 3 21 205
294 3 22 205
294 4 23 55
294 4 24 55
294 4 25 55
294 5 26 135
294 5 27 135
294 6 28 90
294 6 29 90
294 6 30 90
295 1 4 10
295 2 14 70
295 2 15 70
295 2 16 70
295 3 21 205
295 3 22 205
295 4 23 55
295 4 24 55
295 4 25 55
295 5 26 135
295 5 27 135
295 6 28 90
295 6 29 90
295 6 30 90
296 1 4 10
296 2 14 70
296 2 15 70
296 2 16 70
296 3 21 205
296 3 22 205
296 4 23 55
296 4 24 55
296 4 25 55
296 5 26 135
296 5 27 135
296 6 28 90
296 6 29 90
296 6 30 90
297 1 4 10
297 2 14 70
297 2 15 70
297 2 16 70
297 3 21 205
297 3 22 205
297 4 23 55
297 4 24 55
297 4 25 55
297 5 26 135
297 5 27 135
297 6 28 90
297 6 29 90
297 6 30 90
298 1 4 10
298 2 14 70
298 2 15 70
298 2 16 70
298 3 21 205
298 3 22 205
298 4 23 55
298 4 24 55
298 4 25 55
298 5 26 135
298 5 27 135
298 6 28 90
298 6 29 90
298 6 30 90
299 1 4 10
299 2 14 70
299 2 15 70
299 2 16 70
299 3 21 205
299 3 22 205
299 4 23 55
299 4 24 55
299 4 25 55
299 5 26 135
299 5 27 135
299 6 28 90
299 6 29 90
299 6 30 90
300 1 4 10
300 2 14 70
300 2 15 70
300 2 16 70
300 3 21 205
300 3 22 205
300 4 23 55
300 4 24 55
300 4 25 55
300 5 26 135
300 5 27 135
300 6 28 90
300 6 29 90
300 6 30 90
301 1 4 10
301 2 14 70
301 2 15 70
301 2 16 70
301 3 21 205
301 3 22 205
301 4 23 55
301 4 24 55
301 4 25 55
301 5 26 135
301 5 27 135
301 6 28 90
301 6 29 90
301 6 30 90
302 1 4 10
302 2 14 70
302 2 15 70
302 2 16 70
302 3 21 205
302 3 22 205
302 4 23 55
302 4 24 55
302 4 25 55
302 5 26 135
302 5 27 135
302 6 28 90
302 6 29 90
302 6 30 90
303 1 4 10
303 2 14 70
303 2 15 70
303 2 16 70
303 3 21 205
303 3 22 205
303 4 23 55
303 4 24 55
303 4 25 55
303 5 26 135
303 5 27 135
303 6 28 90
303 6 29 90
303 6 30 90
304 1 4 10
304 2 14 70
304 2 15 70
304 2 16 70
304 3 21 205
304 3 22 205
304 4 23 55
304 4 24 55
304 4 25 55
304 5 26 135
304 5 27 135
304 6 28 90
304 6 29 90
304 6 30 90
305 1 4 10
305 2 14 70
305 2 15 70
305 2 16 70
305 3 21 205
305 3 22 205
305 4 23 55
305 4 24 55
305 4 25 55
305 5 26 135
305 5 27 135
305 6 28 90
305 6 29 90
305 6 30 90
306 1 4 10
306 2 14 70
306 2 15 70
306 2 16 70
306 3 21 205
306 3 22 205
306 4 23 55
306 4 24 55
306 4 25 55
306 5 26 135
306 5 27 135
306 6 28 90
306 6 29 90
306 6 30 90
307 1 4 10
307 2 14 70
307 2 15 70
307 2 16 70
307 3 21 205
307 3 22 205
307 4 23 55
307 4 24 55
307 4 25 55
307 5 26 135
307 5 27 135
307 6 28 90
307 6 29 90
307 6 30 90
308 1 4 10
308 2 14 70
308 2 15 70
308 2 16 70
308 3 21 205
308 3 22 205
308 4 23 55
308 4 24 55
308 4 25 55
308 5 26 135
308 5 27 135
308 6 28 90
308 6 29 90
308 6 30 90
309 1 4 10
309 2 14 70
309 2 15 70
309 2 16 70
309 3 21 205
309 3 22 205
309 4 23 55
309 4 24 55
309 4 25 55
309 5 26 135
309 5 27 135
309 6 28 90
309 6 29 90
309 6 30 90
310 1 4 10
310 2 14 70
310 2 15 70
310 2 16 70
310 3 21 205
310 3 22 205
310 4 23 55
310 4 24 55
310 4 25 55
310 5 26 135
310 5 27 135
310 6 28 90
310 6 29 90
310 6 30 90
311 1 4 10
311 2 14 70
311 2 15 70
311 2 16 70
311 3 21 205
311 3 22 205
311 4 23 55
311 4 24 55
311 4 25 55
311 5 26 135
311 5 27 135
311 6 28 90
311 6 29 90
311 6 30 90
312 1 4 10
312 2 14 70
312 2 15 70
312 2 16 70
312 3 21 205
312 3 22 205
312 4 23 55
312 4 24 55
312 4 25 55
312 5 26 135
312 5 27 135
312 6 28 90
312 6 29 90
312 6 30 90
313 1 4 10
313 2 14 70
313 2 15 70
313 2 16 70
313 3 21 205
313 3 22 205
313 4 23 55
313 4 24 55
313 4 25 55
313 5 26 135
313 5 27 135
313 6 28 90
313 6 29 90
313 6 30 90
314 1 4 10
314 2 14 70
314 2 15 70
314 2 16 70
314 3 21 205
314 3 22 205
314 4 23 55
314 4 24 55
314 4 25 55
314 5 26 135
314 5 27 135
314 6 28 90
314 6 29 90
314 6 30 90
315 1 4 10
315 2 14 70
315 2 15 70
315 2 16 70
315 3 21 205
315 3 22 205
315 4 23 55
315 4 24 55
315 4 25 55
315 5 26 135
315 5 27 135
315 6 28 90
315 6 29 90
315 6 30 90
316 1 4 10
316 2 14 70
316 2 15 70
316 2 16 70
316 3 21 205
316 3 22 205
316 4 23 55
316 4 24 55
316 4 25 55
316 5 26 135
316 5 27 135
316 6 28 90
316 6 29 90
316 6 30 90
317 1 4 10
317 2 14 70
317 2 15 70
317 2 16 70
317 3 21 205
317 3 22 205
317 4 23 55
317 4 24 55
317 4 25 55
317 5 26 135
317 5 27 135
317 6 28 90
317 6 29 90
317 6 30 90
318 1 4 10
318 2 14 70
318 2 15 70
318 2 16 70
318 3 21 205
318 3 22 205
318 4 23 55
318 4 24 55
318 4 25 55
318 5 26 135
318 5 27 135
318 6 28 90
318 6 29 90
318 6 30 90
319 1 4 10
319 2 14 70
319 2 15 70
319 2 16 70
319 3 21 205
319 3 22 205
319 4 23 55
319 4 24 55
319 4 25 55
319 5 26 135
319 5 27 135
319 6 28 90
319 6 29 90
319 6 30 90
320 1 4 10
320 2 14 70
320 2 15 70
320 2 16 70
320 3 21 205
320 3 22 205
320 4 23 55
320 4 24 55
320 4 25 55
320 5 26 135
320 5 27 135
320 6 28 90
320 6 29 90
320 6 30 90
321 1 4 10
321 2 14 70
321 2 15 70
321 2 16 70
321 3 21 205
321 3 22 205
321 4 23 55
321 4 24 55
321 4 25 55
321 5 26 135
321 5 27 135
321 6 28 90
321 6 29 90
321 6 30 90
322 1 4 10
322 2 14 70
322 2 15 70
322 2 16 70
322 3 21 205
322 3 22 205
322 4 23 55
322 4 24 55
322 4 25 55
322 5 26 135
322 5 27 135
322 6 28 90
322 6 29 90
322 6 30 90
323 1 4 10
323 2 14 70
323 2 15 70
323 2 16 70
323 3 21 205
323 3 22 205
323 4 23 55
323 4 24 55
323 4 25 55
323 5 26 135
323 5 27 135
323 6 28 90
323 6 29 90
323 6 30 90
324 1 4 10
324 2 14 70
324 2 15 70
324 2 16 70
324 3 21 205
324 3 22 205
324 4 23 55
324 4 24 55
324 4 25 55
324 5 26 135
324 5 27 135
324 6 28 90
324 6 29 90
324 6 30 90
325 1 4 10
325 2 14 70
325 2 15 70
325 2 16 70
325 3 21 205
325 3 22 205
325 4 23 55
325 4 24 55
325 4 25 55
325 5 26 135
325 5 27 135
325 6 28 90
325 6 29 90
325 6 30 90
326 1 4 10
326 2 14 70
326 2 15 70
326 2 16 70
326 3 21 205
326 3 22 205
326 4 23 55
326 4 24 55
326 4 25 55
326 5 26 135
326 5 27 135
326 6 28 90
326 6 29 90
326 6 30 90
327 1 4 10
327 2 14 70
327 2 15 70
327 2 16 70
327 3 21 205
327 3 22 205
327 4 23 55
327 4 24 55
327 4 25 55
327 5 26 135
327 5 27 135
327 6 28 90
327 6 29 90
327 6 30 90
328 1 4 10
328 2 14 70
328 2 15 70
328 2 16 70
328 3 21 205
328 3 22 205
328 4 23 55
328 4 24 55
328 4 25 55
328 5 26 135
328 5 27 135
328 6 28 90
328 6 29 90
328 6 30 90
329 1 4 10
329 2 14 70
329 2 15 70
329 2 16 70
329 3 21 205
329 3 22 205
329 4 23 55
329 4 24 55
329 4 25 55
329 5 26 135
329 5 27 135
329 6 28 90
329 6 29 90
329 6 30 90
330 1 4 10
330 2 14 70
330 2 15 70
330 2 16 70
330 3 21 205
330 3 22 205
330 4 23 55
330 4 24 55
330 4 25 55
330 5 26 135
330 5 27 135
330 6 28 90
330 6 29 90
330 6 30 90
331 1 4 10
331 2 14 70
331 2 15 70
331 2 16 70
331 3 21 205
331 3 22 205
331 4 23 55
331 4 24 55
331 4 25 55
331 5 26 135
331 5 27 135
331 6 28 90
331 6 29 90
331 6 30 90
332 1 4 10
332 2 14 70
332 2 15 70
332 2 16 70
332 3 21 205
332 3 22 205
332 4 23 55
332 4 24 55
332 4 25 55
332 5 26 135
332 5 27 135
332 6 28 90
332 6 29 90
332 6 30 90
333 1 4 10
333 2 14 70
333 2 15 70
333 2 16 70
333 3 21 205
333 3 22 205
333 4 23 55
333 4 24 55
333 4 25 55
333 5 26 135
333 5 27 135
333 6 28 90
333 6 29 90
333 6 30 90
334 1 4 10
334 2 14 70
334 2 15 70
334 2 16 70
334 3 21 205
334 3 22 205
334 4 23 55
334 4 24 55
334 4 25 55
334 5 26 135
334 5 27 135
334 6 28 90
334 6 29 90
334 6 30 90
335 1 4 10
335 2 14 70
335 2 15 70
335 2 16 70
335 3 21 205
335 3 22 205
335 4 23 55
335 4 24 55
335 4 25 55
335 5 26 135
335 5 27 135
335 6 28 90
335 6 29 90
335 6 30 90
336 1 4 10
336 2 14 70
336 2 15 70
336 2 16 70
336 3 21 205
336 3 22 205
336 4 23 55
336 4 24 55
336 4 25 55
336 5 26 135
336 5 27 135
336 6 28 90
336 6 29 90
336 6 30 90
337 1 4 10
337 2 14 70
337 2 15 70
337 2 16 70
337 3 21 205
337 3 22 205
337 4 23 55
337 4 24 55
337 4 25 55
337 5 26 135
337 5 27 135
337 6 28 90
337 6 29 90
337 6 30 90
338 1 4 10
338 2 14 70
338 2 15 70
338 2 16 70
338 3 21 205
338 3 22 205
338 4 23 55
338 4 24 55
338 4 25 55
338 5 26 135
338 5 27 135
338 6 28 90
338 6 29 90
338 6 30 90
339 1 4 10
339 2 14 70
339 2 15 70
339 2 16 70
339 3 21 205
339 3 22 205
339 4 23 55
339 4 24 55
339 4 25 55
339 5 26 135
339 5 27 135
339 6 28 90
339 6 29 90
339 6 30 90
340 1 4 10
340 2 14 70
340 2 15 70
340 2 16 70
340 3 21 205
340 3 22 205
340 4 23 55
340 4 24 55
340 4 25 55
340 5 26 135
340 5 27 135
340 6 28 90
340 6 29 90
340 6 30 90
341 1 4 10
341 2 14 70
341 2 15 70
341 2 16 70
341 3 21 205
341 3 22 205
341 4 23 55
341 4 24 55
341 4 25 55
341 5 26 135
341 5 27 135
341 6 28 90
341 6 29 90
341 6 30 90
342 1 4 10
342 2 14 70
342 2 15 70
342 2 16 70
342 3 21 205
342 3 22 205
342 4 23 55
342 4 24 55
342 4 25 55
342 5 26 135
342 5 27 135
342 6 28 90
342 6 29 90
342 6 30 90
343 1 4 10
343 2 14 70
343 2 15 70
343 2 16 70
343 3 21 205
343 3 22 205
343 4 23 55
343 4 24 55
343 4 25 55
343 5 26 135
343 5 27 135
343 6 28 90
343 6 29 90
343 6 30 90
344 1 4 10
344 2 14 70
344 2 15 70
344 2 16 70
344 3 21 205
344 3 22 205
344 4 23 55
344 4 24 55
344 4 25 55
344 5 26 135
344 5 27 135
344 6 28 90
344 6 29 90
344 6 30 90
345 1 4 10
345 2 14 70
345 2 15 70
345 2 16 70
345 3 21 205
345 3 22 205
345 4 23 55
345 4 24 55
345 4 25 55
345 5 26 135
345 5 27 135
345 6 28 90
345 6 29 90
345 6 30 90
346 1 4 10
346 2 14 70
346 2 15 70
346 2 16 70
346 3 21 205
346 3 22 205
346 4 23 55
346 4 24 55
346 4 25 55
346 5 26 135
346 5 27 135
346 6 28 90
346 6 29 90
346 6 30 90
347 1 4 10
347 2 14 70
347 2 15 70
347 2 16 70
347 3 21 205
347 3 22 205
347 4 23 55
347 4 24 55
347 4 25 55
347 5 26 135
347 5 27 135
347 6 28 90
347 6 29 90
347 6 30 90
348 1 4 10
348 2 14 70
348 2 15 70
348 2 16 70
348 3 21 205
348 3 22 205
348 4 23 55
348 4 24 55
348 4 25 55
348 5 26 135
348 5 27 135
348 6 28 90
348 6 29 90
348 6 30 90
349 1 4 10
349 2 14 70
349 2 15 70
349 2 16 70
349 3 21 205
349 3 22 205
349 4 23 55
349 4 24 55
349 4 25 55
349 5 26 135
349 5 27 135
349 6 28 90
349 6 29 90
349 6 30 90
350 1 4 10
350 2 14 70
350 2 15 70
350 2 16 70
350 3 21 205
350 3 22 205
350 4 23 55
350 4 24 55
350 4 25 55
350 5 26 135
350 5 27 135
350 6 28 90
350 6 29 90
350 6 30 90
351 1 4 10
351 2 14 70
351 2 15 70
351 2 16 70
351 3 21 205
351 3 22 205
351 4 23 55
351 4 24 55
351 4 25 55
351 5 26 135
351 5 27 135
351 6 28 90
351 6 29 90
351 6 30 90
352 1 4 10
352 2 14 70
352 2 15 70
352 2 16 70
352 3 21 205
352 3 22 205
352 4 23 55
352 4 24 55
352 4 25 55
352 5 26 135
352 5 27 135
352 6 28 90
352 6 29 90
352 6 30 90
353 1 4 10
353 2 14 70
353 2 15 70
353 2 16 70
353 3 21 205
353 3 22 205
353 4 23 55
353 4 24 55
353 4 25 55
353 5 26 135
353 5 27 135
353 6 28 90
353 6 29 90
353 6 30 90
354 1 4 10
354 2 14 70
354 2 15 70
354 2 16 70
354 3 21 205
354 3 22 205
354 4 23 55
354 4 24 55
354 4 25 55
354 5 26 135
354 5 27 135
354 6 28 90
354 6 29 90
354 6 30 90
355 1 4 10
355 2 14 70
355 2 15 70
355 2 16 70
355 3 21 205
355 3 22 205
355 4 23 55
355 4 24 55
355 4 25 55
355 5 26 135
355 5 27 135
355 6 28 90
355 6 29 90
355 6 30 90
356 1 4 10
356 2 14 70
356 2 15 70
356 2 16 70
356 3 21 205
356 3 22 205
356 4 23 55
356 4 24 55
356 4 25 55
356 5 26 135
356 5 27 135
356 6 28 90
356 6 29 90
356 6 30 90
357 1 4 10
357 2 14 70
357 2 15 70
357 2 16 70
357 3 21 205
357 3 22 205
357 4 23 55
357 4 24 55
357 4 25 55
357 5 26 135
357 5 27 135
357 6 28 90
357 6 29 90
357 6 30 90
358 1 4 10
358 2 14 70
358 2 15 70
358 2 16 70
358 3 21 205
358 3 22 205
358 4 23 55
358 4 24 55
358 4 25 55
358 5 26 135
358 5 27 135
358 6 28 90
358 6 29 90
358 6 30 90
359 1 4 10
359 2 14 70
359 2 15 70
359 2 16 70
359 3 21 205
359 3 22 205
359 4 23 55
359 4 24 55
359 4 25 55
359 5 26 135
359 5 27 135
359 6 28 90
359 6 29 90
359 6 30 90
360 1 4 10
360 2 14 70
360 2 15 70
360 2 16 70
360 3 21 205
360 3 22 205
360 4 23 55
360 4 24 55
360 4 25 55
360 5 26 135
360 5 27 135
360 6 28 90
360 6 29 90
360 6 30 90
361 1 4 10
361 2 14 70
361 2 15 70
361 2 16 70
361 3 21 205
361 3 22 205
361 4 23 55
361 4 24 55
361 4 25 55
361 5 26 135
361 5 27 135
361 6 28 90
361 6 29 90
361 6 30 90
362 1 4 10
362 2 14 70
362 2 15 70
362 2 16 70
362 3 21 205
362 3 22 205
362 4 23 55
362 4 24 55
362 4 25 55
362 5 26 135
362 5 27 135
362 6 28 90
362 6 29 90
362 6 30 90
363 1 4 10
363 2 14 70
363 2 15 70
363 2 16 70
363 3 21 205
363 3 22 205
363 4 23 55
363 4 24 55
363 4 25 55
363 5 26 135
363 5 27 135
363 6 28 90
363 6 29 90
363 6 30 90
364 1 4 10
364 2 14 70
364 2 15 70
364 2 16 70
364 3 21 205
364 3 22 205
364 4 23 55
364 4 24 55
364 4 25 55
364 5 26 135
364 5 27 135
364 6 28 90
364 6 29 90
364 6 30 90
365 1 4 10
365 2 14 70
365 2 15 70
365 2 16 70
365 3 21 205
365 3 22 205
365 4 23 55
365 4 24 55
365 4 25 55
365 5 26 135
365 5 27 135
365 6 28 90
365 6 29 90
365 6 30 90
366 1 4 10
366 2 14 70
366 2 15 70
366 2 16 70
366 3 21 205
366 3 22 205
366 4 23 55
366 4 24 55
366 4 25 55
366 5 26 135
366 5 27 135
366 6 28 90
366 6 29 90
366 6 30 90
367 1 4 10
367 2 14 70
367 2 15 70
367 2 16 70
367 3 21 205
367 3 22 205
367 4 23 55
367 4 24 55
367 4 25 55
367 5 26 135
367 5 27 135
367 6 28 90
367 6 29 90
367 6 30 90
368 1 4 10
368 2 14 70
368 2 15 70
368 2 16 70
368 3 21 205
368 3 22 205
368 4 23 55
368 4 24 55
368 4 25 55
368 5 26 135
368 5 27 135
368 6 28 90
368 6 29 90
368 6 30 90
369 1 4 10
369 2 14 70
369 2 15 70
369 2 16 70
369 3 21 205
369 3 22 205
369 4 23 55
369 4 24 55
369 4 25 55
369 5 26 135
369 5 27 135
369 6 28 90
369 6 29 90
369 6 30 90
370 1 4 10
370 2 14 70
370 2 15 70
370 2 16 70
370 3 21 205
370 3 22 205
370 4 23 55
370 4 24 55
370 4 25 55
370 5 26 135
370 5 27 135
370 6 28 90
370 6 29 90
370 6 30 90
371 1 4 10
371 2 14 70
371 2 15 70
371 2 16 70
371 3 21 205
371 3 22 205
371 4 23 55
371 4 24 55
371 4 25 55
371 5 26 135
371 5 27 135
371 6 28 90
371 6 29 90
371 6 30 90
372 1 4 10
372 2 14 70
372 2 15 70
372 2 16 70
372 3 21 205
372 3 22 205
372 4 23 55
372 4 24 55
372 4 25 55
372 5 26 135
372 5 27 135
372 6 28 90
372 6 29 90
372 6 30 90
373 1 4 10
373 2 14 70
373 2 15 70
373 2 16 70
373 3 21 205
373 3 22 205
373 4 23 55
373 4 24 55
373 4 25 55
373 5 26 135
373 5 27 135
373 6 28 90
373 6 29 90
373 6 30 90
374 1 4 10
374 2 14 70
374 2 15 70
374 2 16 70
374 3 21 205
374 3 22 205
374 4 23 55
374 4 24 55
374 4 25 55
374 5 26 135
374 5 27 135
374 6 28 90
374 6 29 90
374 6 30 90
375 1 4 10
375 2 14 70
375 2 15 70
375 2 16 70
375 3 21 205
375 3 22 205
375 4 23 55
375 4 24 55
375 4 25 55
375 5 26 135
375 5 27 135
375 6 28 90
375 6 29 90
375 6 30 90
376 1 4 10
376 2 14 70
376 2 15 70
376 2 16 70
376 3 21 205
376 3 22 205
376 4 23 55
376 4 24 55
376 4 25 55
376 5 26 135
376 5 27 135
376 6 28 90
376 6 29 90
376 6 30 90
377 1 4 10
377 2 14 70
377 2 15 70
377 2 16 70
377 3 21 205
377 3 22 205
377 4 23 55
377 4 24 55
377 4 25 55
377 5 26 135
377 5 27 135
377 6 28 90
377 6 29 90
377 6 30 90
378 1 4 10
378 2 14 70
378 2 15 70
378 2 16 70
378 3 21 205
378 3 22 205
378 4 23 55
378 4 24 55
378 4 25 55
378 5 26 135
378 5 27 135
378 6 28 90
378 6 29 90
378 6 30 90
379 1 4 10
379 2 14 70
379 2 15 70
379 2 16 70
379 3 21 205
379 3 22 205
379 4 23 55
379 4 24 55
379 4 25 55
379 5 26 135
379 5 27 135
379 6 28 90
379 6 29 90
379 6 30 90
380 1 4 10
380 2 14 70
380 2 15 70
380 2 16 70
380 3 21 205
380 3 22 205
380 4 23 55
380 4 24 55
380 4 25 55
380 5 26 135
380 5 27 135
380 6 28 90
380 6 29 90
380 6 30 90
381 1 4 10
381 2 14 70
381 2 15 70
381 2 16 70
381 3 21 205
381 3 22 205
381 4 23 55
381 4 24 55
381 4 25 55
381 5 26 135
381 5 27 135
381 6 28 90
381 6 29 90
381 6 30 90
382 1 4 10
382 2 14 70
382 2 15 70
382 2 16 70
382 3 21 205
382 3 22 205
382 4 23 55
382 4 24 55
382 4 25 55
382 5 26 135
382 5 27 135
382 6 28 90
382 6 29 90
382 6 30 90
383 1 4 10
383 2 14 70
383 2 15 70
383 2 16 70
383 3 21 205
383 3 22 205
383 4 23 55
383 4 24 55
383 4 25 55
383 5 26 135
383 5 27 135
383 6 28 90
383 6 29 90
383 6 30 90
384 1 4 10
384 2 14 70
384 2 15 70
384 2 16 70
384 3 21 205
384 3 22 205
384 4 23 55
384 4 24 55
384 4 25 55
384 5 26 135
384 5 27 135
384 6 28 90
384 6 29 90
384 6 30 90
385 1 4 10
385 2 14 70
385 2 15 70
385 2 16 70
385 3 21 205
385 3 22 205
385 4 23 55
385 4 24 55
385 4 25 55
385 5 26 135
385 5 27 135
385 6 28 90
385 6 29 90
385 6 30 90
386 1 4 10
386 2 14 70
386 2 15 70
386 2 16 70
386 3 21 205
386 3 22 205
386 4 23 55
386 4 24 55
386 4 25 55
386 5 26 135
386 5 27 135
386 6 28 90
386 6 29 90
386 6 30 90
387 1 4 10
387 2 14 70
387 2 15 70
387 2 16 70
387 3 21 205
387 3 22 205
387 4 23 55
387 4 24 55
387 4 25 55
387 5 26 135
387 5 27 135
387 6 28 90
387 6 29 90
387 6 30 90
388 1 4 10
388 2 14 70
388 2 15 70
388 2 16 70
388 3 21 205
388 3 22 205
388 4 23 55
388 4 24 55
388 4 25 55
388 5 26 135
388 5 27 135
388 6 28 90
388 6 29 90
388 6 30 90
389 1 4 10
389 2 14 70
389 2 15 70
389 2 16 70
389 3 21 205
389 3 22 205
389 4 23 55
389 4 24 55
389 4 25 55
389 5 26 135
389 5 27 135
389 6 28 90
389 6 29 90
389 6 30 90
390 1 4 10
390 2 14 70
390 2 15 70
390 2 16 70
390 3 21 205
390 3 22 205
390 4 23 55
390 4 24 55
390 4 25 55
390 5 26 135
390 5 27 135
390 6 28 90
390 6 29 90
390 6 30 90
391 1 4 10
391 2 14 70
391 2 15 70
391 2 16 70
391 3 21 205
391 3 22 205
391 4 23 55
391 4 24 55
391 4 25 55
391 5 26 135
391 5 27 135
391 6 28 90
391 6 29 90
391 6 30 90
392 1 4 10
392 2 14 70
392 2 15 70
392 2 16 70
392 3 21 205
392 3 22 205
392 4 23 55
392 4 24 55
392 4 25 55
392 5 26 135
392 5 27 135
392 6 28 90
392 6 29 90
392 6 30 90
393 1 4 10
393 2 14 70
393 2 15 70
393 2 16 70
393 3 21 205
393 3 22 205
393 4 23 55
393 4 24 55
393 4 25 55
393 5 26 135
393 5 27 135
393 6 28 90
393 6 29 90
393 6 30 90
394 1 4 10
394 2 14 70
394 2 15 70
394 2 16 70
394 3 21 205
394 3 22 205
394 4 23 55
394 4 24 55
394 4 25 55
394 5 26 135
394 5 27 135
394 6 28 90
394 6 29 90
394 6 30 90
395 1 4 10
395 2 14 70
395 2 15 70
395 2 16 70
395 3 21 205
395 3 22 205
395 4 23 55
395 4 24 55
395 4 25 55
395 5 26 135
395 5 27 135
395 6 28 90
395 6 29 90
395 6 30 90
396 1 4 10
396 2 14 70
396 2 15 70
396 2 16 70
396 3 21 205
396 3 22 205
396 4 23 55
396 4 24 55
396 4 25 55
396 5 26 135
396 5 27 135
396 6 28 90
396 6 29 90
396 6 30 90
397 1 4 10
397 2 14 70
397 2 15 70
397 2 16 70
397 3 21 205
397 3 22 205
397 4 23 55
397 4 24 55
397 4 25 55
397 5 26 135
397 5 27 135
397 6 28 90
397 6 29 90
397 6 30 90
398 1 4 10
398 2 14 70
398 2 15 70
398 2 16 70
398 3 21 205
398 3 22 205
398 4 23 55
398 4 24 55
398 4 25 55
398 5 26 135
398 5 27 135
398 6 28 90
398 6 29 90
398 6 30 90
399 1 4 10
399 2 14 70
399 2 15 70
399 2 16 70
399 3 21 205
399 3 22 205
399 4 23 55
399 4 24 55
399 4 25 55
399 5 26 135
399 5 27 135
399 6 28 90
399 6 29 90
399 6 30 90
400 1 4 10
400 2 14 70
400 2 15 70
400 2 16 70
400 3 21 205
400 3 22 205
400 4 23 55
400 4 24 55
400 4 25 55
400 5 26 135
400 5 27 135
400 6 28 90
400 6 29 90
400 6 30 90
401 1 4 10
401 2 14 70
401 2 15 70
401 2 16 70
401 3 21 205
401 3 22 205
401 4 23 55
401 4 24 55
401 4 25 55
401 5 26 135
401 5 27 135
401 6 28 90
401 6 29 90
401 6 30 90
402 1 4 10
402 2 14 70
402 2 15 70
402 2 16 70
402 3 21 205
402 3 22 205
402 4 23 55
402 4 24 55
402 4 25 55
402 5 26 135
402 5 27 135
402 6 28 90
402 6 29 90
402 6 30 90
403 1 4 10
403 2 14 70
403 2 15 70
403 2 16 70
403 3 21 205
403 3 22 205
403 4 23 55
403 4 24 55
403 4 25 55
403 5 26 135
403 5 27 135
403 6 28 90
403 6 29 90
403 6 30 90
404 1 4 10
404 2 14 70
404 2 15 70
404 2 16 70
404 3 21 205
404 3 22 205
404 4 23 55
404 4 24 55
404 4 25 55
404 5 26 135
404 5 27 135
404 6 28 90
404 6 29 90
404 6 30 90
405 1 4 10
405 2 14 70
405 2 15 70
405 2 16 70
405 3 21 205
405 3 22 205
405 4 23 55
405 4 24 55
405 4 25 55
405 5 26 135
405 5 27 135
405 6 28 90
405 6 29 90
405 6 30 90
406 1 4 10
406 2 14 70
406 2 15 70
406 2 16 70
406 3 21 205
406 3 22 205
406 4 23 55
406 4 24 55
406 4 25 55
406 5 26 135
406 5 27 135
406 6 28 90
406 6 29 90
406 6 30 90
407 1 4 10
407 2 14 70
407 2 15 70
407 2 16 70
407 3 21 205
407 3 22 205
407 4 23 55
407 4 24 55
407 4 25 55
407 5 26 135
407 5 27 135
407 6 28 90
407 6 29 90
407 6 30 90
408 1 4 10
408 2 14 70
408 2 15 70
408 2 16 70
408 3 21 205
408 3 22 205
408 4 23 55
408 4 24 55
408 4 25 55
408 5 26 135
408 5 27 135
408 6 28 90
408 6 29 90
408 6 30 90
409 1 4 10
409 2 14 70
409 2 15 70
409 2 16 70
409 3 21 205
409 3 22 205
409 4 23 55
409 4 24 55
409 4 25 55
409 5 26 135
409 5 27 135
409 6 28 90
409 6 29 90
409 6 30 90
410 1 4 10
410 2 14 70
410 2 15 70
410 2 16 70
410 3 21 205
410 3 22 205
410 4 23 55
410 4 24 55
410 4 25 55
410 5 26 135
410 5 27 135
410 6 28 90
410 6 29 90
410 6 30 90
411 1 4 10
411 2 14 70
411 2 15 70
411 2 16 70
411 3 21 205
411 3 22 205
411 4 23 55
411 4 24 55
411 4 25 55
411 5 26 135
411 5 27 135
411 6 28 90
411 6 29 90
411 6 30 90
412 1 4 10
412 2 14 70
412 2 15 70
412 2 16 70
412 3 21 205
412 3 22 205
412 4 23 55
412 4 24 55
412 4 25 55
412 5 26 135
412 5 27 135
412 6 28 90
412 6 29 90
412 6 30 90
413 1 4 10
413 2 14 70
413 2 15 70
413 2 16 70
413 3 21 205
413 3 22 205
413 4 23 55
413 4 24 55
413 4 25 55
413 5 26 135
413 5 27 135
413 6 28 90
413 6 29 90
413 6 30 90
414 1 4 10
414 2 14 70
414 2 15 70
414 2 16 70
414 3 21 205
414 3 22 205
414 4 23 55
414 4 24 55
414 4 25 55
414 5 26 135
414 5 27 135
414 6 28 90
414 6 29 90
414 6 30 90
415 1 4 10
415 2 14 70
415 2 15 70
415 2 16 70
415 3 21 205
415 3 22 205
415 4 23 55
415 4 24 55
415 4 25 55
415 5 26 135
415 5 27 135
415 6 28 90
415 6 29 90
415 6 30 90
416 1 4 10
416 2 14 70
416 2 15 70
416 2 16 70
416 3 21 205
416 3 22 205
416 4 23 55
416 4 24 55
416 4 25 55
416 5 26 135
416 5 27 135
416 6 28 90
416 6 29 90
416 6 30 90
417 1 4 10
417 2 14 70
417 2 15 70
417 2 16 70
417 3 21 205
417 3 22 205
417 4 23 55
417 4 24 55
417 4 25 55
417 5 26 135
417 5 27 135
417 6 28 90
417 6 29 90
417 6 30 90
418 1 4 10
418 2 14 70
418 2 15 70
418 2 16 70
418 3 21 205
418 3 22 205
418 4 23 55
418 4 24 55
418 4 25 55
418 5 26 135
418 5 27 135
418 6 28 90
418 6 29 90
418 6 30 90
419 1 4 10
419 2 14 70
419 2 15 70
419 2 16 70
419 3 21 205
419 3 22 205
419 4 23 55
419 4 24 55
419 4 25 55
419 5 26 135
419 5 27 135
419 6 28 90
419 6 29 90
419 6 30 90
420 1 4 10
420 2 14 70
420 2 15 70
420 2 16 70
420 3 21 205
420 3 22 205
420 4 23 55
420 4 24 55
420 4 25 55
420 5 26 135
420 5 27 135
420 6 28 90
420 6 29 90
420 6 30 90
421 1 4 10
421 2 14 70
421 2 15 70
421 2 16 70
421 3 21 205
421 3 22 205
421 4 23 55
421 4 24 55
421 4 25 55
421 5 26 135
421 5 27 135
421 6 28 90
421 6 29 90
421 6 30 90
422 1 4 10
422 2 14 70
422 2 15 70
422 2 16 70
422 3 21 205
422 3 22 205
422 4 23 55
422 4 24 55
422 4 25 55
422 5 26 135
422 5 27 135
422 6 28 90
422 6 29 90
422 6 30 90
423 1 4 10
423 2 14 70
423 2 15 70
423 2 16 70
423 3 21 205
423 3 22 205
423 4 23 55
423 4 24 55
423 4 25 55
423 5 26 135
423 5 27 135
423 6 28 90
423 6 29 90
423 6 30 90
424 1 4 10
424 2 14 70
424 2 15 70
424 2 16 70
424 3 21 205
424 3 22 205
424 4 23 55
424 4 24 55
424 4 25 55
424 5 26 135
424 5 27 135
424 6 28 90
424 6 29 90
424 6 30 90
425 1 4 10
425 2 14 70
425 2 15 70
425 2 16 70
425 3 21 205
425 3 22 205
425 4 23 55
425 4 24 55
425 4 25 55
425 5 26 135
425 5 27 135
425 6 28 90
425 6 29 90
425 6 30 90
426 1 4 10
426 2 14 70
426 2 15 70
426 2 16 70
426 3 21 205
426 3 22 205
426 4 23 55
426 4 24 55
426 4 25 55
426 5 26 135
426 5 27 135
426 6 28 90
426 6 29 90
426 6 30 90
427 1 4 10
427 2 14 70
427 2 15 70
427 2 16 70
427 3 21 205
427 3 22 205
427 4 23 55
427 4 24 55
427 4 25 55
427 5 26 135
427 5 27 135
427 6 28 90
427 6 29 90
427 6 30 90
428 1 4 10
428 2 14 70
428 2 15 70
428 2 16 70
428 3 21 205
428 3 22 205
428 4 23 55
428 4 24 55
428 4 25 55
428 5 26 135
428 5 27 135
428 6 28 90
428 6 29 90
428 6 30 90
429 1 4 10
429 2 14 70
429 2 15 70
429 2 16 70
429 3 21 205
429 3 22 205
429 4 23 55
429 4 24 55
429 4 25 55
429 5 26 135
429 5 27 135
429 6 28 90
429 6 29 90
429 6 30 90
430 1 4 10
430 2 14 70
430 2 15 70
430 2 16 70
430 3 21 205
430 3 22 205
430 4 23 55
430 4 24 55
430 4 25 55
430 5 26 135
430 5 27 135
430 6 28 90
430 6 29 90
430 6 30 90
431 1 4 10
431 2 14 70
431 2 15 70
431 2 16 70
431 3 21 205
431 3 22 205
431 4 23 55
431 4 24 55
431 4 25 55
431 5 26 135
431 5 27 135
431 6 28 90
431 6 29 90
431 6 30 90
432 1 4 10
432 2 14 70
432 2 15 70
432 2 16 70
432 3 21 205
432 3 22 205
432 4 23 55
432 4 24 55
432 4 25 55
432 5 26 135
432 5 27 135
432 6 28 90
432 6 29 90
432 6 30 90
433 1 4 10
433 2 14 70
433 2 15 70
433 2 16 70
433 3 21 205
433 3 22 205
433 4 23 55
433 4 24 55
433 4 25 55
433 5 26 135
433 5 27 135
433 6 28 90
433 6 29 90
433 6 30 90
434 1 4 10
434 2 14 70
434 2 15 70
434 2 16 70
434 3 21 205
434 3 22 205
434 4 23 55
434 4 24 55
434 4 25 55
434 5 26 135
434 5 27 135
434 6 28 90
434 6 29 90
434 6 30 90
435 1 4 10
435 2 14 70
435 2 15 70
435 2 16 70
435 3 21 205
435 3 22 205
435 4 23 55
435 4 24 55
435 4 25 55
435 5 26 135
435 5 27 135
435 6 28 90
435 6 29 90
435 6 30 90
436 1 4 10
436 2 14 70
436 2 15 70
436 2 16 70
436 3 21 205
436 3 22 205
436 4 23 55
436 4 24 55
436 4 25 55
436 5 26 135
436 5 27 135
436 6 28 90
436 6 29 90
436 6 30 90
437 1 4 10
437 2 14 70
437 2 15 70
437 2 16 70
437 3 21 205
437 3 22 205
437 4 23 55
437 4 24 55
437 4 25 55
437 5 26 135
437 5 27 135
437 6 28 90
437 6 29 90
437 6 30 90
438 1 4 10
438 2 14 70
438 2 15 70
438 2 16 70
438 3 21 205
438 3 22 205
438 4 23 55
438 4 24 55
438 4 25 55
438 5 26 135
438 5 27 135
438 6 28 90
438 6 29 90
438 6 30 90
439 1 4 10
439 2 14 70
439 2 15 70
439 2 16 70
439 3 21 205
439 3 22 205
439 4 23 55
439 4 24 55
439 4 25 55
439 5 26 135
439 5 27 135
439 6 28 90
439 6 29 90
439 6 30 90
440 1 4 10
440 2 14 70
440 2 15 70
440 2 16 70
440 3 21 205
440 3 22 205
440 4 23 55
440 4 24 55
440 4 25 55
440 5 26 135
440 5 27 135
440 6 28 90
440 6 29 90
440 6 30 90
441 1 4 10
441 2 14 70
441 2 15 70
441 2 16 70
441 3 21 205
441 3 22 205
441 4 23 55
441 4 24 55
441 4 25 55
441 5 26 135
441 5 27 135
441 6 28 90
441 6 29 90
441 6 30 90
442 1 4 10
442 2 14 70
442 2 15 70
442 2 16 70
442 3 21 205
442 3 22 205
442 4 23 55
442 4 24 55
442 4 25 55
442 5 26 135
442 5 27 135
442 6 28 90
442 6 29 90
442 6 30 90
443 1 4 10
443 2 14 70
443 2 15 70
443 2 16 70
443 3 21 205
443 3 22 205
443 4 23 55
443 4 24 55
443 4 25 55
443 5 26 135
443 5 27 135
443 6 28 90
443 6 29 90
443 6 30 90
444 1 4 10
444 2 14 70
444 2 15 70
444 2 16 70
444 3 21 205
444 3 22 205
444 4 23 55
444 4 24 55
444 4 25 55
444 5 26 135
444 5 27 135
444 6 28 90
444 6 29 90
444 6 30 90
445 1 4 10
445 2 14 70
445 2 15 70
445 2 16 70
445 3 21 205
445 3 22 205
445 4 23 55
445 4 24 55
445 4 25 55
445 5 26 135
445 5 27 135
445 6 28 90
445 6 29 90
445 6 30 90
446 1 4 10
446 2 14 70
446 2 15 70
446 2 16 70
446 3 21 205
446 3 22 205
446 4 23 55
446 4 24 55
446 4 25 55
446 5 26 135
446 5 27 135
446 6 28 90
446 6 29 90
446 6 30 90
447 1 4 10
447 2 14 70
447 2 15 70
447 2 16 70
447 3 21 205
447 3 22 205
447 4 23 55
447 4 24 55
447 4 25 55
447 5 26 135
447 5 27 135
447 6 28 90
447 6 29 90
447 6 30 90
448 1 4 10
448 2 14 70
448 2 15 70
448 2 16 70
448 3 21 205
448 3 22 205
448 4 23 55
448 4 24 55
448 4 25 55
448 5 26 135
448 5 27 135
448 6 28 90
448 6 29 90
448 6 30 90
449 1 4 10
449 2 14 70
449 2 15 70
449 2 16 70
449 3 21 205
449 3 22 205
449 4 23 55
449 4 24 55
449 4 25 55
449 5 26 135
449 5 27 135
449 6 28 90
449 6 29 90
449 6 30 90
450 1 4 10
450 2 14 70
450 2 15 70
450 2 16 70
450 3 21 205
450 3 22 205
450 4 23 55
450 4 24 55
450 4 25 55
450 5 26 135
450 5 27 135
450 6 28 90
450 6 29 90
450 6 30 90
451 1 4 10
451 2 14 70
451 2 15 70
451 2 16 70
451 3 21 205
451 3 22 205
451 4 23 55
451 4 24 55
451 4 25 55
451 5 26 135
451 5 27 135
451 6 28 90
451 6 29 90
451 6 30 90
452 1 4 10
452 2 14 70
452 2 15 70
452 2 16 70
452 3 21 205
452 3 22 205
452 4 23 55
452 4 24 55
452 4 25 55
452 5 26 135
452 5 27 135
452 6 28 90
452 6 29 90
452 6 30 90
453 1 4 10
453 2 14 70
453 2 15 70
453 2 16 70
453 3 21 205
453 3 22 205
453 4 23 55
453 4 24 55
453 4 25 55
453 5 26 135
453 5 27 135
453 6 28 90
453 6 29 90
453 6 30 90
454 1 4 10
454 2 14 70
454 2 15 70
454 2 16 70
454 3 21 205
454 3 22 205
454 4 23 55
454 4 24 55
454 4 25 55
454 5 26 135
454 5 27 135
454 6 28 90
454 6 29 90
454 6 30 90
455 1 4 25
455 2 19 55
455 2 20 55
456 1 4 25
456 2 19 55
456 2 20 55
457 1 4 25
457 2 19 55
457 2 20 55
458 1 4 25
458 2 19 55
458 2 20 55
459 1 4 25
459 2 19 55
459 2 20 55
460 1 4 25
460 2 19 55
460 2 20 55
461 1 4 25
461 2 19 55
461 2 20 55
462 1 4 25
462 2 19 55
462 2 20 55
463 1 4 25
463 2 19 55
463 2 20 55
464 1 4 25
464 2 19 55
464 2 20 55
465 1 4 25
465 2 19 55
465 2 20 55
466 1 4 25
466 2 19 55
466 2 20 55
467 1 4 25
467 2 19 55
467 2 20 55
468 1 4 25
468 2 19 55
468 2 20 55
469 1 4 25
469 2 19 55
469 2 20 55
470 1 4 25
470 2 19 55
470 2 20 55
471 1 4 25
471 2 19 55
471 2 20 55
472 1 4 25
472 2 19 55
472 2 20 55
473 1 4 25
473 2 19 55
473 2 20 55
474 1 4 25
474 2 19 55
474 2 20 55
475 1 4 25
475 2 19 55
475 2 20 55
476 1 4 25
476 2 19 55
476 2 20 55
477 1 4 25
477 2 19 55
477 2 20 55
478 1 4 25
478 2 19 55
478 2 20 55
479 1 4 25
479 2 19 55
479 2 20 55
480 1 4 25
480 2 19 55
480 2 20 55
481 1 4 25
481 2 19 55
481 2 20 55
482 1 4 25
482 2 19 55
482 2 20 55
483 1 4 25
483 2 19 55
483 2 20 55
484 1 4 25
484 2 19 55
484 2 20 55
485 1 4 25
485 2 19 55
485 2 20 55
486 1 4 25
486 2 19 55
486 2 20 55
487 1 4 25
487 2 19 55
487 2 20 55
488 1 4 25
488 2 19 55
488 2 20 55
489 1 4 25
489 2 19 55
489 2 20 55
490 1 4 25
490 2 19 55
490 2 20 55
491 1 4 25
491 2 19 55
491 2 20 55
492 1 4 25
492 2 19 55
492 2 20 55
493 1 4 25
493 2 19 55
493 2 20 55
494 1 4 25
494 2 19 55
494 2 20 55
495 1 4 25
495 2 19 55
495 2 20 55
496 1 4 25
496 2 19 55
496 2 20 55
497 1 4 25
497 2 19 55
497 2 20 55
498 1 4 25
498 2 19 55
498 2 20 55
499 1 4 25
499 2 19 55
499 2 20 55
500 1 4 25
500 2 19 55
500 2 20 55
501 1 4 25
501 2 19 55
501 2 20 55
502 1 4 25
502 2 19 55
502 2 20 55
503 1 4 25
503 2 19 55
503 2 20 55
504 1 4 25
504 2 19 55
504 2 20 55
505 1 4 25
505 2 19 55
505 2 20 55
506 1 4 25
506 2 19 55
506 2 20 55
507 1 4 25
507 2 19 55
507 2 20 55
508 1 4 25
508 2 19 55
508 2 20 55
509 1 4 25
509 2 19 55
509 2 20 55
510 1 4 25
510 2 19 55
510 2 20 55
511 1 4 25
511 2 19 55
511 2 20 55
512 1 4 25
512 2 19 55
512 2 20 55
513 1 4 25
513 2 19 55
513 2 20 55
514 1 4 25
514 2 19 55
514 2 20 55
515 1 4 25
515 2 19 55
515 2 20 55
516 1 4 25
516 2 19 55
516 2 20 55
517 1 4 25
517 2 19 55
517 2 20 55
518 1 4 25
518 2 19 55
518 2 20 55
519 1 4 25
519 2 19 55
519 2 20 55
520 1 4 25
520 2 19 55
520 2 20 55
521 1 4 25
521 2 19 55
521 2 20 55
522 1 4 25
522 2 19 55
522 2 20 55
523 1 4 25
523 2 19 55
523 2 20 55
524 1 4 25
524 2 19 55
524 2 20 55
525 1 4 25
525 2 19 55
525 2 20 55
526 1 4 25
526 2 19 55
526 2 20 55
527 1 4 25
527 2 19 55
527 2 20 55
528 1 4 25
528 2 19 55
528 2 20 55
529 1 4 25
529 2 19 55
529 2 20 55
530 1 4 25
530 2 19 55
530 2 20 55
531 1 4 25
531 2 19 55
531 2 20 55
532 1 4 25
532 2 19 55
532 2 20 55
533 1 4 25
533 2 19 55
533 2 20 55
534 1 4 25
534 2 19 55
534 2 20 55
535 1 4 25
535 2 19 55
535 2 20 55
536 1 4 25
536 2 19 55
536 2 20 55
537 1 4 25
537 2 19 55
537 2 20 55
538 1 4 25
538 2 19 55
538 2 20 55
539 1 4 25
539 2 19 55
539 2 20 55
540 1 4 25
540 2 19 55
540 2 20 55
541 1 4 25
541 2 19 55
541 2 20 55
542 1 4 25
542 2 19 55
542 2 20 55
543 1 4 25
543 2 19 55
543 2 20 55
544 1 4 25
544 2 19 55
544 2 20 55
545 1 4 25
545 2 19 55
545 2 20 55
546 1 4 25
546 2 19 55
546 2 20 55
547 1 4 25
547 2 19 55
547 2 20 55
548 1 4 25
548 2 19 55
548 2 20 55
549 1 4 25
549 2 19 55
549 2 20 55
550 1 4 25
550 2 19 55
550 2 20 55
551 1 4 25
551 2 19 55
551 2 20 55
552 1 4 25
552 2 19 55
552 2 20 55
553 1 4 25
553 2 19 55
553 2 20 55
554 1 4 25
554 2 19 55
554 2 20 55
555 1 4 25
555 2 19 55
555 2 20 55
556 1 4 25
556 2 19 55
556 2 20 55
557 1 4 25
557 2 19 55
557 2 20 55
558 1 4 25
558 2 19 55
558 2 20 55
559 1 4 25
559 2 19 55
559 2 20 55
560 1 4 25
560 2 19 55
560 2 20 55
561 1 4 25
561 2 19 55
561 2 20 55
562 1 4 25
562 2 19 55
562 2 20 55
563 1 4 25
563 2 19 55
563 2 20 55
564 1 4 25
564 2 19 55
564 2 20 55
565 1 4 25
565 2 19 55
565 2 20 55
566 1 4 25
566 2 19 55
566 2 20 55
567 1 4 25
567 2 19 55
567 2 20 55
568 1 4 25
568 2 19 55
568 2 20 55
569 1 4 25
569 2 19 55
569 2 20 55
570 1 4 25
570 2 19 55
570 2 20 55
571 1 4 25
571 2 19 55
571 2 20 55
572 1 4 25
572 2 19 55
572 2 20 55
573 1 4 25
573 2 19 55
573 2 20 55
574 1 4 25
574 2 19 55
574 2 20 55
575 1 4 25
575 2 19 55
575 2 20 55
576 1 4 25
576 2 19 55
576 2 20 55
577 1 4 25
577 2 19 55
577 2 20 55
578 1 4 25
578 2 19 55
578 2 20 55
579 1 4 25
579 2 19 55
579 2 20 55
580 1 4 25
580 2 19 55
580 2 20 55
581 1 4 25
581 2 19 55
581 2 20 55
582 1 4 25
582 2 19 55
582 2 20 55
583 1 4 25
583 2 19 55
583 2 20 55
584 1 4 25
584 2 19 55
584 2 20 55
585 1 4 25
585 2 19 55
585 2 20 55
586 1 4 25
586 2 19 55
586 2 20 55
587 1 4 25
587 2 19 55
587 2 20 55
588 1 4 25
588 2 19 55
588 2 20 55
589 1 4 25
589 2 19 55
589 2 20 55
590 1 4 25
590 2 19 55
590 2 20 55
591 1 4 25
591 2 19 55
591 2 20 55
592 1 4 25
592 2 19 55
592 2 20 55
593 1 4 25
593 2 19 55
593 2 20 55
594 1 4 25
594 2 19 55
594 2 20 55
595 1 4 25
595 2 19 55
595 2 20 55
596 1 4 25
596 2 19 55
596 2 20 55
597 1 4 25
597 2 19 55
597 2 20 55
598 1 4 25
598 2 19 55
598 2 20 55
599 1 4 25
599 2 19 55
599 2 20 55
600 1 4 25
600 2 19 55
600 2 20 55
601 1 4 25
601 2 19 55
601 2 20 55
602 1 4 25
602 2 19 55
602 2 20 55
603 1 4 25
603 2 19 55
603 2 20 55
604 1 4 25
604 2 19 55
604 2 20 55
605 1 4 25
605 2 19 55
605 2 20 55
606 1 4 25
606 2 19 55
606 2 20 55
607 1 4 25
607 2 19 55
607 2 20 55
608 1 4 25
608 2 19 55
608 2 20 55
609 1 4 25
609 2 19 55
609 2 20 55
610 1 4 25
610 2 19 55
610 2 20 55
611 1 4 25
611 2 19 55
611 2 20 55
612 1 4 25
612 2 19 55
612 2 20 55
613 1 4 25
613 2 19 55
613 2 20 55
614 1 4 25
614 2 19 55
614 2 20 55
615 1 4 25
615 2 19 55
615 2 20 55
616 1 4 25
616 2 19 55
616 2 20 55
617 1 4 25
617 2 19 55
617 2 20 55
618 1 4 25
618 2 19 55
618 2 20 55
619 1 4 25
619 2 19 55
619 2 20 55
620 1 4 25
620 2 19 55
620 2 20 55
621 1 4 25
621 2 19 55
621 2 20 55
622 1 4 25
622 2 19 55
622 2 20 55
623 1 4 25
623 2 19 55
623 2 20 55
624 1 4 25
624 2 19 55
624 2 20 55
625 1 4 25
625 2 19 55
625 2 20 55
626 1 4 25
626 2 19 55
626 2 20 55
627 1 4 25
627 2 19 55
627 2 20 55
628 1 4 25
628 2 19 55
628 2 20 55
629 1 4 25
629 2 19 55
629 2 20 55
630 1 4 25
630 2 19 55
630 2 20 55
631 1 4 25
631 2 19 55
631 2 20 55
632 1 4 25
632 2 19 55
632 2 20 55
633 1 4 25
633 2 19 55
633 2 20 55
634 1 4 25
634 2 19 55
634 2 20 55
635 1 4 25
635 2 19 55
635 2 20 55
636 1 4 25
636 2 19 55
636 2 20 55
637 1 4 25
637 2 19 55
637 2 20 55
638 1 4 25
638 2 19 55
638 2 20 55
639 1 4 25
639 2 19 55
639 2 20 55
640 1 4 25
640 2 19 55
640 2 20 55
641 1 4 25
641 2 19 55
641 2 20 55
642 1 4 25
642 2 19 55
642 2 20 55
643 1 4 25
643 2 19 55
643 2 20 55
644 1 4 25
644 2 19 55
644 2 20 55
645 1 4 25
645 2 19 55
645 2 20 55
646 1 4 25
646 2 19 55
646 2 20 55
647 1 4 25
647 2 19 55
647 2 20 55
648 1 4 25
648 2 19 55
648 2 20 55
649 1 4 25
649 2 19 55
649 2 20 55
650 1 4 25
650 2 19 55
650 2 20 55
651 1 4 25
651 2 19 55
651 2 20 55
652 1 4 25
652 2 19 55
652 2 20 55
653 1 4 25
653 2 19 55
653 2 20 55
654 1 4 25
654 2 19 55
654 2 20 55
