231
30
7 7 7 7 7 7 7 7 7 7 7 7 7 7 7 7 7 7 7 7 7 7 7 7 7 7 7 7 7 7 7 7 7 7 7 7 7 7 7 7 7 7 7 7 7 7 7 7 7 7 7 7 7 7 7 7 7 7 7 7 7 7 7 7 7 7 7 7 7 7 7 7 7 7 7 7 7 7 7 7 7 7 7 7 7 7 7 7 7 7 7 7 7 7 7 7 7 7 7 7 7 7 7 7 7 6 6 6 6 6 6 6 6 6 6 6 6 6 6 6 6 6 6 6 6 6 6 6 6 6 6 6 6 6 6 6 6 6 6 6 6 6 6 6 6 6 6 6 6 6 6 6 6 6 6 6 6 6 6 6 6 6 6 6 6 6 6 6 6 6 6 6 6 6 6 6 6 6 6 6 6 6 6 6 6 6 6 6 6 6 6 6 6 6 6 6 6 6 6 6 6 6 6 6 6 6 6 6 6 6 6 6 6 6 6 6 6 6 6 6 6 6 6 6 6 6 6 6 6 6 6
28800 28800 28800 28800 28800 28800 28800 28800 28800 28800 28800 28800 28800 28800 28800 28800 28800 28800 28800 28800 28800 28800 28800 28800 28800 28800 28800 28800 28800 28800 28800 28800 28800 28800 28800 28800 28800 28800 28800 28800 28800 28800 28800 28800 28800 28800 28800 28800 28800 28800 28800 28800 28800 28800 28800 28800 28800 28800 28800 28800 28800 28800 28800 28800 28800 28800 28800 28800 28800 28800 28800 28800 28800 28800 28800 28800 28800 28800 28800 28800 28800 28800 28800 28800 28800 28800 28800 28800 28800 28800 28800 28800 28800 28800 28800 28800 28800 28800 28800 28800 28800 28800 28800 28800 28800 28800 28800 28800 28800 28800 28800 28800 28800 28800 28800 28800 28800 28800 28800 28800 28800 28800 28800 28800 28800 28800 28800 28800 28800 28800 28800 28800 28800 28800 28800 28800 28800 28800 28800 28800 28800 28800 28800 28800 28800 28800 28800 28800 28800 28800 28800 28800 28800 28800 28800 28800 28800 28800 28800 28800 28800 28800 28800 28800 28800 28800 28800 28800 28800 28800 28800 28800 28800 28800 28800 28800 28800 28800 28800 28800 28800 28800 28800 28800 28800 28800 28800 28800 28800 28800 28800 28800 28800 28800 28800 28800 28800 28800 28800 28800 28800 28800 28800 28800 28800 28800 28800 28800 28800 28800 28800 28800 28800 28800 28800 28800 28800 28800 28800 28800 28800 28800 28800 28800 28800 28800 28800 28800 28800 28800 28800
1 1 2 25
1 1 3 25
1 2 19 30
1 2 20 30
1 3 5 240
1 3 6 240
1 3 7 240
1 3 8 240
1 3 9 240
1 3 10 240
1 3 11 240
1 3 12 240
1 3 13 240
1 4 21 150
1 4 22 150
1 5 23 80
1 5 24 80
1 5 25 80
1 6 26 135
1 6 27 135
1 7 28 90
1 7 29 90
1 7 30 90
2 1 2 25
2 1 3 25
2 2 19 30
2 2 20 30
2 3 5 240
2 3 6 240
2 3 7 240
2 3 8 240
2 3 9 240
2 3 10 240
2 3 11 240
2 3 12 240
2 3 13 240
2 4 21 150
2 4 22 150
2 5 23 80
2 5 24 80
2 5 25 80
2 6 26 135
2 6 27 135
2 7 28 90
2 7 29 90
2 7 30 90
3 1 2 25
3 1 3 25
3 2 19 30
3 2 20 30
3 3 5 240
3 3 6 240
3 3 7 240
3 3 8 240
3 3 9 240
3 3 10 240
3 3 11 240
3 3 12 240
3 3 13 240
3 4 21 150
3 4 22 150
3 5 23 80
3 5 24 80
3 5 25 80
3 6 26 135
3 6 27 135
3 7 28 90
3 7 29 90
3 7 30 90
4 1 2 25
4 1 3 25
4 2 19 30
4 2 20 30
4 3 5 240
4 3 6 240
4 3 7 240
4 3 8 240
4 3 9 240
4 3 10 240
4 3 11 240
4 3 12 240
4 3 13 240
4 4 21 150
4 4 22 150
4 5 23 80
4 5 24 80
4 5 25 80
4 6 26 135
4 6 27 135
4 7 28 90
4 7 29 90
4 7 30 90
5 1 2 25
5 1 3 25
5 2 19 30
5 2 20 30
5 3 5 240
5 3 6 240
5 3 7 240
5 3 8 240
5 3 9 240
5 3 10 240
5 3 11 240
5 3 12 240
5 3 13 240
5 4 21 150
5 4 22 150
5 5 23 80
5 5 24 80
5 5 25 80
5 6 26 135
5 6 27 135
5 7 28 90
5 7 29 90
5 7 30 90
6 1 2 25
6 1 3 25
6 2 19 30
6 2 20 30
6 3 5 240
6 3 6 240
6 3 7 240
6 3 8 240
6 3 9 240
6 3 10 240
6 3 11 240
6 3 12 240
6 3 13 240
6 4 21 150
6 4 22 150
6 5 23 80
6 5 24 80
6 5 25 80
6 6 26 135
6 6 27 135
6 7 28 90
6 7 29 90
6 7 30 90
7 1 2 25
7 1 3 25
7 2 19 30
7 2 20 30
7 3 5 240
7 3 6 240
7 3 7 240
7 3 8 240
7 3 9 240
7 3 10 240
7 3 11 240
7 3 12 240
7 3 13 240
7 4 21 150
7 4 22 150
7 5 23 80
7 5 24 80
7 5 25 80
7 6 26 135
7 6 27 135
7 7 28 90
7 7 29 90
7 7 30 90
8 1 2 25
8 1 3 25
8 2 19 30
8 2 20 30
8 3 5 240
8 3 6 240
8 3 7 240
8 3 8 240
8 3 9 240
8 3 10 240
8 3 11 240
8 3 12 240
8 3 13 240
8 4 21 150
8 4 22 150
8 5 23 80
8 5 24 80
8 5 25 80
8 6 26 135
8 6 27 135
8 7 28 90
8 7 29 90
8 7 30 90
9 1 2 25
9 1 3 25
9 2 19 30
9 2 20 30
9 3 5 240
9 3 6 240
9 3 7 240
9 3 8 240
9 3 9 240
9 3 10 240
9 3 11 240
9 3 12 240
9 3 13 240
9 4 21 150
9 4 22 150
9 5 23 80
9 5 24 80
9 5 25 80
9 6 26 135
9 6 27 135
9 7 28 90
9 7 29 90
9 7 30 90
10 1 2 25
10 1 3 25
10 2 19 30
10 2 20 30
10 3 5 240
10 3 6 240
10 3 7 240
10 3 8 240
10 3 9 240
10 3 10 240
10 3 11 240
10 3 12 240
10 3 13 240
10 4 21 150
10 4 22 150
10 5 23 80
10 5 24 80
10 5 25 80
10 6 26 135
10 6 27 135
10 7 28 90
10 7 29 90
10 7 30 90
11 1 2 25
11 1 3 25
11 2 19 30
11 2 20 30
11 3 5 240
11 3 6 240
11 3 7 240
11 3 8 240
11 3 9 240
11 3 10 240
11 3 11 240
11 3 12 240
11 3 13 240
11 4 21 150
11 4 22 150
11 5 23 80
11 5 24 80
11 5 25 80
11 6 26 135
11 6 27 135
11 7 28 90
11 7 29 90
11 7 30 90
12 1 2 25
12 1 3 25
12 2 19 30
12 2 20 30
12 3 5 240
12 3 6 240
12 3 7 240
12 3 8 240
12 3 9 240
12 3 10 240
12 3 11 240
12 3 12 240
12 3 13 240
12 4 21 150
12 4 22 150
12 5 23 80
12 5 24 80
12 5 25 80
12 6 26 135
12 6 27 135
12 7 28 90
12 7 29 90
12 7 30 90
13 1 2 25
13 1 3 25
13 2 19 30
13 2 20 30
13 3 5 240
13 3 6 240
13 3 7 240
13 3 8 240
13 3 9 240
13 3 10 240
13 3 11 240
13 3 12 240
13 3 13 240
13 4 21 150
13 4 22 150
13 5 23 80
13 5 24 80
13 5 25 80
13 6 26 135
13 6 27 135
13 7 28 90
13 7 29 90
13 7 30 90
14 1 2 25
14 1 3 25
14 2 19 30
14 2 20 30
14 3 5 240
14 3 6 240
14 3 7 240
14 3 8 240
14 3 9 240
14 3 10 240
14 3 11 240
14 3 12 240
14 3 13 240
14 4 21 150
14 4 22 150
14 5 23 80
14 5 24 80
14 5 25 80
14 6 26 135
14 6 27 135
14 7 28 90
14 7 29 90
14 7 30 90
15 1 2 25
15 1 3 25
15 2 19 30
15 2 20 30
15 3 5 240
15 3 6 240
15 3 7 240
15 3 8 240
15 3 9 240
15 3 10 240
15 3 11 240
15 3 12 240
15 3 13 240
15 4 21 150
15 4 22 150
15 5 23 80
15 5 24 80
15 5 25 80
15 6 26 135
15 6 27 135
15 7 28 90
15 7 29 90
15 7 30 90
16 1 2 25
16 1 3 25
16 2 19 30
16 2 20 30
16 3 5 240
16 3 6 240
16 3 7 240
16 3 8 240
16 3 9 240
16 3 10 240
16 3 11 240
16 3 12 240
16 3 13 240
16 4 21 150
16 4 22 150
16 5 23 80
16 5 24 80
16 5 25 80
16 6 26 135
16 6 27 135
16 7 28 90
16 7 29 90
16 7 30 90
17 1 2 25
17 1 3 25
17 2 19 30
17 2 20 30
17 3 5 240
17 3 6 240
17 3 7 240
17 3 8 240
17 3 9 240
17 3 10 240
17 3 11 240
17 3 12 240
17 3 13 240
17 4 21 150
17 4 22 150
17 5 23 80
17 5 24 80
17 5 25 80
17 6 26 135
17 6 27 135
17 7 28 90
17 7 29 90
17 7 30 90
18 1 2 25
18 1 3 25
18 2 19 30
18 2 20 30
18 3 5 240
18 3 6 240
18 3 7 240
18 3 8 240
18 3 9 240
18 3 10 240
18 3 11 240
18 3 12 240
18 3 13 240
18 4 21 150
18 4 22 150
18 5 23 80
18 5 24 80
18 5 25 80
18 6 26 135
18 6 27 135
18 7 28 90
18 7 29 90
18 7 30 90
19 1 2 25
19 1 3 25
19 2 19 30
19 2 20 30
19 3 5 240
19 3 6 240
19 3 7 240
19 3 8 240
19 3 9 240
19 3 10 240
19 3 11 240
19 3 12 240
19 3 13 240
19 4 21 150
19 4 22 150
19 5 23 80
19 5 24 80
19 5 25 80
19 6 26 135
19 6 27 135
19 7 28 90
19 7 29 90
19 7 30 90
20 1 2 25
20 1 3 25
20 2 19 30
20 2 20 30
20 3 5 240
20 3 6 240
20 3 7 240
20 3 8 240
20 3 9 240
20 3 10 240
20 3 11 240
20 3 12 240
20 3 13 240
20 4 21 150
20 4 22 150
20 5 23 80
20 5 24 80
20 5 25 80
20 6 26 135
20 6 27 135
20 7 28 90
20 7 29 90
20 7 30 90
21 1 2 25
21 1 3 25
21 2 19 30
21 2 20 30
21 3 5 240
21 3 6 240
21 3 7 240
21 3 8 240
21 3 9 240
21 3 10 240
21 3 11 240
21 3 12 240
21 3 13 240
21 4 21 150
21 4 22 150
21 5 23 80
21 5 24 80
21 5 25 80
21 6 26 135
21 6 27 135
21 7 28 90
21 7 29 90
21 7 30 90
22 1 2 25
22 1 3 25
22 2 19 30
22 2 20 30
22 3 5 240
22 3 6 240
22 3 7 240
22 3 8 240
22 3 9 240
22 3 10 240
22 3 11 240
22 3 12 240
22 3 13 240
22 4 21 150
22 4 22 150
22 5 23 80
22 5 24 80
22 5 25 80
22 6 26 135
22 6 27 135
22 7 28 90
22 7 29 90
22 7 30 90
23 1 2 25
23 1 3 25
23 2 19 30
23 2 20 30
23 3 5 240
23 3 6 240
23 3 7 240
23 3 8 240
23 3 9 240
23 3 10 240
23 3 11 240
23 3 12 240
23 3 13 240
23 4 21 150
23 4 22 150
23 5 23 80
23 5 24 80
23 5 25 80
23 6 26 135
23 6 27 135
23 7 28 90
23 7 29 90
23 7 30 90
24 1 2 25
24 1 3 25
24 2 19 30
24 2 20 30
24 3 5 240
24 3 6 240
24 3 7 240
24 3 8 240
24 3 9 240
24 3 10 240
24 3 11 240
24 3 12 240
24 3 13 240
24 4 21 150
24 4 22 150
24 5 23 80
24 5 24 80
24 5 25 80
24 6 26 135
24 6 27 135
24 7 28 90
24 7 29 90
24 7 30 90
25 1 2 25
25 1 3 25
25 2 19 30
25 2 20 30
25 3 5 240
25 3 6 240
25 3 7 240
25 3 8 240
25 3 9 240
25 3 10 240
25 3 11 240
25 3 12 240
25 3 13 240
25 4 21 150
25 4 22 150
25 5 23 80
25 5 24 80
25 5 25 80
25 6 26 135
25 6 27 135
25 7 28 90
25 7 29 90
25 7 30 90
26 1 2 25
26 1 3 25
26 2 19 30
26 2 20 30
26 3 5 240
26 3 6 240
26 3 7 240
26 3 8 240
26 3 9 240
26 3 10 240
26 3 11 240
26 3 12 240
26 3 13 240
26 4 21 150
26 4 22 150
26 5 23 80
26 5 24 80
26 5 25 80
26 6 26 135
26 6 27 135
26 7 28 90
26 7 29 90
26 7 30 90
27 1 2 25
27 1 3 25
27 2 19 30
27 2 20 30
27 3 5 240
27 3 6 240
27 3 7 240
27 3 8 240
27 3 9 240
27 3 10 240
27 3 11 240
27 3 12 240
27 3 13 240
27 4 21 150
27 4 22 150
27 5 23 80
27 5 24 80
27 5 25 80
27 6 26 135
27 6 27 135
27 7 28 90
27 7 29 90
27 7 30 90
28 1 2 25
28 1 3 25
28 2 19 30
28 2 20 30
28 3 5 240
28 3 6 240
28 3 7 240
28 3 8 240
28 3 9 240
28 3 10 240
28 3 11 240
28 3 12 240
28 3 13 240
28 4 21 150
28 4 22 150
28 5 23 80
28 5 24 80
28 5 25 80
28 6 26 135
28 6 27 135
28 7 28 90
28 7 29 90
28 7 30 90
29 1 2 25
29 1 3 25
29 2 19 30
29 2 20 30
29 3 5 240
29 3 6 240
29 3 7 240
29 3 8 240
29 3 9 240
29 3 10 240
29 3 11 240
29 3 12 240
29 3 13 240
29 4 21 150
29 4 22 150
29 5 23 80
29 5 24 80
29 5 25 80
29 6 26 135
29 6 27 135
29 7 28 90
29 7 29 90
29 7 30 90
30 1 2 25
30 1 3 25
30 2 19 30
30 2 20 30
30 3 5 240
30 3 6 240
30 3 7 240
30 3 8 240
30 3 9 240
30 3 10 240
30 3 11 240
30 3 12 240
30 3 13 240
30 4 21 150
30 4 22 150
30 5 23 80
30 5 24 80
30 5 25 80
30 6 26 135
30 6 27 135
30 7 28 90
30 7 29 90
30 7 30 90
31 1 2 25
31 1 3 25
31 2 19 30
31 2 20 30
31 3 5 240
31 3 6 240
31 3 7 240
31 3 8 240
31 3 9 240
31 3 10 240
31 3 11 240
31 3 12 240
31 3 13 240
31 4 21 150
31 4 22 150
31 5 23 80
31 5 24 80
31 5 25 80
31 6 26 135
31 6 27 135
31 7 28 90
31 7 29 90
31 7 30 90
32 1 2 25
32 1 3 25
32 2 19 30
32 2 20 30
32 3 5 240
32 3 6 240
32 3 7 240
32 3 8 240
32 3 9 240
32 3 10 240
32 3 11 240
32 3 12 240
32 3 13 240
32 4 21 150
32 4 22 150
32 5 23 80
32 5 24 80
32 5 25 80
32 6 26 135
32 6 27 135
32 7 28 90
32 7 29 90
32 7 30 90
33 1 2 25
33 1 3 25
33 2 19 30
33 2 20 30
33 3 5 240
33 3 6 240
33 3 7 240
33 3 8 240
33 3 9 240
33 3 10 240
33 3 11 240
33 3 12 240
33 3 13 240
33 4 21 150
33 4 22 150
33 5 23 80
33 5 24 80
33 5 25 80
33 6 26 135
33 6 27 135
33 7 28 90
33 7 29 90
33 7 30 90
34 1 2 25
34 1 3 25
34 2 19 30
34 2 20 30
34 3 5 240
34 3 6 240
34 3 7 240
34 3 8 240
34 3 9 240
34 3 10 240
34 3 11 240
34 3 12 240
34 3 13 240
34 4 21 150
34 4 22 150
34 5 23 80
34 5 24 80
34 5 25 80
34 6 26 135
34 6 27 135
34 7 28 90
34 7 29 90
34 7 30 90
35 1 2 25
35 1 3 25
35 2 19 30
35 2 20 30
35 3 5 240
35 3 6 240
35 3 7 240
35 3 8 240
35 3 9 240
35 3 10 240
35 3 11 240
35 3 12 240
35 3 13 240
35 4 21 150
35 4 22 150
35 5 23 80
35 5 24 80
35 5 25 80
35 6 26 135
35 6 27 135
35 7 28 90
35 7 29 90
35 7 30 90
36 1 2 25
36 1 3 25
36 2 19 30
36 2 20 30
36 3 5 240
36 3 6 240
36 3 7 240
36 3 8 240
36 3 9 240
36 3 10 240
36 3 11 240
36 3 12 240
36 3 13 240
36 4 21 150
36 4 22 150
36 5 23 80
36 5 24 80
36 5 25 80
36 6 26 135
36 6 27 135
36 7 28 90
36 7 29 90
36 7 30 90
37 1 2 25
37 1 3 25
37 2 19 30
37 2 20 30
37 3 5 240
37 3 6 240
37 3 7 240
37 3 8 240
37 3 9 240
37 3 10 240
37 3 11 240
37 3 12 240
37 3 13 240
37 4 21 150
37 4 22 150
37 5 23 80
37 5 24 80
37 5 25 80
37 6 26 135
37 6 27 135
37 7 28 90
37 7 29 90
37 7 30 90
38 1 2 25
38 1 3 25
38 2 19 30
38 2 20 30
38 3 5 240
38 3 6 240
38 3 7 240
38 3 8 240
38 3 9 240
38 3 10 240
38 3 11 240
38 3 12 240
38 3 13 240
38 4 21 150
38 4 22 150
38 5 23 80
38 5 24 80
38 5 25 80
38 6 26 135
38 6 27 135
38 7 28 90
38 7 29 90
38 7 30 90
39 1 2 25
39 1 3 25
39 2 19 30
39 2 20 30
39 3 5 240
39 3 6 240
39 3 7 240
39 3 8 240
39 3 9 240
39 3 10 240
39 3 11 240
39 3 12 240
39 3 13 240
39 4 21 150
39 4 22 150
39 5 23 80
39 5 24 80
39 5 25 80
39 6 26 135
39 6 27 135
39 7 28 90
39 7 29 90
39 7 30 90
40 1 2 25
40 1 3 25
40 2 19 30
40 2 20 30
40 3 5 240
40 3 6 240
40 3 7 240
40 3 8 240
40 3 9 240
40 3 10 240
40 3 11 240
40 3 12 240
40 3 13 240
40 4 21 150
40 4 22 150
40 5 23 80
40 5 24 80
40 5 25 80
40 6 26 135
40 6 27 135
40 7 28 90
40 7 29 90
40 7 30 90
41 1 2 25
41 1 3 25
41 2 19 30
41 2 20 30
41 3 5 240
41 3 6 240
41 3 7 240
41 3 8 240
41 3 9 240
41 3 10 240
41 3 11 240
41 3 12 240
41 3 13 240
41 4 21 150
41 4 22 150
41 5 23 80
41 5 24 80
41 5 25 80
41 6 26 135
41 6 27 135
41 7 28 90
41 7 29 90
41 7 30 90
42 1 2 25
42 1 3 25
42 2 19 30
42 2 20 30
42 3 5 240
42 3 6 240
42 3 7 240
42 3 8 240
42 3 9 240
42 3 10 240
42 3 11 240
42 3 12 240
42 3 13 240
42 4 21 150
42 4 22 150
42 5 23 80
42 5 24 80
42 5 25 80
42 6 26 135
42 6 27 135
42 7 28 90
42 7 29 90
42 7 30 90
43 1 2 25
43 1 3 25
43 2 19 30
43 2 20 30
43 3 5 240
43 3 6 240
43 3 7 240
43 3 8 240
43 3 9 240
43 3 10 240
43 3 11 240
43 3 12 240
43 3 13 240
43 4 21 150
43 4 22 150
43 5 23 80
43 5 24 80
43 5 25 80
43 6 26 135
43 6 27 135
43 7 28 90
43 7 29 90
43 7 30 90
44 1 2 25
44 1 3 25
44 2 19 30
44 2 20 30
44 3 5 240
44 3 6 240
44 3 7 240
44 3 8 240
44 3 9 240
44 3 10 240
44 3 11 240
44 3 12 240
44 3 13 240
44 4 21 150
44 4 22 150
44 5 23 80
44 5 24 80
44 5 25 80
44 6 26 135
44 6 27 135
44 7 28 90
44 7 29 90
44 7 30 90
45 1 2 25
45 1 3 25
45 2 19 30
45 2 20 30
45 3 5 240
45 3 6 240
45 3 7 240
45 3 8 240
45 3 9 240
45 3 10 240
45 3 11 240
45 3 12 240
45 3 13 240
45 4 21 150
45 4 22 150
45 5 23 80
45 5 24 80
45 5 25 80
45 6 26 135
45 6 27 135
45 7 28 90
45 7 29 90
45 7 30 90
46 1 2 25
46 1 3 25
46 2 19 30
46 2 20 30
46 3 5 240
46 3 6 240
46 3 7 240
46 3 8 240
46 3 9 240
46 3 10 240
46 3 11 240
46 3 12 240
46 3 13 240
46 4 21 150
46 4 22 150
46 5 23 80
46 5 24 80
46 5 25 80
46 6 26 135
46 6 27 135
46 7 28 90
46 7 29 90
46 7 30 90
47 1 2 25
47 1 3 25
47 2 19 30
47 2 20 30
47 3 5 240
47 3 6 240
47 3 7 240
47 3 8 240
47 3 9 240
47 3 10 240
47 3 11 240
47 3 12 240
47 3 13 240
47 4 21 150
47 4 22 150
47 5 23 80
47 5 24 80
47 5 25 80
47 6 26 135
47 6 27 135
47 7 28 90
47 7 29 90
47 7 30 90
48 1 2 25
48 1 3 25
48 2 19 30
48 2 20 30
48 3 5 240
48 3 6 240
48 3 7 240
48 3 8 240
48 3 9 240
48 3 10 240
48 3 11 240
48 3 12 240
48 3 13 240
48 4 21 150
48 4 22 150
48 5 23 80
48 5 24 80
48 5 25 80
48 6 26 135
48 6 27 135
48 7 28 90
48 7 29 90
48 7 30 90
49 1 2 25
49 1 3 25
49 2 19 30
49 2 20 30
49 3 5 240
49 3 6 240
49 3 7 240
49 3 8 240
49 3 9 240
49 3 10 240
49 3 11 240
49 3 12 240
49 3 13 240
49 4 21 150
49 4 22 150
49 5 23 80
49 5 24 80
49 5 25 80
49 6 26 135
49 6 27 135
49 7 28 90
49 7 29 90
49 7 30 90
50 1 2 25
50 1 3 25
50 2 19 30
50 2 20 30
50 3 5 240
50 3 6 240
50 3 7 240
50 3 8 240
50 3 9 240
50 3 10 240
50 3 11 240
50 3 12 240
50 3 13 240
50 4 21 150
50 4 22 150
50 5 23 80
50 5 24 80
50 5 25 80
50 6 26 135
50 6 27 135
50 7 28 90
50 7 29 90
50 7 30 90
51 1 2 25
51 1 3 25
51 2 19 30
51 2 20 30
51 3 5 240
51 3 6 240
51 3 7 240
51 3 8 240
51 3 9 240
51 3 10 240
51 3 11 240
51 3 12 240
51 3 13 240
51 4 21 150
51 4 22 150
51 5 23 80
51 5 24 80
51 5 25 80
51 6 26 135
51 6 27 135
51 7 28 90
51 7 29 90
51 7 30 90
52 1 2 25
52 1 3 25
52 2 19 30
52 2 20 30
52 3 5 240
52 3 6 240
52 3 7 240
52 3 8 240
52 3 9 240
52 3 10 240
52 3 11 240
52 3 12 240
52 3 13 240
52 4 21 150
52 4 22 150
52 5 23 80
52 5 24 80
52 5 25 80
52 6 26 135
52 6 27 135
52 7 28 90
52 7 29 90
52 7 30 90
53 1 2 25
53 1 3 25
53 2 19 30
53 2 20 30
53 3 5 240
53 3 6 240
53 3 7 240
53 3 8 240
53 3 9 240
53 3 10 240
53 3 11 240
53 3 12 240
53 3 13 240
53 4 21 150
53 4 22 150
53 5 23 80
53 5 24 80
53 5 25 80
53 6 26 135
53 6 27 135
53 7 28 90
53 7 29 90
53 7 30 90
54 1 2 25
54 1 3 25
54 2 19 30
54 2 20 30
54 3 5 240
54 3 6 240
54 3 7 240
54 3 8 240
54 3 9 240
54 3 10 240
54 3 11 240
54 3 12 240
54 3 13 240
54 4 21 150
54 4 22 150
54 5 23 80
54 5 24 80
54 5 25 80
54 6 26 135
54 6 27 135
54 7 28 90
54 7 29 90
54 7 30 90
55 1 2 25
55 1 3 25
55 2 19 30
55 2 20 30
55 3 5 240
55 3 6 240
55 3 7 240
55 3 8 240
55 3 9 240
55 3 10 240
55 3 11 240
55 3 12 240
55 3 13 240
55 4 21 150
55 4 22 150
55 5 23 80
55 5 24 80
55 5 25 80
55 6 26 135
55 6 27 135
55 7 28 90
55 7 29 90
55 7 30 90
56 1 2 25
56 1 3 25
56 2 19 30
56 2 20 30
56 3 5 240
56 3 6 240
56 3 7 240
56 3 8 240
56 3 9 240
56 3 10 240
56 3 11 240
56 3 12 240
56 3 13 240
56 4 21 150
56 4 22 150
56 5 23 80
56 5 24 80
56 5 25 80
56 6 26 135
56 6 27 135
56 7 28 90
56 7 29 90
56 7 30 90
57 1 2 25
57 1 3 25
57 2 19 30
57 2 20 30
57 3 5 240
57 3 6 240
57 3 7 240
57 3 8 240
57 3 9 240
57 3 10 240
57 3 11 240
57 3 12 240
57 3 13 240
57 4 21 150
57 4 22 150
57 5 23 80
57 5 24 80
57 5 25 80
57 6 26 135
57 6 27 135
57 7 28 90
57 7 29 90
57 7 30 90
58 1 2 25
58 1 3 25
58 2 19 30
58 2 20 30
58 3 5 240
58 3 6 240
58 3 7 240
58 3 8 240
58 3 9 240
58 3 10 240
58 3 11 240
58 3 12 240
58 3 13 240
58 4 21 150
58 4 22 150
58 5 23 80
58 5 24 80
58 5 25 80
58 6 26 135
58 6 27 135
58 7 28 90
58 7 29 90
58 7 30 90
59 1 2 25
59 1 3 25
59 2 19 30
59 2 20 30
59 3 5 240
59 3 6 240
59 3 7 240
59 3 8 240
59 3 9 240
59 3 10 240
59 3 11 240
59 3 12 240
59 3 13 240
59 4 21 150
59 4 22 150
59 5 23 80
59 5 24 80
59 5 25 80
59 6 26 135
59 6 27 135
59 7 28 90
59 7 29 90
59 7 30 90
60 1 2 25
60 1 3 25
60 2 19 30
60 2 20 30
60 3 5 240
60 3 6 240
60 3 7 240
60 3 8 240
60 3 9 240
60 3 10 240
60 3 11 240
60 3 12 240
60 3 13 240
60 4 21 150
60 4 22 150
60 5 23 80
60 5 24 80
60 5 25 80
60 6 26 135
60 6 27 135
60 7 28 90
60 7 29 90
60 7 30 90
61 1 2 25
61 1 3 25
61 2 19 30
61 2 20 30
61 3 5 240
61 3 6 240
61 3 7 240
61 3 8 240
61 3 9 240
61 3 10 240
61 3 11 240
61 3 12 240
61 3 13 240
61 4 21 150
61 4 22 150
61 5 23 80
61 5 24 80
61 5 25 80
61 6 26 135
61 6 27 135
61 7 28 90
61 7 29 90
61 7 30 90
62 1 2 25
62 1 3 25
62 2 19 30
62 2 20 30
62 3 5 240
62 3 6 240
62 3 7 240
62 3 8 240
62 3 9 240
62 3 10 240
62 3 11 240
62 3 12 240
62 3 13 240
62 4 21 150
62 4 22 150
62 5 23 80
62 5 24 80
62 5 25 80
62 6 26 135
62 6 27 135
62 7 28 90
62 7 29 90
62 7 30 90
63 1 2 25
63 1 3 25
63 2 19 30
63 2 20 30
63 3 5 240
63 3 6 240
63 3 7 240
63 3 8 240
63 3 9 240
63 3 10 240
63 3 11 240
63 3 12 240
63 3 13 240
63 4 21 150
63 4 22 150
63 5 23 80
63 5 24 80
63 5 25 80
63 6 26 135
63 6 27 135
63 7 28 90
63 7 29 90
63 7 30 90
64 1 2 25
64 1 3 25
64 2 19 30
64 2 20 30
64 3 5 240
64 3 6 240
64 3 7 240
64 3 8 240
64 3 9 240
64 3 10 240
64 3 11 240
64 3 12 240
64 3 13 240
64 4 21 150
64 4 22 150
64 5 23 80
64 5 24 80
64 5 25 80
64 6 26 135
64 6 27 135
64 7 28 90
64 7 29 90
64 7 30 90
65 1 2 25
65 1 3 25
65 2 19 30
65 2 20 30
65 3 5 240
65 3 6 240
65 3 7 240
65 3 8 240
65 3 9 240
65 3 10 240
65 3 11 240
65 3 12 240
65 3 13 240
65 4 21 150
65 4 22 150
65 5 23 80
65 5 24 80
65 5 25 80
65 6 26 135
65 6 27 135
65 7 28 90
65 7 29 90
65 7 30 90
66 1 2 25
66 1 3 25
66 2 19 30
66 2 20 30
66 3 5 240
66 3 6 240
66 3 7 240
66 3 8 240
66 3 9 240
66 3 10 240
66 3 11 240
66 3 12 240
66 3 13 240
66 4 21 150
66 4 22 150
66 5 23 80
66 5 24 80
66 5 25 80
66 6 26 135
66 6 27 135
66 7 28 90
66 7 29 90
66 7 30 90
67 1 2 25
67 1 3 25
67 2 19 30
67 2 20 30
67 3 5 240
67 3 6 240
67 3 7 240
67 3 8 240
67 3 9 240
67 3 10 240
67 3 11 240
67 3 12 240
67 3 13 240
67 4 21 150
67 4 22 150
67 5 23 80
67 5 24 80
67 5 25 80
67 6 26 135
67 6 27 135
67 7 28 90
67 7 29 90
67 7 30 90
68 1 2 25
68 1 3 25
68 2 19 30
68 2 20 30
68 3 5 240
68 3 6 240
68 3 7 240
68 3 8 240
68 3 9 240
68 3 10 240
68 3 11 240
68 3 12 240
68 3 13 240
68 4 21 150
68 4 22 150
68 5 23 80
68 5 24 80
68 5 25 80
68 6 26 135
68 6 27 135
68 7 28 90
68 7 29 90
68 7 30 90
69 1 2 25
69 1 3 25
69 2 19 30
69 2 20 30
69 3 5 240
69 3 6 240
69 3 7 240
69 3 8 240
69 3 9 240
69 3 10 240
69 3 11 240
69 3 12 240
69 3 13 240
69 4 21 150
69 4 22 150
69 5 23 80
69 5 24 80
69 5 25 80
69 6 26 135
69 6 27 135
69 7 28 90
69 7 29 90
69 7 30 90
70 1 2 25
70 1 3 25
70 2 19 30
70 2 20 30
70 3 5 240
70 3 6 240
70 3 7 240
70 3 8 240
70 3 9 240
70 3 10 240
70 3 11 240
70 3 12 240
70 3 13 240
70 4 21 150
70 4 22 150
70 5 23 80
70 5 24 80
70 5 25 80
70 6 26 135
70 6 27 135
70 7 28 90
70 7 29 90
70 7 30 90
71 1 2 25
71 1 3 25
71 2 19 30
71 2 20 30
71 3 5 240
71 3 6 240
71 3 7 240
71 3 8 240
71 3 9 240
71 3 10 240
71 3 11 240
71 3 12 240
71 3 13 240
71 4 21 150
71 4 22 150
71 5 23 80
71 5 24 80
71 5 25 80
71 6 26 135
71 6 27 135
71 7 28 90
71 7 29 90
71 7 30 90
72 1 2 25
72 1 3 25
72 2 19 30
72 2 20 30
72 3 5 240
72 3 6 240
72 3 7 240
72 3 8 240
72 3 9 240
72 3 10 240
72 3 11 240
72 3 12 240
72 3 13 240
72 4 21 150
72 4 22 150
72 5 23 80
72 5 24 80
72 5 25 80
72 6 26 135
72 6 27 135
72 7 28 90
72 7 29 90
72 7 30 90
73 1 2 25
73 1 3 25
73 2 19 30
73 2 20 30
73 3 5 240
73 3 6 240
73 3 7 240
73 3 8 240
73 3 9 240
73 3 10 240
73 3 11 240
73 3 12 240
73 3 13 240
73 4 21 150
73 4 22 150
73 5 23 80
73 5 24 80
73 5 25 80
73 6 26 135
73 6 27 135
73 7 28 90
73 7 29 90
73 7 30 90
74 1 2 25
74 1 3 25
74 2 19 30
74 2 20 30
74 3 5 240
74 3 6 240
74 3 7 240
74 3 8 240
74 3 9 240
74 3 10 240
74 3 11 240
74 3 12 240
74 3 13 240
74 4 21 150
74 4 22 150
74 5 23 80
74 5 24 80
74 5 25 80
74 6 26 135
74 6 27 135
74 7 28 90
74 7 29 90
74 7 30 90
75 1 2 25
75 1 3 25
75 2 19 30
75 2 20 30
75 3 5 240
75 3 6 240
75 3 7 240
75 3 8 240
75 3 9 240
75 3 10 240
75 3 11 240
75 3 12 240
75 3 13 240
75 4 21 150
75 4 22 150
75 5 23 80
75 5 24 80
75 5 25 80
75 6 26 135
75 6 27 135
75 7 28 90
75 7 29 90
75 7 30 90
76 1 2 25
76 1 3 25
76 2 19 30
76 2 20 30
76 3 5 240
76 3 6 240
76 3 7 240
76 3 8 240
76 3 9 240
76 3 10 240
76 3 11 240
76 3 12 240
76 3 13 240
76 4 21 150
76 4 22 150
76 5 23 80
76 5 24 80
76 5 25 80
76 6 26 135
76 6 27 135
76 7 28 90
76 7 29 90
76 7 30 90
77 1 2 25
77 1 3 25
77 2 19 30
77 2 20 30
77 3 5 240
77 3 6 240
77 3 7 240
77 3 8 240
77 3 9 240
77 3 10 240
77 3 11 240
77 3 12 240
77 3 13 240
77 4 21 150
77 4 22 150
77 5 23 80
77 5 24 80
77 5 25 80
77 6 26 135
77 6 27 135
77 7 28 90
77 7 29 90
77 7 30 90
78 1 2 25
78 1 3 25
78 2 19 30
78 2 20 30
78 3 5 240
78 3 6 240
78 3 7 240
78 3 8 240
78 3 9 240
78 3 10 240
78 3 11 240
78 3 12 240
78 3 13 240
78 4 21 150
78 4 22 150
78 5 23 80
78 5 24 80
78 5 25 80
78 6 26 135
78 6 27 135
78 7 28 90
78 7 29 90
78 7 30 90
79 1 2 25
79 1 3 25
79 2 19 30
79 2 20 30
79 3 5 240
79 3 6 240
79 3 7 240
79 3 8 240
79 3 9 240
79 3 10 240
79 3 11 240
79 3 12 240
79 3 13 240
79 4 21 150
79 4 22 150
79 5 23 80
79 5 24 80
79 5 25 80
79 6 26 135
79 6 27 135
79 7 28 90
79 7 29 90
79 7 30 90
80 1 2 25
80 1 3 25
80 2 19 30
80 2 20 30
80 3 5 240
80 3 6 240
80 3 7 240
80 3 8 240
80 3 9 240
80 3 10 240
80 3 11 240
80 3 12 240
80 3 13 240
80 4 21 150
80 4 22 150
80 5 23 80
80 5 24 80
80 5 25 80
80 6 26 135
80 6 27 135
80 7 28 90
80 7 29 90
80 7 30 90
81 1 2 25
81 1 3 25
81 2 19 30
81 2 20 30
81 3 5 240
81 3 6 240
81 3 7 240
81 3 8 240
81 3 9 240
81 3 10 240
81 3 11 240
81 3 12 240
81 3 13 240
81 4 21 150
81 4 22 150
81 5 23 80
81 5 24 80
81 5 25 80
81 6 26 135
81 6 27 135
81 7 28 90
81 7 29 90
81 7 30 90
82 1 2 25
82 1 3 25
82 2 19 30
82 2 20 30
82 3 5 240
82 3 6 240
82 3 7 240
82 3 8 240
82 3 9 240
82 3 10 240
82 3 11 240
82 3 12 240
82 3 13 240
82 4 21 150
82 4 22 150
82 5 23 80
82 5 24 80
82 5 25 80
82 6 26 135
82 6 27 135
82 7 28 90
82 7 29 90
82 7 30 90
83 1 2 25
83 1 3 25
83 2 19 30
83 2 20 30
83 3 5 240
83 3 6 240
83 3 7 240
83 3 8 240
83 3 9 240
83 3 10 240
83 3 11 240
83 3 12 240
83 3 13 240
83 4 21 150
83 4 22 150
83 5 23 80
83 5 24 80
83 5 25 80
83 6 26 135
83 6 27 135
83 7 28 90
83 7 29 90
83 7 30 90
84 1 2 25
84 1 3 25
84 2 19 30
84 2 20 30
84 3 5 240
84 3 6 240
84 3 7 240
84 3 8 240
84 3 9 240
84 3 10 240
84 3 11 240
84 3 12 240
84 3 13 240
84 4 21 150
84 4 22 150
84 5 23 80
84 5 24 80
84 5 25 80
84 6 26 135
84 6 27 135
84 7 28 90
84 7 29 90
84 7 30 90
85 1 2 25
85 1 3 25
85 2 19 30
85 2 20 30
85 3 5 240
85 3 6 240
85 3 7 240
85 3 8 240
85 3 9 240
85 3 10 240
85 3 11 240
85 3 12 240
85 3 13 240
85 4 21 150
85 4 22 150
85 5 23 80
85 5 24 80
85 5 25 80
85 6 26 135
85 6 27 135
85 7 28 90
85 7 29 90
85 7 30 90
86 1 2 25
86 1 3 25
86 2 19 30
86 2 20 30
86 3 5 240
86 3 6 240
86 3 7 240
86 3 8 240
86 3 9 240
86 3 10 240
86 3 11 240
86 3 12 240
86 3 13 240
86 4 21 150
86 4 22 150
86 5 23 80
86 5 24 80
86 5 25 80
86 6 26 135
86 6 27 135
86 7 28 90
86 7 29 90
86 7 30 90
87 1 2 25
87 1 3 25
87 2 19 30
87 2 20 30
87 3 5 240
87 3 6 240
87 3 7 240
87 3 8 240
87 3 9 240
87 3 10 240
87 3 11 240
87 3 12 240
87 3 13 240
87 4 21 150
87 4 22 150
87 5 23 80
87 5 24 80
87 5 25 80
87 6 26 135
87 6 27 135
87 7 28 90
87 7 29 90
87 7 30 90
88 1 2 25
88 1 3 25
88 2 19 30
88 2 20 30
88 3 5 240
88 3 6 240
88 3 7 240
88 3 8 240
88 3 9 240
88 3 10 240
88 3 11 240
88 3 12 240
88 3 13 240
88 4 21 150
88 4 22 150
88 5 23 80
88 5 24 80
88 5 25 80
88 6 26 135
88 6 27 135
88 7 28 90
88 7 29 90
88 7 30 90
89 1 2 25
89 1 3 25
89 2 19 30
89 2 20 30
89 3 5 240
89 3 6 240
89 3 7 240
89 3 8 240
89 3 9 240
89 3 10 240
89 3 11 240
89 3 12 240
89 3 13 240
89 4 21 150
89 4 22 150
89 5 23 80
89 5 24 80
89 5 25 80
89 6 26 135
89 6 27 135
89 7 28 90
89 7 29 90
89 7 30 90
90 1 2 25
90 1 3 25
90 2 19 30
90 2 20 30
90 3 5 240
90 3 6 240
90 3 7 240
90 3 8 240
90 3 9 240
90 3 10 240
90 3 11 240
90 3 12 240
90 3 13 240
90 4 21 150
90 4 22 150
90 5 23 80
90 5 24 80
90 5 25 80
90 6 26 135
90 6 27 135
90 7 28 90
90 7 29 90
90 7 30 90
91 1 2 25
91 1 3 25
91 2 19 30
91 2 20 30
91 3 5 240
91 3 6 240
91 3 7 240
91 3 8 240
91 3 9 240
91 3 10 240
91 3 11 240
91 3 12 240
91 3 13 240
91 4 21 150
91 4 22 150
91 5 23 80
91 5 24 80
91 5 25 80
91 6 26 135
91 6 27 135
91 7 28 90
91 7 29 90
91 7 30 90
92 1 2 25
92 1 3 25
92 2 19 30
92 2 20 30
92 3 5 240
92 3 6 240
92 3 7 240
92 3 8 240
92 3 9 240
92 3 10 240
92 3 11 240
92 3 12 240
92 3 13 240
92 4 21 150
92 4 22 150
92 5 23 80
92 5 24 80
92 5 25 80
92 6 26 135
92 6 27 135
92 7 28 90
92 7 29 90
92 7 30 90
93 1 2 25
93 1 3 25
93 2 19 30
93 2 20 30
93 3 5 240
93 3 6 240
93 3 7 240
93 3 8 240
93 3 9 240
93 3 10 240
93 3 11 240
93 3 12 240
93 3 13 240
93 4 21 150
93 4 22 150
93 5 23 80
93 5 24 80
93 5 25 80
93 6 26 135
93 6 27 135
93 7 28 90
93 7 29 90
93 7 30 90
94 1 2 25
94 1 3 25
94 2 19 30
94 2 20 30
94 3 5 240
94 3 6 240
94 3 7 240
94 3 8 240
94 3 9 240
94 3 10 240
94 3 11 240
94 3 12 240
94 3 13 240
94 4 21 150
94 4 22 150
94 5 23 80
94 5 24 80
94 5 25 80
94 6 26 135
94 6 27 135
94 7 28 90
94 7 29 90
94 7 30 90
95 1 2 25
95 1 3 25
95 2 19 30
95 2 20 30
95 3 5 240
95 3 6 240
95 3 7 240
95 3 8 240
95 3 9 240
95 3 10 240
95 3 11 240
95 3 12 240
95 3 13 240
95 4 21 150
95 4 22 150
95 5 23 80
95 5 24 80
95 5 25 80
95 6 26 135
95 6 27 135
95 7 28 90
95 7 29 90
95 7 30 90
96 1 2 25
96 1 3 25
96 2 19 30
96 2 20 30
96 3 5 240
96 3 6 240
96 3 7 240
96 3 8 240
96 3 9 240
96 3 10 240
96 3 11 240
96 3 12 240
96 3 13 240
96 4 21 150
96 4 22 150
96 5 23 80
96 5 24 80
96 5 25 80
96 6 26 135
96 6 27 135
96 7 28 90
96 7 29 90
96 7 30 90
97 1 2 25
97 1 3 25
97 2 19 30
97 2 20 30
97 3 5 240
97 3 6 240
97 3 7 240
97 3 8 240
97 3 9 240
97 3 10 240
97 3 11 240
97 3 12 240
97 3 13 240
97 4 21 150
97 4 22 150
97 5 23 80
97 5 24 80
97 5 25 80
97 6 26 135
97 6 27 135
97 7 28 90
97 7 29 90
97 7 30 90
98 1 2 25
98 1 3 25
98 2 19 30
98 2 20 30
98 3 5 240
98 3 6 240
98 3 7 240
98 3 8 240
98 3 9 240
98 3 10 240
98 3 11 240
98 3 12 240
98 3 13 240
98 4 21 150
98 4 22 150
98 5 23 80
98 5 24 80
98 5 25 80
98 6 26 135
98 6 27 135
98 7 28 90
98 7 29 90
98 7 30 90
99 1 2 25
99 1 3 25
99 2 19 30
99 2 20 30
99 3 5 240
99 3 6 240
99 3 7 240
99 3 8 240
99 3 9 240
99 3 10 240
99 3 11 240
99 3 12 240
99 3 13 240
99 4 21 150
99 4 22 150
99 5 23 80
99 5 24 80
99 5 25 80
99 6 26 135
99 6 27 135
99 7 28 90
99 7 29 90
99 7 30 90
100 1 2 25
100 1 3 25
100 2 19 30
100 2 20 30
100 3 5 240
100 3 6 240
100 3 7 240
100 3 8 240
100 3 9 240
100 3 10 240
100 3 11 240
100 3 12 240
100 3 13 240
100 4 21 150
100 4 22 150
100 5 23 80
100 5 24 80
100 5 25 80
100 6 26 135
100 6 27 135
100 7 28 90
100 7 29 90
100 7 30 90
101 1 2 25
101 1 3 25
101 2 19 30
101 2 20 30
101 3 5 240
101 3 6 240
101 3 7 240
101 3 8 240
101 3 9 240
101 3 10 240
101 3 11 240
101 3 12 240
101 3 13 240
101 4 21 150
101 4 22 150
101 5 23 80
101 5 24 80
101 5 25 80
101 6 26 135
101 6 27 135
101 7 28 90
101 7 29 90
101 7 30 90
102 1 2 25
102 1 3 25
102 2 19 30
102 2 20 30
102 3 5 240
102 3 6 240
102 3 7 240
102 3 8 240
102 3 9 240
102 3 10 240
102 3 11 240
102 3 12 240
102 3 13 240
102 4 21 150
102 4 22 150
102 5 23 80
102 5 24 80
102 5 25 80
102 6 26 135
102 6 27 135
102 7 28 90
102 7 29 90
102 7 30 90
103 1 2 25
103 1 3 25
103 2 19 30
103 2 20 30
103 3 5 240
103 3 6 240
103 3 7 240
103 3 8 240
103 3 9 240
103 3 10 240
103 3 11 240
103 3 12 240
103 3 13 240
103 4 21 150
103 4 22 150
103 5 23 80
103 5 24 80
103 5 25 80
103 6 26 135
103 6 27 135
103 7 28 90
103 7 29 90
103 7 30 90
104 1 2 25
104 1 3 25
104 2 19 30
104 2 20 30
104 3 5 240
104 3 6 240
104 3 7 240
104 3 8 240
104 3 9 240
104 3 10 240
104 3 11 240
104 3 12 240
104 3 13 240
104 4 21 150
104 4 22 150
104 5 23 80
104 5 24 80
104 5 25 80
104 6 26 135
104 6 27 135
104 7 28 90
104 7 29 90
104 7 30 90
105 1 2 25
105 1 3 25
105 2 19 30
105 2 20 30
105 3 5 240
105 3 6 240
105 3 7 240
105 3 8 240
105 3 9 240
105 3 10 240
105 3 11 240
105 3 12 240
105 3 13 240
105 4 21 150
105 4 22 150
105 5 23 80
105 5 24 80
105 5 25 80
105 6 26 135
105 6 27 135
105 7 28 90
105 7 29 90
105 7 30 90
106 1 4 10
106 2 14 70
106 2 15 70
106 2 16 70
106 3 21 205
106 3 22 205
106 4 23 55
106 4 24 55
106 4 25 55
106 5 26 135
106 5 27 135
106 6 28 90
106 6 29 90
106 6 30 90
107 1 4 10
107 2 14 70
107 2 15 70
107 2 16 70
107 3 21 205
107 3 22 205
107 4 23 55
107 4 24 55
107 4 25 55
107 5 26 135
107 5 27 135
107 6 28 90
107 6 29 90
107 6 30 90
108 1 4 10
108 2 14 70
108 2 15 70
108 2 16 70
108 3 21 205
108 3 22 205
108 4 23 55
108 4 24 55
108 4 25 55
108 5 26 135
108 5 27 135
108 6 28 90
108 6 29 90
108 6 30 90
109 1 4 10
109 2 14 70
109 2 15 70
109 2 16 70
109 3 21 205
109 3 22 205
109 4 23 55
109 4 24 55
109 4 25 55
109 5 26 135
109 5 27 135
109 6 28 90
109 6 29 90
109 6 30 90
110 1 4 10
110 2 14 70
110 2 15 70
110 2 16 70
110 3 21 205
110 3 22 205
110 4 23 55
110 4 24 55
110 4 25 55
110 5 26 135
110 5 27 135
110 6 28 90
110 6 29 90
110 6 30 90
111 1 4 10
111 2 14 70
111 2 15 70
111 2 16 70
111 3 21 205
111 3 22 205
111 4 23 55
111 4 24 55
111 4 25 55
111 5 26 135
111 5 27 135
111 6 28 90
111 6 29 90
111 6 30 90
112 1 4 10
112 2 14 70
112 2 15 70
112 2 16 70
112 3 21 205
112 3 22 205
112 4 23 55
112 4 24 55
112 4 25 55
112 5 26 135
112 5 27 135
112 6 28 90
112 6 29 90
112 6 30 90
113 1 4 10
113 2 14 70
113 2 15 70
113 2 16 70
113 3 21 205
113 3 22 205
113 4 23 55
113 4 24 55
113 4 25 55
113 5 26 135
113 5 27 135
113 6 28 90
113 6 29 90
113 6 30 90
114 1 4 10
114 2 14 70
114 2 15 70
114 2 16 70
114 3 21 205
114 3 22 205
114 4 23 55
114 4 24 55
114 4 25 55
114 5 26 135
114 5 27 135
114 6 28 90
114 6 29 90
114 6 30 90
115 1 4 10
115 2 14 70
115 2 15 70
115 2 16 70
115 3 21 205
115 3 22 205
115 4 23 55
115 4 24 55
115 4 25 55
115 5 26 135
115 5 27 135
115 6 28 90
115 6 29 90
115 6 30 90
116 1 4 10
116 2 14 70
116 2 15 70
116 2 16 70
116 3 21 205
116 3 22 205
116 4 23 55
116 4 24 55
116 4 25 55
116 5 26 135
116 5 27 135
116 6 28 90
116 6 29 90
116 6 30 90
117 1 4 10
117 2 14 70
117 2 15 70
117 2 16 70
117 3 21 205
117 3 22 205
117 4 23 55
117 4 24 55
117 4 25 55
117 5 26 135
117 5 27 135
117 6 28 90
117 6 29 90
117 6 30 90
118 1 4 10
118 2 14 70
118 2 15 70
118 2 16 70
118 3 21 205
118 3 22 205
118 4 23 55
118 4 24 55
118 4 25 55
118 5 26 135
118 5 27 135
118 6 28 90
118 6 29 90
118 6 30 90
119 1 4 10
119 2 14 70
119 2 15 70
119 2 16 70
119 3 21 205
119 3 22 205
119 4 23 55
119 4 24 55
119 4 25 55
119 5 26 135
119 5 27 135
119 6 28 90
119 6 29 90
119 6 30 90
120 1 4 10
120 2 14 70
120 2 15 70
120 2 16 70
120 3 21 205
120 3 22 205
120 4 23 55
120 4 24 55
120 4 25 55
120 5 26 135
120 5 27 135
120 6 28 90
120 6 29 90
120 6 30 90
121 1 4 10
121 2 14 70
121 2 15 70
121 2 16 70
121 3 21 205
121 3 22 205
121 4 23 55
121 4 24 55
121 4 25 55
121 5 26 135
121 5 27 135
121 6 28 90
121 6 29 90
121 6 30 90
122 1 4 10
122 2 14 70
122 2 15 70
122 2 16 70
122 3 21 205
122 3 22 205
122 4 23 55
122 4 24 55
122 4 25 55
122 5 26 135
122 5 27 135
122 6 28 90
122 6 29 90
122 6 30 90
123 1 4 10
123 2 14 70
123 2 15 70
123 2 16 70
123 3 21 205
123 3 22 205
123 4 23 55
123 4 24 55
123 4 25 55
123 5 26 135
123 5 27 135
123 6 28 90
123 6 29 90
123 6 30 90
124 1 4 10
124 2 14 70
124 2 15 70
124 2 16 70
124 3 21 205
124 3 22 205
124 4 23 55
124 4 24 55
124 4 25 55
124 5 26 135
124 5 27 135
124 6 28 90
124 6 29 90
124 6 30 90
125 1 4 10
125 2 14 70
125 2 15 70
125 2 16 70
125 3 21 205
125 3 22 205
125 4 23 55
125 4 24 55
125 4 25 55
125 5 26 135
125 5 27 135
125 6 28 90
125 6 29 90
125 6 30 90
126 1 4 10
126 2 14 70
126 2 15 70
126 2 16 70
126 3 21 205
126 3 22 205
126 4 23 55
126 4 24 55
126 4 25 55
126 5 26 135
126 5 27 135
126 6 28 90
126 6 29 90
126 6 30 90
127 1 4 10
127 2 14 70
127 2 15 70
127 2 16 70
127 3 21 205
127 3 22 205
127 4 23 55
127 4 24 55
127 4 25 55
127 5 26 135
127 5 27 135
127 6 28 90
127 6 29 90
127 6 30 90
128 1 4 10
128 2 14 70
128 2 15 70
128 2 16 70
128 3 21 205
128 3 22 205
128 4 23 55
128 4 24 55
128 4 25 55
128 5 26 135
128 5 27 135
128 6 28 90
128 6 29 90
128 6 30 90
129 1 4 10
129 2 14 70
129 2 15 70
129 2 16 70
129 3 21 205
129 3 22 205
129 4 23 55
129 4 24 55
129 4 25 55
129 5 26 135
129 5 27 135
129 6 28 90
129 6 29 90
129 6 30 90
130 1 4 10
130 2 14 70
130 2 15 70
130 2 16 70
130 3 21 205
130 3 22 205
130 4 23 55
130 4 24 55
130 4 25 55
130 5 26 135
130 5 27 135
130 6 28 90
130 6 29 90
130 6 30 90
131 1 4 10
131 2 14 70
131 2 15 70
131 2 16 70
131 3 21 205
131 3 22 205
131 4 23 55
131 4 24 55
131 4 25 55
131 5 26 135
131 5 27 135
131 6 28 90
131 6 29 90
131 6 30 90
132 1 4 10
132 2 14 70
132 2 15 70
132 2 16 70
132 3 21 205
132 3 22 205
132 4 23 55
132 4 24 55
132 4 25 55
132 5 26 135
132 5 27 135
132 6 28 90
132 6 29 90
132 6 30 90
133 1 4 10
133 2 14 70
133 2 15 70
133 2 16 70
133 3 21 205
133 3 22 205
133 4 23 55
133 4 24 55
133 4 25 55
133 5 26 135
133 5 27 135
133 6 28 90
133 6 29 90
133 6 30 90
134 1 4 10
134 2 14 70
134 2 15 70
134 2 16 70
134 3 21 205
134 3 22 205
134 4 23 55
134 4 24 55
134 4 25 55
134 5 26 135
134 5 27 135
134 6 28 90
134 6 29 90
134 6 30 90
135 1 4 10
135 2 14 70
135 2 15 70
135 2 16 70
135 3 21 205
135 3 22 205
135 4 23 55
135 4 24 55
135 4 25 55
135 5 26 135
135 5 27 135
135 6 28 90
135 6 29 90
135 6 30 90
136 1 4 10
136 2 14 70
136 2 15 70
136 2 16 70
136 3 21 205
136 3 22 205
136 4 23 55
136 4 24 55
136 4 25 55
136 5 26 135
136 5 27 135
136 6 28 90
136 6 29 90
136 6 30 90
137 1 4 10
137 2 14 70
137 2 15 70
137 2 16 70
137 3 21 205
137 3 22 205
137 4 23 55
137 4 24 55
137 4 25 55
137 5 26 135
137 5 27 135
137 6 28 90
137 6 29 90
137 6 30 90
138 1 4 10
138 2 14 70
138 2 15 70
138 2 16 70
138 3 21 205
138 3 22 205
138 4 23 55
138 4 24 55
138 4 25 55
138 5 26 135
138 5 27 135
138 6 28 90
138 6 29 90
138 6 30 90
139 1 4 10
139 2 14 70
139 2 15 70
139 2 16 70
139 3 21 205
139 3 22 205
139 4 23 55
139 4 24 55
139 4 25 55
139 5 26 135
139 5 27 135
139 6 28 90
139 6 29 90
139 6 30 90
140 1 4 10
140 2 14 70
140 2 15 70
140 2 16 70
140 3 21 205
140 3 22 205
140 4 23 55
140 4 24 55
140 4 25 55
140 5 26 135
140 5 27 135
140 6 28 90
140 6 29 90
140 6 30 90
141 1 4 10
141 2 14 70
141 2 15 70
141 2 16 70
141 3 21 205
141 3 22 205
141 4 23 55
141 4 24 55
141 4 25 55
141 5 26 135
141 5 27 135
141 6 28 90
141 6 29 90
141 6 30 90
142 1 4 10
142 2 14 70
142 2 15 70
142 2 16 70
142 3 21 205
142 3 22 205
142 4 23 55
142 4 24 55
142 4 25 55
142 5 26 135
142 5 27 135
142 6 28 90
142 6 29 90
142 6 30 90
143 1 4 10
143 2 14 70
143 2 15 70
143 2 16 70
143 3 21 205
143 3 22 205
143 4 23 55
143 4 24 55
143 4 25 55
143 5 26 135
143 5 27 135
143 6 28 90
143 6 29 90
143 6 30 90
144 1 4 10
144 2 14 70
144 2 15 70
144 2 16 70
144 3 21 205
144 3 22 205
144 4 23 55
144 4 24 55
144 4 25 55
144 5 26 135
144 5 27 135
144 6 28 90
144 6 29 90
144 6 30 90
145 1 4 10
145 2 14 70
145 2 15 70
145 2 16 70
145 3 21 205
145 3 22 205
145 4 23 55
145 4 24 55
145 4 25 55
145 5 26 135
145 5 27 135
145 6 28 90
145 6 29 90
145 6 30 90
146 1 4 10
146 2 14 70
146 2 15 70
146 2 16 70
146 3 21 205
146 3 22 205
146 4 23 55
146 4 24 55
146 4 25 55
146 5 26 135
146 5 27 135
146 6 28 90
146 6 29 90
146 6 30 90
147 1 4 10
147 2 14 70
147 2 15 70
147 2 16 70
147 3 21 205
147 3 22 205
147 4 23 55
147 4 24 55
147 4 25 55
147 5 26 135
147 5 27 135
147 6 28 90
147 6 29 90
147 6 30 90
148 1 4 10
148 2 14 70
148 2 15 70
148 2 16 70
148 3 21 205
148 3 22 205
148 4 23 55
148 4 24 55
148 4 25 55
148 5 26 135
148 5 27 135
148 6 28 90
148 6 29 90
148 6 30 90
149 1 4 10
149 2 14 70
149 2 15 70
149 2 16 70
149 3 21 205
149 3 22 205
149 4 23 55
149 4 24 55
149 4 25 55
149 5 26 135
149 5 27 135
149 6 28 90
149 6 29 90
149 6 30 90
150 1 4 10
150 2 14 70
150 2 15 70
150 2 16 70
150 3 21 205
150 3 22 205
150 4 23 55
150 4 24 55
150 4 25 55
150 5 26 135
150 5 27 135
150 6 28 90
150 6 29 90
150 6 30 90
151 1 4 10
151 2 14 70
151 2 15 70
151 2 16 70
151 3 21 205
151 3 22 205
151 4 23 55
151 4 24 55
151 4 25 55
151 5 26 135
151 5 27 135
151 6 28 90
151 6 29 90
151 6 30 90
152 1 4 10
152 2 14 70
152 2 15 70
152 2 16 70
152 3 21 205
152 3 22 205
152 4 23 55
152 4 24 55
152 4 25 55
152 5 26 135
152 5 27 135
152 6 28 90
152 6 29 90
152 6 30 90
153 1 4 10
153 2 14 70
153 2 15 70
153 2 16 70
153 3 21 205
153 3 22 205
153 4 23 55
153 4 24 55
153 4 25 55
153 5 26 135
153 5 27 135
153 6 28 90
153 6 29 90
153 6 30 90
154 1 4 10
154 2 14 70
154 2 15 70
154 2 16 70
154 3 21 205
154 3 22 205
154 4 23 55
154 4 24 55
154 4 25 55
154 5 26 135
154 5 27 135
154 6 28 90
154 6 29 90
154 6 30 90
155 1 4 10
155 2 14 70
155 2 15 70
155 2 16 70
155 3 21 205
155 3 22 205
155 4 23 55
155 4 24 55
155 4 25 55
155 5 26 135
155 5 27 135
155 6 28 90
155 6 29 90
155 6 30 90
156 1 4 10
156 2 14 70
156 2 15 70
156 2 16 70
156 3 21 205
156 3 22 205
156 4 23 55
156 4 24 55
156 4 25 55
156 5 26 135
156 5 27 135
156 6 28 90
156 6 29 90
156 6 30 90
157 1 4 10
157 2 14 70
157 2 15 70
157 2 16 70
157 3 21 205
157 3 22 205
157 4 23 55
157 4 24 55
157 4 25 55
157 5 26 135
157 5 27 135
157 6 28 90
157 6 29 90
157 6 30 90
158 1 4 10
158 2 14 70
158 2 15 70
158 2 16 70
158 3 21 205
158 3 22 205
158 4 23 55
158 4 24 55
158 4 25 55
158 5 26 135
158 5 27 135
158 6 28 90
158 6 29 90
158 6 30 90
159 1 4 10
159 2 14 70
159 2 15 70
159 2 16 70
159 3 21 205
159 3 22 205
159 4 23 55
159 4 24 55
159 4 25 55
159 5 26 135
159 5 27 135
159 6 28 90
159 6 29 90
159 6 30 90
160 1 4 10
160 2 14 70
160 2 15 70
160 2 16 70
160 3 21 205
160 3 22 205
160 4 23 55
160 4 24 55
160 4 25 55
160 5 26 135
160 5 27 135
160 6 28 90
160 6 29 90
160 6 30 90
161 1 4 10
161 2 14 70
161 2 15 70
161 2 16 70
161 3 21 205
161 3 22 205
161 4 23 55
161 4 24 55
161 4 25 55
161 5 26 135
161 5 27 135
161 6 28 90
161 6 29 90
161 6 30 90
162 1 4 10
162 2 14 70
162 2 15 70
162 2 16 70
162 3 21 205
162 3 22 205
162 4 23 55
162 4 24 55
162 4 25 55
162 5 26 135
162 5 27 135
162 6 28 90
162 6 29 90
162 6 30 90
163 1 4 10
163 2 14 70
163 2 15 70
163 2 16 70
163 3 21 205
163 3 22 205
163 4 23 55
163 4 24 55
163 4 25 55
163 5 26 135
163 5 27 135
163 6 28 90
163 6 29 90
163 6 30 90
164 1 4 10
164 2 14 70
164 2 15 70
164 2 16 70
164 3 21 205
164 3 22 205
164 4 23 55
164 4 24 55
164 4 25 55
164 5 26 135
164 5 27 135
164 6 28 90
164 6 29 90
164 6 30 90
165 1 4 10
165 2 14 70
165 2 15 70
165 2 16 70
165 3 21 205
165 3 22 205
165 4 23 55
165 4 24 55
165 4 25 55
165 5 26 135
165 5 27 135
165 6 28 90
165 6 29 90
165 6 30 90
166 1 4 10
166 2 14 70
166 2 15 70
166 2 16 70
166 3 21 205
166 3 22 205
166 4 23 55
166 4 24 55
166 4 25 55
166 5 26 135
166 5 27 135
166 6 28 90
166 6 29 90
166 6 30 90
167 1 4 10
167 2 14 70
167 2 15 70
167 2 16 70
167 3 21 205
167 3 22 205
167 4 23 55
167 4 24 55
167 4 25 55
167 5 26 135
167 5 27 135
167 6 28 90
167 6 29 90
167 6 30 90
168 1 4 10
168 2 14 70
168 2 15 70
168 2 16 70
168 3 21 205
168 3 22 205
168 4 23 55
168 4 24 55
168 4 25 55
168 5 26 135
168 5 27 135
168 6 28 90
168 6 29 90
168 6 30 90
169 1 4 10
169 2 14 70
169 2 15 70
169 2 16 70
169 3 21 205
169 3 22 205
169 4 23 55
169 4 24 55
169 4 25 55
169 5 26 135
169 5 27 135
169 6 28 90
169 6 29 90
169 6 30 90
170 1 4 10
170 2 14 70
170 2 15 70
170 2 16 70
170 3 21 205
170 3 22 205
170 4 23 55
170 4 24 55
170 4 25 55
170 5 26 135
170 5 27 135
170 6 28 90
170 6 29 90
170 6 30 90
171 1 4 10
171 2 14 70
171 2 15 70
171 2 16 70
171 3 21 205
171 3 22 205
171 4 23 55
171 4 24 55
171 4 25 55
171 5 26 135
171 5 27 135
171 6 28 90
171 6 29 90
171 6 30 90
172 1 4 10
172 2 14 70
172 2 15 70
172 2 16 70
172 3 21 205
172 3 22 205
172 4 23 55
172 4 24 55
172 4 25 55
172 5 26 135
172 5 27 135
172 6 28 90
172 6 29 90
172 6 30 90
173 1 4 10
173 2 14 70
173 2 15 70
173 2 16 70
173 3 21 205
173 3 22 205
173 4 23 55
173 4 24 55
173 4 25 55
173 5 26 135
173 5 27 135
173 6 28 90
173 6 29 90
173 6 30 90
174 1 4 10
174 2 14 70
174 2 15 70
174 2 16 70
174 3 21 205
174 3 22 205
174 4 23 55
174 4 24 55
174 4 25 55
174 5 26 135
174 5 27 135
174 6 28 90
174 6 29 90
174 6 30 90
175 1 4 10
175 2 14 70
175 2 15 70
175 2 16 70
175 3 21 205
175 3 22 205
175 4 23 55
175 4 24 55
175 4 25 55
175 5 26 135
175 5 27 135
175 6 28 90
175 6 29 90
175 6 30 90
176 1 4 10
176 2 14 70
176 2 15 70
176 2 16 70
176 3 21 205
176 3 22 205
176 4 23 55
176 4 24 55
176 4 25 55
176 5 26 135
176 5 27 135
176 6 28 90
176 6 29 90
176 6 30 90
177 1 4 10
177 2 14 70
177 2 15 70
177 2 16 70
177 3 21 205
177 3 22 205
177 4 23 55
177 4 24 55
177 4 25 55
177 5 26 135
177 5 27 135
177 6 28 90
177 6 29 90
177 6 30 90
178 1 4 10
178 2 14 70
178 2 15 70
178 2 16 70
178 3 21 205
178 3 22 205
178 4 23 55
178 4 24 55
178 4 25 55
178 5 26 135
178 5 27 135
178 6 28 90
178 6 29 90
178 6 30 90
179 1 4 10
179 2 14 70
179 2 15 70
179 2 16 70
179 3 21 205
179 3 22 205
179 4 23 55
179 4 24 55
179 4 25 55
179 5 26 135
179 5 27 135
179 6 28 90
179 6 29 90
179 6 30 90
180 1 4 10
180 2 14 70
180 2 15 70
180 2 16 70
180 3 21 205
180 3 22 205
180 4 23 55
180 4 24 55
180 4 25 55
180 5 26 135
180 5 27 135
180 6 28 90
180 6 29 90
180 6 30 90
181 1 4 10
181 2 14 70
181 2 15 70
181 2 16 70
181 3 21 205
181 3 22 205
181 4 23 55
181 4 24 55
181 4 25 55
181 5 26 135
181 5 27 135
181 6 28 90
181 6 29 90
181 6 30 90
182 1 4 10
182 2 14 70
182 2 15 70
182 2 16 70
182 3 21 205
182 3 22 205
182 4 23 55
182 4 24 55
182 4 25 55
182 5 26 135
182 5 27 135
182 6 28 90
182 6 29 90
182 6 30 90
183 1 4 10
183 2 14 70
183 2 15 70
183 2 16 70
183 3 21 205
183 3 22 205
183 4 23 55
183 4 24 55
183 4 25 55
183 5 26 135
183 5 27 135
183 6 28 90
183 6 29 90
183 6 30 90
184 1 4 10
184 2 14 70
184 2 15 70
184 2 16 70
184 3 21 205
184 3 22 205
184 4 23 55
184 4 24 55
184 4 25 55
184 5 26 135
184 5 27 135
184 6 28 90
184 6 29 90
184 6 30 90
185 1 4 10
185 2 14 70
185 2 15 70
185 2 16 70
185 3 21 205
185 3 22 205
185 4 23 55
185 4 24 55
185 4 25 55
185 5 26 135
185 5 27 135
185 6 28 90
185 6 29 90
185 6 30 90
186 1 4 10
186 2 14 70
186 2 15 70
186 2 16 70
186 3 21 205
186 3 22 205
186 4 23 55
186 4 24 55
186 4 25 55
186 5 26 135
186 5 27 135
186 6 28 90
186 6 29 90
186 6 30 90
187 1 4 10
187 2 14 70
187 2 15 70
187 2 16 70
187 3 21 205
187 3 22 205
187 4 23 55
187 4 24 55
187 4 25 55
187 5 26 135
187 5 27 135
187 6 28 90
187 6 29 90
187 6 30 90
188 1 4 10
188 2 14 70
188 2 15 70
188 2 16 70
188 3 21 205
188 3 22 205
188 4 23 55
188 4 24 55
188 4 25 55
188 5 26 135
188 5 27 135
188 6 28 90
188 6 29 90
188 6 30 90
189 1 4 10
189 2 14 70
189 2 15 70
189 2 16 70
189 3 21 205
189 3 22 205
189 4 23 55
189 4 24 55
189 4 25 55
189 5 26 135
189 5 27 135
189 6 28 90
189 6 29 90
189 6 30 90
190 1 4 10
190 2 14 70
190 2 15 70
190 2 16 70
190 3 21 205
190 3 22 205
190 4 23 55
190 4 24 55
190 4 25 55
190 5 26 135
190 5 27 135
190 6 28 90
190 6 29 90
190 6 30 90
191 1 4 10
191 2 14 70
191 2 15 70
191 2 16 70
191 3 21 205
191 3 22 205
191 4 23 55
191 4 24 55
191 4 25 55
191 5 26 135
191 5 27 135
191 6 28 90
191 6 29 90
191 6 30 90
192 1 4 10
192 2 14 70
192 2 15 70
192 2 16 70
192 3 21 205
192 3 22 205
192 4 23 55
192 4 24 55
192 4 25 55
192 5 26 135
192 5 27 135
192 6 28 90
192 6 29 90
192 6 30 90
193 1 4 10
193 2 14 70
193 2 15 70
193 2 16 70
193 3 21 205
193 3 22 205
193 4 23 55
193 4 24 55
193 4 25 55
193 5 26 135
193 5 27 135
193 6 28 90
193 6 29 90
193 6 30 90
194 1 4 10
194 2 14 70
194 2 15 70
194 2 16 70
194 3 21 205
194 3 22 205
194 4 23 55
194 4 24 55
194 4 25 55
194 5 26 135
194 5 27 135
194 6 28 90
194 6 29 90
194 6 30 90
195 1 4 10
195 2 14 70
195 2 15 70
195 2 16 70
195 3 21 205
195 3 22 205
195 4 23 55
195 4 24 55
195 4 25 55
195 5 26 135
195 5 27 135
195 6 28 90
195 6 29 90
195 6 30 90
196 1 4 10
196 2 14 70
196 2 15 70
196 2 16 70
196 3 21 205
196 3 22 205
196 4 23 55
196 4 24 55
196 4 25 55
196 5 26 135
196 5 27 135
196 6 28 90
196 6 29 90
196 6 30 90
197 1 4 10
197 2 14 70
197 2 15 70
197 2 16 70
197 3 21 205
197 3 22 205
197 4 23 55
197 4 24 55
197 4 25 55
197 5 26 135
197 5 27 135
197 6 28 90
197 6 29 90
197 6 30 90
198 1 4 10
198 2 14 70
198 2 15 70
198 2 16 70
198 3 21 205
198 3 22 205
198 4 23 55
198 4 24 55
198 4 25 55
198 5 26 135
198 5 27 135
198 6 28 90
198 6 29 90
198 6 30 90
199 1 4 10
199 2 14 70
199 2 15 70
199 2 16 70
199 3 21 205
199 3 22 205
199 4 23 55
199 4 24 55
199 4 25 55
199 5 26 135
199 5 27 135
199 6 28 90
199 6 29 90
199 6 30 90
200 1 4 10
200 2 14 70
200 2 15 70
200 2 16 70
200 3 21 205
200 3 22 205
200 4 23 55
200 4 24 55
200 4 25 55
200 5 26 135
200 5 27 135
200 6 28 90
200 6 29 90
200 6 30 90
201 1 4 10
201 2 14 70
201 2 15 70
201 2 16 70
201 3 21 205
201 3 22 205
201 4 23 55
201 4 24 55
201 4 25 55
201 5 26 135
201 5 27 135
201 6 28 90
201 6 29 90
201 6 30 90
202 1 4 10
202 2 14 70
202 2 15 70
202 2 16 70
202 3 21 205
202 3 22 205
202 4 23 55
202 4 24 55
202 4 25 55
202 5 26 135
202 5 27 135
202 6 28 90
202 6 29 90
202 6 30 90
203 1 4 10
203 2 14 70
203 2 15 70
203 2 16 70
203 3 21 205
203 3 22 205
203 4 23 55
203 4 24 55
203 4 25 55
203 5 26 135
203 5 27 135
203 6 28 90
203 6 29 90
203 6 30 90
204 1 4 10
204 2 14 70
204 2 15 70
204 2 16 70
204 3 21 205
204 3 22 205
204 4 23 55
204 4 24 55
204 4 25 55
204 5 26 135
204 5 27 135
204 6 28 90
204 6 29 90
204 6 30 90
205 1 4 10
205 2 14 70
205 2 15 70
205 2 16 70
205 3 21 205
205 3 22 205
205 4 23 55
205 4 24 55
205 4 25 55
205 5 26 135
205 5 27 135
205 6 28 90
205 6 29 90
205 6 30 90
206 1 4 10
206 2 14 70
206 2 15 70
206 2 16 70
206 3 21 205
206 3 22 205
206 4 23 55
206 4 24 55
206 4 25 55
206 5 26 135
206 5 27 135
206 6 28 90
206 6 29 90
206 6 30 90
207 1 4 10
207 2 14 70
207 2 15 70
207 2 16 70
207 3 21 205
207 3 22 205
207 4 23 55
207 4 24 55
207 4 25 55
207 5 26 135
207 5 27 135
207 6 28 90
207 6 29 90
207 6 30 90
208 1 4 10
208 2 14 70
208 2 15 70
208 2 16 70
208 3 21 205
208 3 22 205
208 4 23 55
208 4 24 55
208 4 25 55
208 5 26 135
208 5 27 135
208 6 28 90
208 6 29 90
208 6 30 90
209 1 4 10
209 2 14 70
209 2 15 70
209 2 16 70
209 3 21 205
209 3 22 205
209 4 23 55
209 4 24 55
209 4 25 55
209 5 26 135
209 5 27 135
209 6 28 90
209 6 29 90
209 6 30 90
210 1 4 10
210 2 14 70
210 2 15 70
210 2 16 70
210 3 21 205
210 3 22 205
210 4 23 55
210 4 24 55
210 4 25 55
210 5 26 135
210 5 27 135
210 6 28 90
210 6 29 90
210 6 30 90
211 1 4 10
211 2 14 70
211 2 15 70
211 2 16 70
211 3 21 205
211 3 22 205
211 4 23 55
211 4 24 55
211 4 25 55
211 5 26 135
211 5 27 135
211 6 28 90
211 6 29 90
211 6 30 90
212 1 4 10
212 2 14 70
212 2 15 70
212 2 16 70
212 3 21 205
212 3 22 205
212 4 23 55
212 4 24 55
212 4 25 55
212 5 26 135
212 5 27 135
212 6 28 90
212 6 29 90
212 6 30 90
213 1 4 10
213 2 14 70
213 2 15 70
213 2 16 70
213 3 21 205
213 3 22 205
213 4 23 55
213 4 24 55
213 4 25 55
213 5 26 135
213 5 27 135
213 6 28 90
213 6 29 90
213 6 30 90
214 1 4 10
214 2 14 70
214 2 15 70
214 2 16 70
214 3 21 205
214 3 22 205
214 4 23 55
214 4 24 55
214 4 25 55
214 5 26 135
214 5 27 135
214 6 28 90
214 6 29 90
214 6 30 90
215 1 4 10
215 2 14 70
215 2 15 70
215 2 16 70
215 3 21 205
215 3 22 205
215 4 23 55
215 4 24 55
215 4 25 55
215 5 26 135
215 5 27 135
215 6 28 90
215 6 29 90
215 6 30 90
216 1 4 10
216 2 14 70
216 2 15 70
216 2 16 70
216 3 21 205
216 3 22 205
216 4 23 55
216 4 24 55
216 4 25 55
216 5 26 135
216 5 27 135
216 6 28 90
216 6 29 90
216 6 30 90
217 1 4 10
217 2 14 70
217 2 15 70
217 2 16 70
217 3 21 205
217 3 22 205
217 4 23 55
217 4 24 55
217 4 25 55
217 5 26 135
217 5 27 135
217 6 28 90
217 6 29 90
217 6 30 90
218 1 4 10
218 2 14 70
218 2 15 70
218 2 16 70
218 3 21 205
218 3 22 205
218 4 23 55
218 4 24 55
218 4 25 55
218 5 26 135
218 5 27 135
218 6 28 90
218 6 29 90
218 6 30 90
219 1 4 10
219 2 14 70
219 2 15 70
219 2 16 70
219 3 21 205
219 3 22 205
219 4 23 55
219 4 24 55
219 4 25 55
219 5 26 135
219 5 27 135
219 6 28 90
219 6 29 90
219 6 30 90
220 1 4 10
220 2 14 70
220 2 15 70
220 2 16 70
220 3 21 205
220 3 22 205
220 4 23 55
220 4 24 55
220 4 25 55
220 5 26 135
220 5 27 135
220 6 28 90
220 6 29 90
220 6 30 90
221 1 4 10
221 2 14 70
221 2 15 70
221 2 16 70
221 3 21 205
221 3 22 205
221 4 23 55
221 4 24 55
221 4 25 55
221 5 26 135
221 5 27 135
221 6 28 90
221 6 29 90
221 6 30 90
222 1 4 10
222 2 14 70
222 2 15 70
222 2 16 70
222 3 21 205
222 3 22 205
222 4 23 55
222 4 24 55
222 4 25 55
222 5 26 135
222 5 27 135
222 6 28 90
222 6 29 90
222 6 30 90
223 1 4 10
223 2 14 70
223 2 15 70
223 2 16 70
223 3 21 205
223 3 22 205
223 4 23 55
223 4 24 55
223 4 25 55
223 5 26 135
223 5 27 135
223 6 28 90
223 6 29 90
223 6 30 90
224 1 4 10
224 2 14 70
224 2 15 70
224 2 16 70
224 3 21 205
224 3 22 205
224 4 23 55
224 4 24 55
224 4 25 55
224 5 26 135
224 5 27 135
224 6 28 90
224 6 29 90
224 6 30 90
225 1 4 10
225 2 14 70
225 2 15 70
225 2 16 70
225 3 21 205
225 3 22 205
225 4 23 55
225 4 24 55
225 4 25 55
225 5 26 135
225 5 27 135
225 6 28 90
225 6 29 90
225 6 30 90
226 1 4 10
226 2 14 70
226 2 15 70
226 2 16 70
226 3 21 205
226 3 22 205
226 4 23 55
226 4 24 55
226 4 25 55
226 5 26 135
226 5 27 135
226 6 28 90
226 6 29 90
226 6 30 90
227 1 4 10
227 2 14 70
227 2 15 70
227 2 16 70
227 3 21 205
227 3 22 205
227 4 23 55
227 4 24 55
227 4 25 55
227 5 26 135
227 5 27 135
227 6 28 90
227 6 29 90
227 6 30 90
228 1 4 10
228 2 14 70
228 2 15 70
228 2 16 70
228 3 21 205
228 3 22 205
228 4 23 55
228 4 24 55
228 4 25 55
228 5 26 135
228 5 27 135
228 6 28 90
228 6 29 90
228 6 30 90
229 1 4 10
229 2 14 70
229 2 15 70
229 2 16 70
229 3 21 205
229 3 22 205
229 4 23 55
229 4 24 55
229 4 25 55
229 5 26 135
229 5 27 135
229 6 28 90
229 6 29 90
229 6 30 90
230 1 4 10
230 2 14 70
230 2 15 70
230 2 16 70
230 3 21 205
230 3 22 205
230 4 23 55
230 4 24 55
230 4 25 55
230 5 26 135
230 5 27 135
230 6 28 90
230 6 29 90
230 6 30 90
231 1 4 10
231 2 14 70
231 2 15 70
231 2 16 70
231 3 21 205
231 3 22 205
231 4 23 55
231 4 24 55
231 4 25 55
231 5 26 135
231 5 27 135
231 6 28 90
231 6 29 90
231 6 30 90
