210
30
7 7 7 7 7 7 7 7 7 7 7 7 7 7 7 7 7 7 7 7 7 7 7 7 7 7 7 7 7 7 7 7 7 7 7 7 7 7 7 7 7 7 7 7 7 7 7 7 7 7 7 7 7 7 7 7 7 7 7 7 7 7 7 7 7 7 7 7 7 7 7 7 7 7 7 7 7 7 7 7 7 7 7 7 7 7 7 7 7 7 7 7 7 7 7 7 7 7 7 7 7 7 7 7 7 7 7 7 7 7 7 7 7 7 7 7 7 7 7 7 7 7 7 7 7 7 7 7 7 7 7 7 7 7 7 7 7 7 7 7 7 7 7 7 7 7 7 7 7 7 7 7 7 7 7 7 7 7 7 7 7 7 7 7 7 7 7 7 7 7 7 7 7 7 7 7 7 7 7 7 7 7 7 7 7 7 7 7 7 7 7 7 7 7 7 7 7 7 7 7 7 7 7 7 7 7 7 7 7 7
28800 28800 28800 28800 28800 28800 28800 28800 28800 28800 28800 28800 28800 28800 28800 28800 28800 28800 28800 28800 28800 28800 28800 28800 28800 28800 28800 28800 28800 28800 28800 28800 28800 28800 28800 28800 28800 28800 28800 28800 28800 28800 28800 28800 28800 28800 28800 28800 28800 28800 28800 28800 28800 28800 28800 28800 28800 28800 28800 28800 28800 28800 28800 28800 28800 28800 28800 28800 28800 28800 28800 28800 28800 28800 28800 28800 28800 28800 28800 28800 28800 28800 28800 28800 28800 28800 28800 28800 28800 28800 28800 28800 28800 28800 28800 28800 28800 28800 28800 28800 28800 28800 28800 28800 28800 28800 28800 28800 28800 28800 28800 28800 28800 28800 28800 28800 28800 28800 28800 28800 28800 28800 28800 28800 28800 28800 28800 28800 28800 28800 28800 28800 28800 28800 28800 28800 28800 28800 28800 28800 28800 28800 28800 28800 28800 28800 28800 28800 28800 28800 28800 28800 28800 28800 28800 28800 28800 28800 28800 28800 28800 28800 28800 28800 28800 28800 28800 28800 28800 28800 28800 28800 28800 28800 28800 28800 28800 28800 28800 28800 28800 28800 28800 28800 28800 28800 28800 28800 28800 28800 28800 28800 28800 28800 28800 28800 28800 28800 28800 28800 28800 28800 28800 28800 28800 28800 28800 28800 28800 28800
1 1 2 50
1 1 3 50
1 2 19 60
1 2 20 60
1 3 5 480
1 3 6 480
1 3 7 480
1 3 8 480
1 3 9 480
1 3 10 480
1 3 11 480
1 3 12 480
1 3 13 480
1 4 21 300
1 4 22 300
1 5 23 160
1 5 24 160
1 5 25 160
1 6 26 270
1 6 27 270
1 7 28 180
1 7 29 180
1 7 30 180
2 1 2 50
2 1 3 50
2 2 19 60
2 2 20 60
2 3 5 480
2 3 6 480
2 3 7 480
2 3 8 480
2 3 9 480
2 3 10 480
2 3 11 480
2 3 12 480
2 3 13 480
2 4 21 300
2 4 22 300
2 5 23 160
2 5 24 160
2 5 25 160
2 6 26 270
2 6 27 270
2 7 28 180
2 7 29 180
2 7 30 180
3 1 2 50
3 1 3 50
3 2 19 60
3 2 20 60
3 3 5 480
3 3 6 480
3 3 7 480
3 3 8 480
3 3 9 480
3 3 10 480
3 3 11 480
3 3 12 480
3 3 13 480
3 4 21 300
3 4 22 300
3 5 23 160
3 5 24 160
3 5 25 160
3 6 26 270
3 6 27 270
3 7 28 180
3 7 29 180
3 7 30 180
4 1 2 50
4 1 3 50
4 2 19 60
4 2 20 60
4 3 5 480
4 3 6 480
4 3 7 480
4 3 8 480
4 3 9 480
4 3 10 480
4 3 11 480
4 3 12 480
4 3 13 480
4 4 21 300
4 4 22 300
4 5 23 160
4 5 24 160
4 5 25 160
4 6 26 270
4 6 27 270
4 7 28 180
4 7 29 180
4 7 30 180
5 1 2 50
5 1 3 50
5 2 19 60
5 2 20 60
5 3 5 480
5 3 6 480
5 3 7 480
5 3 8 480
5 3 9 480
5 3 10 480
5 3 11 480
5 3 12 480
5 3 13 480
5 4 21 300
5 4 22 300
5 5 23 160
5 5 24 160
5 5 25 160
5 6 26 270
5 6 27 270
5 7 28 180
5 7 29 180
5 7 30 180
6 1 2 50
6 1 3 50
6 2 19 60
6 2 20 60
6 3 5 480
6 3 6 480
6 3 7 480
6 3 8 480
6 3 9 480
6 3 10 480
6 3 11 480
6 3 12 480
6 3 13 480
6 4 21 300
6 4 22 300
6 5 23 160
6 5 24 160
6 5 25 160
6 6 26 270
6 6 27 270
6 7 28 180
6 7 29 180
6 7 30 180
7 1 2 50
7 1 3 50
7 2 19 60
7 2 20 60
7 3 5 480
7 3 6 480
7 3 7 480
7 3 8 480
7 3 9 480
7 3 10 480
7 3 11 480
7 3 12 480
7 3 13 480
7 4 21 300
7 4 22 300
7 5 23 160
7 5 24 160
7 5 25 160
7 6 26 270
7 6 27 270
7 7 28 180
7 7 29 180
7 7 30 180
8 1 2 50
8 1 3 50
8 2 19 60
8 2 20 60
8 3 5 480
8 3 6 480
8 3 7 480
8 3 8 480
8 3 9 480
8 3 10 480
8 3 11 480
8 3 12 480
8 3 13 480
8 4 21 300
8 4 22 300
8 5 23 160
8 5 24 160
8 5 25 160
8 6 26 270
8 6 27 270
8 7 28 180
8 7 29 180
8 7 30 180
9 1 2 50
9 1 3 50
9 2 19 60
9 2 20 60
9 3 5 480
9 3 6 480
9 3 7 480
9 3 8 480
9 3 9 480
9 3 10 480
9 3 11 480
9 3 12 480
9 3 13 480
9 4 21 300
9 4 22 300
9 5 23 160
9 5 24 160
9 5 25 160
9 6 26 270
9 6 27 270
9 7 28 180
9 7 29 180
9 7 30 180
10 1 2 50
10 1 3 50
10 2 19 60
10 2 20 60
10 3 5 480
10 3 6 480
10 3 7 480
10 3 8 480
10 3 9 480
10 3 10 480
10 3 11 480
10 3 12 480
10 3 13 480
10 4 21 300
10 4 22 300
10 5 23 160
10 5 24 160
10 5 25 160
10 6 26 270
10 6 27 270
10 7 28 180
10 7 29 180
10 7 30 180
11 1 2 50
11 1 3 50
11 2 19 60
11 2 20 60
11 3 5 480
11 3 6 480
11 3 7 480
11 3 8 480
11 3 9 480
11 3 10 480
11 3 11 480
11 3 12 480
11 3 13 480
11 4 21 300
11 4 22 300
11 5 23 160
11 5 24 160
11 5 25 160
11 6 26 270
11 6 27 270
11 7 28 180
11 7 29 180
11 7 30 180
12 1 2 50
12 1 3 50
12 2 19 60
12 2 20 60
12 3 5 480
12 3 6 480
12 3 7 480
12 3 8 480
12 3 9 480
12 3 10 480
12 3 11 480
12 3 12 480
12 3 13 480
12 4 21 300
12 4 22 300
12 5 23 160
12 5 24 160
12 5 25 160
12 6 26 270
12 6 27 270
12 7 28 180
12 7 29 180
12 7 30 180
13 1 2 50
13 1 3 50
13 2 19 60
13 2 20 60
13 3 5 480
13 3 6 480
13 3 7 480
13 3 8 480
13 3 9 480
13 3 10 480
13 3 11 480
13 3 12 480
13 3 13 480
13 4 21 300
13 4 22 300
13 5 23 160
13 5 24 160
13 5 25 160
13 6 26 270
13 6 27 270
13 7 28 180
13 7 29 180
13 7 30 180
14 1 2 50
14 1 3 50
14 2 19 60
14 2 20 60
14 3 5 480
14 3 6 480
14 3 7 480
14 3 8 480
14 3 9 480
14 3 10 480
14 3 11 480
14 3 12 480
14 3 13 480
14 4 21 300
14 4 22 300
14 5 23 160
14 5 24 160
14 5 25 160
14 6 26 270
14 6 27 270
14 7 28 180
14 7 29 180
14 7 30 180
15 1 2 50
15 1 3 50
15 2 19 60
15 2 20 60
15 3 5 480
15 3 6 480
15 3 7 480
15 3 8 480
15 3 9 480
15 3 10 480
15 3 11 480
15 3 12 480
15 3 13 480
15 4 21 300
15 4 22 300
15 5 23 160
15 5 24 160
15 5 25 160
15 6 26 270
15 6 27 270
15 7 28 180
15 7 29 180
15 7 30 180
16 1 2 50
16 1 3 50
16 2 19 60
16 2 20 60
16 3 5 480
16 3 6 480
16 3 7 480
16 3 8 480
16 3 9 480
16 3 10 480
16 3 11 480
16 3 12 480
16 3 13 480
16 4 21 300
16 4 22 300
16 5 23 160
16 5 24 160
16 5 25 160
16 6 26 270
16 6 27 270
16 7 28 180
16 7 29 180
16 7 30 180
17 1 2 50
17 1 3 50
17 2 19 60
17 2 20 60
17 3 5 480
17 3 6 480
17 3 7 480
17 3 8 480
17 3 9 480
17 3 10 480
17 3 11 480
17 3 12 480
17 3 13 480
17 4 21 300
17 4 22 300
17 5 23 160
17 5 24 160
17 5 25 160
17 6 26 270
17 6 27 270
17 7 28 180
17 7 29 180
17 7 30 180
18 1 2 50
18 1 3 50
18 2 19 60
18 2 20 60
18 3 5 480
18 3 6 480
18 3 7 480
18 3 8 480
18 3 9 480
18 3 10 480
18 3 11 480
18 3 12 480
18 3 13 480
18 4 21 300
18 4 22 300
18 5 23 160
18 5 24 160
18 5 25 160
18 6 26 270
18 6 27 270
18 7 28 180
18 7 29 180
18 7 30 180
19 1 2 50
19 1 3 50
19 2 19 60
19 2 20 60
19 3 5 480
19 3 6 480
19 3 7 480
19 3 8 480
19 3 9 480
19 3 10 480
19 3 11 480
19 3 12 480
19 3 13 480
19 4 21 300
19 4 22 300
19 5 23 160
19 5 24 160
19 5 25 160
19 6 26 270
19 6 27 270
19 7 28 180
19 7 29 180
19 7 30 180
20 1 2 50
20 1 3 50
20 2 19 60
20 2 20 60
20 3 5 480
20 3 6 480
20 3 7 480
20 3 8 480
20 3 9 480
20 3 10 480
20 3 11 480
20 3 12 480
20 3 13 480
20 4 21 300
20 4 22 300
20 5 23 160
20 5 24 160
20 5 25 160
20 6 26 270
20 6 27 270
20 7 28 180
20 7 29 180
20 7 30 180
21 1 2 50
21 1 3 50
21 2 19 60
21 2 20 60
21 3 5 480
21 3 6 480
21 3 7 480
21 3 8 480
21 3 9 480
21 3 10 480
21 3 11 480
21 3 12 480
21 3 13 480
21 4 21 300
21 4 22 300
21 5 23 160
21 5 24 160
21 5 25 160
21 6 26 270
21 6 27 270
21 7 28 180
21 7 29 180
21 7 30 180
22 1 2 50
22 1 3 50
22 2 19 60
22 2 20 60
22 3 5 480
22 3 6 480
22 3 7 480
22 3 8 480
22 3 9 480
22 3 10 480
22 3 11 480
22 3 12 480
22 3 13 480
22 4 21 300
22 4 22 300
22 5 23 160
22 5 24 160
22 5 25 160
22 6 26 270
22 6 27 270
22 7 28 180
22 7 29 180
22 7 30 180
23 1 2 50
23 1 3 50
23 2 19 60
23 2 20 60
23 3 5 480
23 3 6 480
23 3 7 480
23 3 8 480
23 3 9 480
23 3 10 480
23 3 11 480
23 3 12 480
23 3 13 480
23 4 21 300
23 4 22 300
23 5 23 160
23 5 24 160
23 5 25 160
23 6 26 270
23 6 27 270
23 7 28 180
23 7 29 180
23 7 30 180
24 1 2 50
24 1 3 50
24 2 19 60
24 2 20 60
24 3 5 480
24 3 6 480
24 3 7 480
24 3 8 480
24 3 9 480
24 3 10 480
24 3 11 480
24 3 12 480
24 3 13 480
24 4 21 300
24 4 22 300
24 5 23 160
24 5 24 160
24 5 25 160
24 6 26 270
24 6 27 270
24 7 28 180
24 7 29 180
24 7 30 180
25 1 2 50
25 1 3 50
25 2 19 60
25 2 20 60
25 3 5 480
25 3 6 480
25 3 7 480
25 3 8 480
25 3 9 480
25 3 10 480
25 3 11 480
25 3 12 480
25 3 13 480
25 4 21 300
25 4 22 300
25 5 23 160
25 5 24 160
25 5 25 160
25 6 26 270
25 6 27 270
25 7 28 180
25 7 29 180
25 7 30 180
26 1 2 50
26 1 3 50
26 2 19 60
26 2 20 60
26 3 5 480
26 3 6 480
26 3 7 480
26 3 8 480
26 3 9 480
26 3 10 480
26 3 11 480
26 3 12 480
26 3 13 480
26 4 21 300
26 4 22 300
26 5 23 160
26 5 24 160
26 5 25 160
26 6 26 270
26 6 27 270
26 7 28 180
26 7 29 180
26 7 30 180
27 1 2 50
27 1 3 50
27 2 19 60
27 2 20 60
27 3 5 480
27 3 6 480
27 3 7 480
27 3 8 480
27 3 9 480
27 3 10 480
27 3 11 480
27 3 12 480
27 3 13 480
27 4 21 300
27 4 22 300
27 5 23 160
27 5 24 160
27 5 25 160
27 6 26 270
27 6 27 270
27 7 28 180
27 7 29 180
27 7 30 180
28 1 2 50
28 1 3 50
28 2 19 60
28 2 20 60
28 3 5 480
28 3 6 480
28 3 7 480
28 3 8 480
28 3 9 480
28 3 10 480
28 3 11 480
28 3 12 480
28 3 13 480
28 4 21 300
28 4 22 300
28 5 23 160
28 5 24 160
28 5 25 160
28 6 26 270
28 6 27 270
28 7 28 180
28 7 29 180
28 7 30 180
29 1 2 50
29 1 3 50
29 2 19 60
29 2 20 60
29 3 5 480
29 3 6 480
29 3 7 480
29 3 8 480
29 3 9 480
29 3 10 480
29 3 11 480
29 3 12 480
29 3 13 480
29 4 21 300
29 4 22 300
29 5 23 160
29 5 24 160
29 5 25 160
29 6 26 270
29 6 27 270
29 7 28 180
29 7 29 180
29 7 30 180
30 1 2 50
30 1 3 50
30 2 19 60
30 2 20 60
30 3 5 480
30 3 6 480
30 3 7 480
30 3 8 480
30 3 9 480
30 3 10 480
30 3 11 480
30 3 12 480
30 3 13 480
30 4 21 300
30 4 22 300
30 5 23 160
30 5 24 160
30 5 25 160
30 6 26 270
30 6 27 270
30 7 28 180
30 7 29 180
30 7 30 180
31 1 2 50
31 1 3 50
31 2 19 60
31 2 20 60
31 3 5 480
31 3 6 480
31 3 7 480
31 3 8 480
31 3 9 480
31 3 10 480
31 3 11 480
31 3 12 480
31 3 13 480
31 4 21 300
31 4 22 300
31 5 23 160
31 5 24 160
31 5 25 160
31 6 26 270
31 6 27 270
31 7 28 180
31 7 29 180
31 7 30 180
32 1 2 50
32 1 3 50
32 2 19 60
32 2 20 60
32 3 5 480
32 3 6 480
32 3 7 480
32 3 8 480
32 3 9 480
32 3 10 480
32 3 11 480
32 3 12 480
32 3 13 480
32 4 21 300
32 4 22 300
32 5 23 160
32 5 24 160
32 5 25 160
32 6 26 270
32 6 27 270
32 7 28 180
32 7 29 180
32 7 30 180
33 1 2 50
33 1 3 50
33 2 19 60
33 2 20 60
33 3 5 480
33 3 6 480
33 3 7 480
33 3 8 480
33 3 9 480
33 3 10 480
33 3 11 480
33 3 12 480
33 3 13 480
33 4 21 300
33 4 22 300
33 5 23 160
33 5 24 160
33 5 25 160
33 6 26 270
33 6 27 270
33 7 28 180
33 7 29 180
33 7 30 180
34 1 2 50
34 1 3 50
34 2 19 60
34 2 20 60
34 3 5 480
34 3 6 480
34 3 7 480
34 3 8 480
34 3 9 480
34 3 10 480
34 3 11 480
34 3 12 480
34 3 13 480
34 4 21 300
34 4 22 300
34 5 23 160
34 5 24 160
34 5 25 160
34 6 26 270
34 6 27 270
34 7 28 180
34 7 29 180
34 7 30 180
35 1 2 50
35 1 3 50
35 2 19 60
35 2 20 60
35 3 5 480
35 3 6 480
35 3 7 480
35 3 8 480
35 3 9 480
35 3 10 480
35 3 11 480
35 3 12 480
35 3 13 480
35 4 21 300
35 4 22 300
35 5 23 160
35 5 24 160
35 5 25 160
35 6 26 270
35 6 27 270
35 7 28 180
35 7 29 180
35 7 30 180
36 1 2 50
36 1 3 50
36 2 19 60
36 2 20 60
36 3 5 480
36 3 6 480
36 3 7 480
36 3 8 480
36 3 9 480
36 3 10 480
36 3 11 480
36 3 12 480
36 3 13 480
36 4 21 300
36 4 22 300
36 5 23 160
36 5 24 160
36 5 25 160
36 6 26 270
36 6 27 270
36 7 28 180
36 7 29 180
36 7 30 180
37 1 2 50
37 1 3 50
37 2 19 60
37 2 20 60
37 3 5 480
37 3 6 480
37 3 7 480
37 3 8 480
37 3 9 480
37 3 10 480
37 3 11 480
37 3 12 480
37 3 13 480
37 4 21 300
37 4 22 300
37 5 23 160
37 5 24 160
37 5 25 160
37 6 26 270
37 6 27 270
37 7 28 180
37 7 29 180
37 7 30 180
38 1 2 50
38 1 3 50
38 2 19 60
38 2 20 60
38 3 5 480
38 3 6 480
38 3 7 480
38 3 8 480
38 3 9 480
38 3 10 480
38 3 11 480
38 3 12 480
38 3 13 480
38 4 21 300
38 4 22 300
38 5 23 160
38 5 24 160
38 5 25 160
38 6 26 270
38 6 27 270
38 7 28 180
38 7 29 180
38 7 30 180
39 1 2 50
39 1 3 50
39 2 19 60
39 2 20 60
39 3 5 480
39 3 6 480
39 3 7 480
39 3 8 480
39 3 9 480
39 3 10 480
39 3 11 480
39 3 12 480
39 3 13 480
39 4 21 300
39 4 22 300
39 5 23 160
39 5 24 160
39 5 25 160
39 6 26 270
39 6 27 270
39 7 28 180
39 7 29 180
39 7 30 180
40 1 2 50
40 1 3 50
40 2 19 60
40 2 20 60
40 3 5 480
40 3 6 480
40 3 7 480
40 3 8 480
40 3 9 480
40 3 10 480
40 3 11 480
40 3 12 480
40 3 13 480
40 4 21 300
40 4 22 300
40 5 23 160
40 5 24 160
40 5 25 160
40 6 26 270
40 6 27 270
40 7 28 180
40 7 29 180
40 7 30 180
41 1 2 50
41 1 3 50
41 2 19 60
41 2 20 60
41 3 5 480
41 3 6 480
41 3 7 480
41 3 8 480
41 3 9 480
41 3 10 480
41 3 11 480
41 3 12 480
41 3 13 480
41 4 21 300
41 4 22 300
41 5 23 160
41 5 24 160
41 5 25 160
41 6 26 270
41 6 27 270
41 7 28 180
41 7 29 180
41 7 30 180
42 1 2 50
42 1 3 50
42 2 19 60
42 2 20 60
42 3 5 480
42 3 6 480
42 3 7 480
42 3 8 480
42 3 9 480
42 3 10 480
42 3 11 480
42 3 12 480
42 3 13 480
42 4 21 300
42 4 22 300
42 5 23 160
42 5 24 160
42 5 25 160
42 6 26 270
42 6 27 270
42 7 28 180
42 7 29 180
42 7 30 180
43 1 2 50
43 1 3 50
43 2 19 60
43 2 20 60
43 3 5 480
43 3 6 480
43 3 7 480
43 3 8 480
43 3 9 480
43 3 10 480
43 3 11 480
43 3 12 480
43 3 13 480
43 4 21 300
43 4 22 300
43 5 23 160
43 5 24 160
43 5 25 160
43 6 26 270
43 6 27 270
43 7 28 180
43 7 29 180
43 7 30 180
44 1 2 50
44 1 3 50
44 2 19 60
44 2 20 60
44 3 5 480
44 3 6 480
44 3 7 480
44 3 8 480
44 3 9 480
44 3 10 480
44 3 11 480
44 3 12 480
44 3 13 480
44 4 21 300
44 4 22 300
44 5 23 160
44 5 24 160
44 5 25 160
44 6 26 270
44 6 27 270
44 7 28 180
44 7 29 180
44 7 30 180
45 1 2 50
45 1 3 50
45 2 19 60
45 2 20 60
45 3 5 480
45 3 6 480
45 3 7 480
45 3 8 480
45 3 9 480
45 3 10 480
45 3 11 480
45 3 12 480
45 3 13 480
45 4 21 300
45 4 22 300
45 5 23 160
45 5 24 160
45 5 25 160
45 6 26 270
45 6 27 270
45 7 28 180
45 7 29 180
45 7 30 180
46 1 2 50
46 1 3 50
46 2 19 60
46 2 20 60
46 3 5 480
46 3 6 480
46 3 7 480
46 3 8 480
46 3 9 480
46 3 10 480
46 3 11 480
46 3 12 480
46 3 13 480
46 4 21 300
46 4 22 300
46 5 23 160
46 5 24 160
46 5 25 160
46 6 26 270
46 6 27 270
46 7 28 180
46 7 29 180
46 7 30 180
47 1 2 50
47 1 3 50
47 2 19 60
47 2 20 60
47 3 5 480
47 3 6 480
47 3 7 480
47 3 8 480
47 3 9 480
47 3 10 480
47 3 11 480
47 3 12 480
47 3 13 480
47 4 21 300
47 4 22 300
47 5 23 160
47 5 24 160
47 5 25 160
47 6 26 270
47 6 27 270
47 7 28 180
47 7 29 180
47 7 30 180
48 1 2 50
48 1 3 50
48 2 19 60
48 2 20 60
48 3 5 480
48 3 6 480
48 3 7 480
48 3 8 480
48 3 9 480
48 3 10 480
48 3 11 480
48 3 12 480
48 3 13 480
48 4 21 300
48 4 22 300
48 5 23 160
48 5 24 160
48 5 25 160
48 6 26 270
48 6 27 270
48 7 28 180
48 7 29 180
48 7 30 180
49 1 2 50
49 1 3 50
49 2 19 60
49 2 20 60
49 3 5 480
49 3 6 480
49 3 7 480
49 3 8 480
49 3 9 480
49 3 10 480
49 3 11 480
49 3 12 480
49 3 13 480
49 4 21 300
49 4 22 300
49 5 23 160
49 5 24 160
49 5 25 160
49 6 26 270
49 6 27 270
49 7 28 180
49 7 29 180
49 7 30 180
50 1 2 50
50 1 3 50
50 2 19 60
50 2 20 60
50 3 5 480
50 3 6 480
50 3 7 480
50 3 8 480
50 3 9 480
50 3 10 480
50 3 11 480
50 3 12 480
50 3 13 480
50 4 21 300
50 4 22 300
50 5 23 160
50 5 24 160
50 5 25 160
50 6 26 270
50 6 27 270
50 7 28 180
50 7 29 180
50 7 30 180
51 1 2 50
51 1 3 50
51 2 19 60
51 2 20 60
51 3 5 480
51 3 6 480
51 3 7 480
51 3 8 480
51 3 9 480
51 3 10 480
51 3 11 480
51 3 12 480
51 3 13 480
51 4 21 300
51 4 22 300
51 5 23 160
51 5 24 160
51 5 25 160
51 6 26 270
51 6 27 270
51 7 28 180
51 7 29 180
51 7 30 180
52 1 2 50
52 1 3 50
52 2 19 60
52 2 20 60
52 3 5 480
52 3 6 480
52 3 7 480
52 3 8 480
52 3 9 480
52 3 10 480
52 3 11 480
52 3 12 480
52 3 13 480
52 4 21 300
52 4 22 300
52 5 23 160
52 5 24 160
52 5 25 160
52 6 26 270
52 6 27 270
52 7 28 180
52 7 29 180
52 7 30 180
53 1 2 50
53 1 3 50
53 2 19 60
53 2 20 60
53 3 5 480
53 3 6 480
53 3 7 480
53 3 8 480
53 3 9 480
53 3 10 480
53 3 11 480
53 3 12 480
53 3 13 480
53 4 21 300
53 4 22 300
53 5 23 160
53 5 24 160
53 5 25 160
53 6 26 270
53 6 27 270
53 7 28 180
53 7 29 180
53 7 30 180
54 1 2 50
54 1 3 50
54 2 19 60
54 2 20 60
54 3 5 480
54 3 6 480
54 3 7 480
54 3 8 480
54 3 9 480
54 3 10 480
54 3 11 480
54 3 12 480
54 3 13 480
54 4 21 300
54 4 22 300
54 5 23 160
54 5 24 160
54 5 25 160
54 6 26 270
54 6 27 270
54 7 28 180
54 7 29 180
54 7 30 180
55 1 2 50
55 1 3 50
55 2 19 60
55 2 20 60
55 3 5 480
55 3 6 480
55 3 7 480
55 3 8 480
55 3 9 480
55 3 10 480
55 3 11 480
55 3 12 480
55 3 13 480
55 4 21 300
55 4 22 300
55 5 23 160
55 5 24 160
55 5 25 160
55 6 26 270
55 6 27 270
55 7 28 180
55 7 29 180
55 7 30 180
56 1 2 50
56 1 3 50
56 2 19 60
56 2 20 60
56 3 5 480
56 3 6 480
56 3 7 480
56 3 8 480
56 3 9 480
56 3 10 480
56 3 11 480
56 3 12 480
56 3 13 480
56 4 21 300
56 4 22 300
56 5 23 160
56 5 24 160
56 5 25 160
56 6 26 270
56 6 27 270
56 7 28 180
56 7 29 180
56 7 30 180
57 1 2 50
57 1 3 50
57 2 19 60
57 2 20 60
57 3 5 480
57 3 6 480
57 3 7 480
57 3 8 480
57 3 9 480
57 3 10 480
57 3 11 480
57 3 12 480
57 3 13 480
57 4 21 300
57 4 22 300
57 5 23 160
57 5 24 160
57 5 25 160
57 6 26 270
57 6 27 270
57 7 28 180
57 7 29 180
57 7 30 180
58 1 2 50
58 1 3 50
58 2 19 60
58 2 20 60
58 3 5 480
58 3 6 480
58 3 7 480
58 3 8 480
58 3 9 480
58 3 10 480
58 3 11 480
58 3 12 480
58 3 13 480
58 4 21 300
58 4 22 300
58 5 23 160
58 5 24 160
58 5 25 160
58 6 26 270
58 6 27 270
58 7 28 180
58 7 29 180
58 7 30 180
59 1 2 50
59 1 3 50
59 2 19 60
59 2 20 60
59 3 5 480
59 3 6 480
59 3 7 480
59 3 8 480
59 3 9 480
59 3 10 480
59 3 11 480
59 3 12 480
59 3 13 480
59 4 21 300
59 4 22 300
59 5 23 160
59 5 24 160
59 5 25 160
59 6 26 270
59 6 27 270
59 7 28 180
59 7 29 180
59 7 30 180
60 1 2 50
60 1 3 50
60 2 19 60
60 2 20 60
60 3 5 480
60 3 6 480
60 3 7 480
60 3 8 480
60 3 9 480
60 3 10 480
60 3 11 480
60 3 12 480
60 3 13 480
60 4 21 300
60 4 22 300
60 5 23 160
60 5 24 160
60 5 25 160
60 6 26 270
60 6 27 270
60 7 28 180
60 7 29 180
60 7 30 180
61 1 2 50
61 1 3 50
61 2 19 60
61 2 20 60
61 3 5 480
61 3 6 480
61 3 7 480
61 3 8 480
61 3 9 480
61 3 10 480
61 3 11 480
61 3 12 480
61 3 13 480
61 4 21 300
61 4 22 300
61 5 23 160
61 5 24 160
61 5 25 160
61 6 26 270
61 6 27 270
61 7 28 180
61 7 29 180
61 7 30 180
62 1 2 50
62 1 3 50
62 2 19 60
62 2 20 60
62 3 5 480
62 3 6 480
62 3 7 480
62 3 8 480
62 3 9 480
62 3 10 480
62 3 11 480
62 3 12 480
62 3 13 480
62 4 21 300
62 4 22 300
62 5 23 160
62 5 24 160
62 5 25 160
62 6 26 270
62 6 27 270
62 7 28 180
62 7 29 180
62 7 30 180
63 1 2 50
63 1 3 50
63 2 19 60
63 2 20 60
63 3 5 480
63 3 6 480
63 3 7 480
63 3 8 480
63 3 9 480
63 3 10 480
63 3 11 480
63 3 12 480
63 3 13 480
63 4 21 300
63 4 22 300
63 5 23 160
63 5 24 160
63 5 25 160
63 6 26 270
63 6 27 270
63 7 28 180
63 7 29 180
63 7 30 180
64 1 2 50
64 1 3 50
64 2 19 60
64 2 20 60
64 3 5 480
64 3 6 480
64 3 7 480
64 3 8 480
64 3 9 480
64 3 10 480
64 3 11 480
64 3 12 480
64 3 13 480
64 4 21 300
64 4 22 300
64 5 23 160
64 5 24 160
64 5 25 160
64 6 26 270
64 6 27 270
64 7 28 180
64 7 29 180
64 7 30 180
65 1 2 50
65 1 3 50
65 2 19 60
65 2 20 60
65 3 5 480
65 3 6 480
65 3 7 480
65 3 8 480
65 3 9 480
65 3 10 480
65 3 11 480
65 3 12 480
65 3 13 480
65 4 21 300
65 4 22 300
65 5 23 160
65 5 24 160
65 5 25 160
65 6 26 270
65 6 27 270
65 7 28 180
65 7 29 180
65 7 30 180
66 1 2 50
66 1 3 50
66 2 19 60
66 2 20 60
66 3 5 480
66 3 6 480
66 3 7 480
66 3 8 480
66 3 9 480
66 3 10 480
66 3 11 480
66 3 12 480
66 3 13 480
66 4 21 300
66 4 22 300
66 5 23 160
66 5 24 160
66 5 25 160
66 6 26 270
66 6 27 270
66 7 28 180
66 7 29 180
66 7 30 180
67 1 2 50
67 1 3 50
67 2 19 60
67 2 20 60
67 3 5 480
67 3 6 480
67 3 7 480
67 3 8 480
67 3 9 480
67 3 10 480
67 3 11 480
67 3 12 480
67 3 13 480
67 4 21 300
67 4 22 300
67 5 23 160
67 5 24 160
67 5 25 160
67 6 26 270
67 6 27 270
67 7 28 180
67 7 29 180
67 7 30 180
68 1 2 50
68 1 3 50
68 2 19 60
68 2 20 60
68 3 5 480
68 3 6 480
68 3 7 480
68 3 8 480
68 3 9 480
68 3 10 480
68 3 11 480
68 3 12 480
68 3 13 480
68 4 21 300
68 4 22 300
68 5 23 160
68 5 24 160
68 5 25 160
68 6 26 270
68 6 27 270
68 7 28 180
68 7 29 180
68 7 30 180
69 1 2 50
69 1 3 50
69 2 19 60
69 2 20 60
69 3 5 480
69 3 6 480
69 3 7 480
69 3 8 480
69 3 9 480
69 3 10 480
69 3 11 480
69 3 12 480
69 3 13 480
69 4 21 300
69 4 22 300
69 5 23 160
69 5 24 160
69 5 25 160
69 6 26 270
69 6 27 270
69 7 28 180
69 7 29 180
69 7 30 180
70 1 2 50
70 1 3 50
70 2 19 60
70 2 20 60
70 3 5 480
70 3 6 480
70 3 7 480
70 3 8 480
70 3 9 480
70 3 10 480
70 3 11 480
70 3 12 480
70 3 13 480
70 4 21 300
70 4 22 300
70 5 23 160
70 5 24 160
70 5 25 160
70 6 26 270
70 6 27 270
70 7 28 180
70 7 29 180
70 7 30 180
71 1 2 50
71 1 3 50
71 2 19 60
71 2 20 60
71 3 5 480
71 3 6 480
71 3 7 480
71 3 8 480
71 3 9 480
71 3 10 480
71 3 11 480
71 3 12 480
71 3 13 480
71 4 21 300
71 4 22 300
71 5 23 160
71 5 24 160
71 5 25 160
71 6 26 270
71 6 27 270
71 7 28 180
71 7 29 180
71 7 30 180
72 1 2 50
72 1 3 50
72 2 19 60
72 2 20 60
72 3 5 480
72 3 6 480
72 3 7 480
72 3 8 480
72 3 9 480
72 3 10 480
72 3 11 480
72 3 12 480
72 3 13 480
72 4 21 300
72 4 22 300
72 5 23 160
72 5 24 160
72 5 25 160
72 6 26 270
72 6 27 270
72 7 28 180
72 7 29 180
72 7 30 180
73 1 2 50
73 1 3 50
73 2 19 60
73 2 20 60
73 3 5 480
73 3 6 480
73 3 7 480
73 3 8 480
73 3 9 480
73 3 10 480
73 3 11 480
73 3 12 480
73 3 13 480
73 4 21 300
73 4 22 300
73 5 23 160
73 5 24 160
73 5 25 160
73 6 26 270
73 6 27 270
73 7 28 180
73 7 29 180
73 7 30 180
74 1 2 50
74 1 3 50
74 2 19 60
74 2 20 60
74 3 5 480
74 3 6 480
74 3 7 480
74 3 8 480
74 3 9 480
74 3 10 480
74 3 11 480
74 3 12 480
74 3 13 480
74 4 21 300
74 4 22 300
74 5 23 160
74 5 24 160
74 5 25 160
74 6 26 270
74 6 27 270
74 7 28 180
74 7 29 180
74 7 30 180
75 1 2 50
75 1 3 50
75 2 19 60
75 2 20 60
75 3 5 480
75 3 6 480
75 3 7 480
75 3 8 480
75 3 9 480
75 3 10 480
75 3 11 480
75 3 12 480
75 3 13 480
75 4 21 300
75 4 22 300
75 5 23 160
75 5 24 160
75 5 25 160
75 6 26 270
75 6 27 270
75 7 28 180
75 7 29 180
75 7 30 180
76 1 2 50
76 1 3 50
76 2 19 60
76 2 20 60
76 3 5 480
76 3 6 480
76 3 7 480
76 3 8 480
76 3 9 480
76 3 10 480
76 3 11 480
76 3 12 480
76 3 13 480
76 4 21 300
76 4 22 300
76 5 23 160
76 5 24 160
76 5 25 160
76 6 26 270
76 6 27 270
76 7 28 180
76 7 29 180
76 7 30 180
77 1 2 50
77 1 3 50
77 2 19 60
77 2 20 60
77 3 5 480
77 3 6 480
77 3 7 480
77 3 8 480
77 3 9 480
77 3 10 480
77 3 11 480
77 3 12 480
77 3 13 480
77 4 21 300
77 4 22 300
77 5 23 160
77 5 24 160
77 5 25 160
77 6 26 270
77 6 27 270
77 7 28 180
77 7 29 180
77 7 30 180
78 1 2 50
78 1 3 50
78 2 19 60
78 2 20 60
78 3 5 480
78 3 6 480
78 3 7 480
78 3 8 480
78 3 9 480
78 3 10 480
78 3 11 480
78 3 12 480
78 3 13 480
78 4 21 300
78 4 22 300
78 5 23 160
78 5 24 160
78 5 25 160
78 6 26 270
78 6 27 270
78 7 28 180
78 7 29 180
78 7 30 180
79 1 2 50
79 1 3 50
79 2 19 60
79 2 20 60
79 3 5 480
79 3 6 480
79 3 7 480
79 3 8 480
79 3 9 480
79 3 10 480
79 3 11 480
79 3 12 480
79 3 13 480
79 4 21 300
79 4 22 300
79 5 23 160
79 5 24 160
79 5 25 160
79 6 26 270
79 6 27 270
79 7 28 180
79 7 29 180
79 7 30 180
80 1 2 50
80 1 3 50
80 2 19 60
80 2 20 60
80 3 5 480
80 3 6 480
80 3 7 480
80 3 8 480
80 3 9 480
80 3 10 480
80 3 11 480
80 3 12 480
80 3 13 480
80 4 21 300
80 4 22 300
80 5 23 160
80 5 24 160
80 5 25 160
80 6 26 270
80 6 27 270
80 7 28 180
80 7 29 180
80 7 30 180
81 1 2 50
81 1 3 50
81 2 19 60
81 2 20 60
81 3 5 480
81 3 6 480
81 3 7 480
81 3 8 480
81 3 9 480
81 3 10 480
81 3 11 480
81 3 12 480
81 3 13 480
81 4 21 300
81 4 22 300
81 5 23 160
81 5 24 160
81 5 25 160
81 6 26 270
81 6 27 270
81 7 28 180
81 7 29 180
81 7 30 180
82 1 2 50
82 1 3 50
82 2 19 60
82 2 20 60
82 3 5 480
82 3 6 480
82 3 7 480
82 3 8 480
82 3 9 480
82 3 10 480
82 3 11 480
82 3 12 480
82 3 13 480
82 4 21 300
82 4 22 300
82 5 23 160
82 5 24 160
82 5 25 160
82 6 26 270
82 6 27 270
82 7 28 180
82 7 29 180
82 7 30 180
83 1 2 50
83 1 3 50
83 2 19 60
83 2 20 60
83 3 5 480
83 3 6 480
83 3 7 480
83 3 8 480
83 3 9 480
83 3 10 480
83 3 11 480
83 3 12 480
83 3 13 480
83 4 21 300
83 4 22 300
83 5 23 160
83 5 24 160
83 5 25 160
83 6 26 270
83 6 27 270
83 7 28 180
83 7 29 180
83 7 30 180
84 1 2 50
84 1 3 50
84 2 19 60
84 2 20 60
84 3 5 480
84 3 6 480
84 3 7 480
84 3 8 480
84 3 9 480
84 3 10 480
84 3 11 480
84 3 12 480
84 3 13 480
84 4 21 300
84 4 22 300
84 5 23 160
84 5 24 160
84 5 25 160
84 6 26 270
84 6 27 270
84 7 28 180
84 7 29 180
84 7 30 180
85 1 2 50
85 1 3 50
85 2 19 60
85 2 20 60
85 3 5 480
85 3 6 480
85 3 7 480
85 3 8 480
85 3 9 480
85 3 10 480
85 3 11 480
85 3 12 480
85 3 13 480
85 4 21 300
85 4 22 300
85 5 23 160
85 5 24 160
85 5 25 160
85 6 26 270
85 6 27 270
85 7 28 180
85 7 29 180
85 7 30 180
86 1 2 50
86 1 3 50
86 2 19 60
86 2 20 60
86 3 5 480
86 3 6 480
86 3 7 480
86 3 8 480
86 3 9 480
86 3 10 480
86 3 11 480
86 3 12 480
86 3 13 480
86 4 21 300
86 4 22 300
86 5 23 160
86 5 24 160
86 5 25 160
86 6 26 270
86 6 27 270
86 7 28 180
86 7 29 180
86 7 30 180
87 1 2 50
87 1 3 50
87 2 19 60
87 2 20 60
87 3 5 480
87 3 6 480
87 3 7 480
87 3 8 480
87 3 9 480
87 3 10 480
87 3 11 480
87 3 12 480
87 3 13 480
87 4 21 300
87 4 22 300
87 5 23 160
87 5 24 160
87 5 25 160
87 6 26 270
87 6 27 270
87 7 28 180
87 7 29 180
87 7 30 180
88 1 2 50
88 1 3 50
88 2 19 60
88 2 20 60
88 3 5 480
88 3 6 480
88 3 7 480
88 3 8 480
88 3 9 480
88 3 10 480
88 3 11 480
88 3 12 480
88 3 13 480
88 4 21 300
88 4 22 300
88 5 23 160
88 5 24 160
88 5 25 160
88 6 26 270
88 6 27 270
88 7 28 180
88 7 29 180
88 7 30 180
89 1 2 50
89 1 3 50
89 2 19 60
89 2 20 60
89 3 5 480
89 3 6 480
89 3 7 480
89 3 8 480
89 3 9 480
89 3 10 480
89 3 11 480
89 3 12 480
89 3 13 480
89 4 21 300
89 4 22 300
89 5 23 160
89 5 24 160
89 5 25 160
89 6 26 270
89 6 27 270
89 7 28 180
89 7 29 180
89 7 30 180
90 1 2 50
90 1 3 50
90 2 19 60
90 2 20 60
90 3 5 480
90 3 6 480
90 3 7 480
90 3 8 480
90 3 9 480
90 3 10 480
90 3 11 480
90 3 12 480
90 3 13 480
90 4 21 300
90 4 22 300
90 5 23 160
90 5 24 160
90 5 25 160
90 6 26 270
90 6 27 270
90 7 28 180
90 7 29 180
90 7 30 180
91 1 2 20
91 1 3 20
91 2 14 50
91 2 15 50
91 2 16 50
91 3 5 240
91 3 6 240
91 3 7 240
91 3 8 240
91 3 9 240
91 3 10 240
91 3 11 240
91 3 12 240
91 3 13 240
91 4 21 160
91 4 22 160
91 5 23 60
91 5 24 60
91 5 25 60
91 6 26 70
91 6 27 70
91 7 28 70
91 7 29 70
91 7 30 70
92 1 2 20
92 1 3 20
92 2 14 50
92 2 15 50
92 2 16 50
92 3 5 240
92 3 6 240
92 3 7 240
92 3 8 240
92 3 9 240
92 3 10 240
92 3 11 240
92 3 12 240
92 3 13 240
92 4 21 160
92 4 22 160
92 5 23 60
92 5 24 60
92 5 25 60
92 6 26 70
92 6 27 70
92 7 28 70
92 7 29 70
92 7 30 70
93 1 2 20
93 1 3 20
93 2 14 50
93 2 15 50
93 2 16 50
93 3 5 240
93 3 6 240
93 3 7 240
93 3 8 240
93 3 9 240
93 3 10 240
93 3 11 240
93 3 12 240
93 3 13 240
93 4 21 160
93 4 22 160
93 5 23 60
93 5 24 60
93 5 25 60
93 6 26 70
93 6 27 70
93 7 28 70
93 7 29 70
93 7 30 70
94 1 2 20
94 1 3 20
94 2 14 50
94 2 15 50
94 2 16 50
94 3 5 240
94 3 6 240
94 3 7 240
94 3 8 240
94 3 9 240
94 3 10 240
94 3 11 240
94 3 12 240
94 3 13 240
94 4 21 160
94 4 22 160
94 5 23 60
94 5 24 60
94 5 25 60
94 6 26 70
94 6 27 70
94 7 28 70
94 7 29 70
94 7 30 70
95 1 2 20
95 1 3 20
95 2 14 50
95 2 15 50
95 2 16 50
95 3 5 240
95 3 6 240
95 3 7 240
95 3 8 240
95 3 9 240
95 3 10 240
95 3 11 240
95 3 12 240
95 3 13 240
95 4 21 160
95 4 22 160
95 5 23 60
95 5 24 60
95 5 25 60
95 6 26 70
95 6 27 70
95 7 28 70
95 7 29 70
95 7 30 70
96 1 2 20
96 1 3 20
96 2 14 50
96 2 15 50
96 2 16 50
96 3 5 240
96 3 6 240
96 3 7 240
96 3 8 240
96 3 9 240
96 3 10 240
96 3 11 240
96 3 12 240
96 3 13 240
96 4 21 160
96 4 22 160
96 5 23 60
96 5 24 60
96 5 25 60
96 6 26 70
96 6 27 70
96 7 28 70
96 7 29 70
96 7 30 70
97 1 2 20
97 1 3 20
97 2 14 50
97 2 15 50
97 2 16 50
97 3 5 240
97 3 6 240
97 3 7 240
97 3 8 240
97 3 9 240
97 3 10 240
97 3 11 240
97 3 12 240
97 3 13 240
97 4 21 160
97 4 22 160
97 5 23 60
97 5 24 60
97 5 25 60
97 6 26 70
97 6 27 70
97 7 28 70
97 7 29 70
97 7 30 70
98 1 2 20
98 1 3 20
98 2 14 50
98 2 15 50
98 2 16 50
98 3 5 240
98 3 6 240
98 3 7 240
98 3 8 240
98 3 9 240
98 3 10 240
98 3 11 240
98 3 12 240
98 3 13 240
98 4 21 160
98 4 22 160
98 5 23 60
98 5 24 60
98 5 25 60
98 6 26 70
98 6 27 70
98 7 28 70
98 7 29 70
98 7 30 70
99 1 2 20
99 1 3 20
99 2 14 50
99 2 15 50
99 2 16 50
99 3 5 240
99 3 6 240
99 3 7 240
99 3 8 240
99 3 9 240
99 3 10 240
99 3 11 240
99 3 12 240
99 3 13 240
99 4 21 160
99 4 22 160
99 5 23 60
99 5 24 60
99 5 25 60
99 6 26 70
99 6 27 70
99 7 28 70
99 7 29 70
99 7 30 70
100 1 2 20
100 1 3 20
100 2 14 50
100 2 15 50
100 2 16 50
100 3 5 240
100 3 6 240
100 3 7 240
100 3 8 240
100 3 9 240
100 3 10 240
100 3 11 240
100 3 12 240
100 3 13 240
100 4 21 160
100 4 22 160
100 5 23 60
100 5 24 60
100 5 25 60
100 6 26 70
100 6 27 70
100 7 28 70
100 7 29 70
100 7 30 70
101 1 2 20
101 1 3 20
101 2 14 50
101 2 15 50
101 2 16 50
101 3 5 240
101 3 6 240
101 3 7 240
101 3 8 240
101 3 9 240
101 3 10 240
101 3 11 240
101 3 12 240
101 3 13 240
101 4 21 160
101 4 22 160
101 5 23 60
101 5 24 60
101 5 25 60
101 6 26 70
101 6 27 70
101 7 28 70
101 7 29 70
101 7 30 70
102 1 2 20
102 1 3 20
102 2 14 50
102 2 15 50
102 2 16 50
102 3 5 240
102 3 6 240
102 3 7 240
102 3 8 240
102 3 9 240
102 3 10 240
102 3 11 240
102 3 12 240
102 3 13 240
102 4 21 160
102 4 22 160
102 5 23 60
102 5 24 60
102 5 25 60
102 6 26 70
102 6 27 70
102 7 28 70
102 7 29 70
102 7 30 70
103 1 2 20
103 1 3 20
103 2 14 50
103 2 15 50
103 2 16 50
103 3 5 240
103 3 6 240
103 3 7 240
103 3 8 240
103 3 9 240
103 3 10 240
103 3 11 240
103 3 12 240
103 3 13 240
103 4 21 160
103 4 22 160
103 5 23 60
103 5 24 60
103 5 25 60
103 6 26 70
103 6 27 70
103 7 28 70
103 7 29 70
103 7 30 70
104 1 2 20
104 1 3 20
104 2 14 50
104 2 15 50
104 2 16 50
104 3 5 240
104 3 6 240
104 3 7 240
104 3 8 240
104 3 9 240
104 3 10 240
104 3 11 240
104 3 12 240
104 3 13 240
104 4 21 160
104 4 22 160
104 5 23 60
104 5 24 60
104 5 25 60
104 6 26 70
104 6 27 70
104 7 28 70
104 7 29 70
104 7 30 70
105 1 2 20
105 1 3 20
105 2 14 50
105 2 15 50
105 2 16 50
105 3 5 240
105 3 6 240
105 3 7 240
105 3 8 240
105 3 9 240
105 3 10 240
105 3 11 240
105 3 12 240
105 3 13 240
105 4 21 160
105 4 22 160
105 5 23 60
105 5 24 60
105 5 25 60
105 6 26 70
105 6 27 70
105 7 28 70
105 7 29 70
105 7 30 70
106 1 2 20
106 1 3 20
106 2 14 50
106 2 15 50
106 2 16 50
106 3 5 240
106 3 6 240
106 3 7 240
106 3 8 240
106 3 9 240
106 3 10 240
106 3 11 240
106 3 12 240
106 3 13 240
106 4 21 160
106 4 22 160
106 5 23 60
106 5 24 60
106 5 25 60
106 6 26 70
106 6 27 70
106 7 28 70
106 7 29 70
106 7 30 70
107 1 2 20
107 1 3 20
107 2 14 50
107 2 15 50
107 2 16 50
107 3 5 240
107 3 6 240
107 3 7 240
107 3 8 240
107 3 9 240
107 3 10 240
107 3 11 240
107 3 12 240
107 3 13 240
107 4 21 160
107 4 22 160
107 5 23 60
107 5 24 60
107 5 25 60
107 6 26 70
107 6 27 70
107 7 28 70
107 7 29 70
107 7 30 70
108 1 2 20
108 1 3 20
108 2 14 50
108 2 15 50
108 2 16 50
108 3 5 240
108 3 6 240
108 3 7 240
108 3 8 240
108 3 9 240
108 3 10 240
108 3 11 240
108 3 12 240
108 3 13 240
108 4 21 160
108 4 22 160
108 5 23 60
108 5 24 60
108 5 25 60
108 6 26 70
108 6 27 70
108 7 28 70
108 7 29 70
108 7 30 70
109 1 2 20
109 1 3 20
109 2 14 50
109 2 15 50
109 2 16 50
109 3 5 240
109 3 6 240
109 3 7 240
109 3 8 240
109 3 9 240
109 3 10 240
109 3 11 240
109 3 12 240
109 3 13 240
109 4 21 160
109 4 22 160
109 5 23 60
109 5 24 60
109 5 25 60
109 6 26 70
109 6 27 70
109 7 28 70
109 7 29 70
109 7 30 70
110 1 2 20
110 1 3 20
110 2 14 50
110 2 15 50
110 2 16 50
110 3 5 240
110 3 6 240
110 3 7 240
110 3 8 240
110 3 9 240
110 3 10 240
110 3 11 240
110 3 12 240
110 3 13 240
110 4 21 160
110 4 22 160
110 5 23 60
110 5 24 60
110 5 25 60
110 6 26 70
110 6 27 70
110 7 28 70
110 7 29 70
110 7 30 70
111 1 2 20
111 1 3 20
111 2 14 50
111 2 15 50
111 2 16 50
111 3 5 240
111 3 6 240
111 3 7 240
111 3 8 240
111 3 9 240
111 3 10 240
111 3 11 240
111 3 12 240
111 3 13 240
111 4 21 160
111 4 22 160
111 5 23 60
111 5 24 60
111 5 25 60
111 6 26 70
111 6 27 70
111 7 28 70
111 7 29 70
111 7 30 70
112 1 2 20
112 1 3 20
112 2 14 50
112 2 15 50
112 2 16 50
112 3 5 240
112 3 6 240
112 3 7 240
112 3 8 240
112 3 9 240
112 3 10 240
112 3 11 240
112 3 12 240
112 3 13 240
112 4 21 160
112 4 22 160
112 5 23 60
112 5 24 60
112 5 25 60
112 6 26 70
112 6 27 70
112 7 28 70
112 7 29 70
112 7 30 70
113 1 2 20
113 1 3 20
113 2 14 50
113 2 15 50
113 2 16 50
113 3 5 240
113 3 6 240
113 3 7 240
113 3 8 240
113 3 9 240
113 3 10 240
113 3 11 240
113 3 12 240
113 3 13 240
113 4 21 160
113 4 22 160
113 5 23 60
113 5 24 60
113 5 25 60
113 6 26 70
113 6 27 70
113 7 28 70
113 7 29 70
113 7 30 70
114 1 2 20
114 1 3 20
114 2 14 50
114 2 15 50
114 2 16 50
114 3 5 240
114 3 6 240
114 3 7 240
114 3 8 240
114 3 9 240
114 3 10 240
114 3 11 240
114 3 12 240
114 3 13 240
114 4 21 160
114 4 22 160
114 5 23 60
114 5 24 60
114 5 25 60
114 6 26 70
114 6 27 70
114 7 28 70
114 7 29 70
114 7 30 70
115 1 2 20
115 1 3 20
115 2 14 50
115 2 15 50
115 2 16 50
115 3 5 240
115 3 6 240
115 3 7 240
115 3 8 240
115 3 9 240
115 3 10 240
115 3 11 240
115 3 12 240
115 3 13 240
115 4 21 160
115 4 22 160
115 5 23 60
115 5 24 60
115 5 25 60
115 6 26 70
115 6 27 70
115 7 28 70
115 7 29 70
115 7 30 70
116 1 2 20
116 1 3 20
116 2 14 50
116 2 15 50
116 2 16 50
116 3 5 240
116 3 6 240
116 3 7 240
116 3 8 240
116 3 9 240
116 3 10 240
116 3 11 240
116 3 12 240
116 3 13 240
116 4 21 160
116 4 22 160
116 5 23 60
116 5 24 60
116 5 25 60
116 6 26 70
116 6 27 70
116 7 28 70
116 7 29 70
116 7 30 70
117 1 2 20
117 1 3 20
117 2 14 50
117 2 15 50
117 2 16 50
117 3 5 240
117 3 6 240
117 3 7 240
117 3 8 240
117 3 9 240
117 3 10 240
117 3 11 240
117 3 12 240
117 3 13 240
117 4 21 160
117 4 22 160
117 5 23 60
117 5 24 60
117 5 25 60
117 6 26 70
117 6 27 70
117 7 28 70
117 7 29 70
117 7 30 70
118 1 2 20
118 1 3 20
118 2 14 50
118 2 15 50
118 2 16 50
118 3 5 240
118 3 6 240
118 3 7 240
118 3 8 240
118 3 9 240
118 3 10 240
118 3 11 240
118 3 12 240
118 3 13 240
118 4 21 160
118 4 22 160
118 5 23 60
118 5 24 60
118 5 25 60
118 6 26 70
118 6 27 70
118 7 28 70
118 7 29 70
118 7 30 70
119 1 2 20
119 1 3 20
119 2 14 50
119 2 15 50
119 2 16 50
119 3 5 240
119 3 6 240
119 3 7 240
119 3 8 240
119 3 9 240
119 3 10 240
119 3 11 240
119 3 12 240
119 3 13 240
119 4 21 160
119 4 22 160
119 5 23 60
119 5 24 60
119 5 25 60
119 6 26 70
119 6 27 70
119 7 28 70
119 7 29 70
119 7 30 70
120 1 2 20
120 1 3 20
120 2 14 50
120 2 15 50
120 2 16 50
120 3 5 240
120 3 6 240
120 3 7 240
120 3 8 240
120 3 9 240
120 3 10 240
120 3 11 240
120 3 12 240
120 3 13 240
120 4 21 160
120 4 22 160
120 5 23 60
120 5 24 60
120 5 25 60
120 6 26 70
120 6 27 70
120 7 28 70
120 7 29 70
120 7 30 70
121 1 2 20
121 1 3 20
121 2 14 50
121 2 15 50
121 2 16 50
121 3 5 240
121 3 6 240
121 3 7 240
121 3 8 240
121 3 9 240
121 3 10 240
121 3 11 240
121 3 12 240
121 3 13 240
121 4 21 160
121 4 22 160
121 5 23 60
121 5 24 60
121 5 25 60
121 6 26 70
121 6 27 70
121 7 28 70
121 7 29 70
121 7 30 70
122 1 2 20
122 1 3 20
122 2 14 50
122 2 15 50
122 2 16 50
122 3 5 240
122 3 6 240
122 3 7 240
122 3 8 240
122 3 9 240
122 3 10 240
122 3 11 240
122 3 12 240
122 3 13 240
122 4 21 160
122 4 22 160
122 5 23 60
122 5 24 60
122 5 25 60
122 6 26 70
122 6 27 70
122 7 28 70
122 7 29 70
122 7 30 70
123 1 2 20
123 1 3 20
123 2 14 50
123 2 15 50
123 2 16 50
123 3 5 240
123 3 6 240
123 3 7 240
123 3 8 240
123 3 9 240
123 3 10 240
123 3 11 240
123 3 12 240
123 3 13 240
123 4 21 160
123 4 22 160
123 5 23 60
123 5 24 60
123 5 25 60
123 6 26 70
123 6 27 70
123 7 28 70
123 7 29 70
123 7 30 70
124 1 2 20
124 1 3 20
124 2 14 50
124 2 15 50
124 2 16 50
124 3 5 240
124 3 6 240
124 3 7 240
124 3 8 240
124 3 9 240
124 3 10 240
124 3 11 240
124 3 12 240
124 3 13 240
124 4 21 160
124 4 22 160
124 5 23 60
124 5 24 60
124 5 25 60
124 6 26 70
124 6 27 70
124 7 28 70
124 7 29 70
124 7 30 70
125 1 2 20
125 1 3 20
125 2 14 50
125 2 15 50
125 2 16 50
125 3 5 240
125 3 6 240
125 3 7 240
125 3 8 240
125 3 9 240
125 3 10 240
125 3 11 240
125 3 12 240
125 3 13 240
125 4 21 160
125 4 22 160
125 5 23 60
125 5 24 60
125 5 25 60
125 6 26 70
125 6 27 70
125 7 28 70
125 7 29 70
125 7 30 70
126 1 2 20
126 1 3 20
126 2 14 50
126 2 15 50
126 2 16 50
126 3 5 240
126 3 6 240
126 3 7 240
126 3 8 240
126 3 9 240
126 3 10 240
126 3 11 240
126 3 12 240
126 3 13 240
126 4 21 160
126 4 22 160
126 5 23 60
126 5 24 60
126 5 25 60
126 6 26 70
126 6 27 70
126 7 28 70
126 7 29 70
126 7 30 70
127 1 2 20
127 1 3 20
127 2 14 50
127 2 15 50
127 2 16 50
127 3 5 240
127 3 6 240
127 3 7 240
127 3 8 240
127 3 9 240
127 3 10 240
127 3 11 240
127 3 12 240
127 3 13 240
127 4 21 160
127 4 22 160
127 5 23 60
127 5 24 60
127 5 25 60
127 6 26 70
127 6 27 70
127 7 28 70
127 7 29 70
127 7 30 70
128 1 2 20
128 1 3 20
128 2 14 50
128 2 15 50
128 2 16 50
128 3 5 240
128 3 6 240
128 3 7 240
128 3 8 240
128 3 9 240
128 3 10 240
128 3 11 240
128 3 12 240
128 3 13 240
128 4 21 160
128 4 22 160
128 5 23 60
128 5 24 60
128 5 25 60
128 6 26 70
128 6 27 70
128 7 28 70
128 7 29 70
128 7 30 70
129 1 2 20
129 1 3 20
129 2 14 50
129 2 15 50
129 2 16 50
129 3 5 240
129 3 6 240
129 3 7 240
129 3 8 240
129 3 9 240
129 3 10 240
129 3 11 240
129 3 12 240
129 3 13 240
129 4 21 160
129 4 22 160
129 5 23 60
129 5 24 60
129 5 25 60
129 6 26 70
129 6 27 70
129 7 28 70
129 7 29 70
129 7 30 70
130 1 2 20
130 1 3 20
130 2 14 50
130 2 15 50
130 2 16 50
130 3 5 240
130 3 6 240
130 3 7 240
130 3 8 240
130 3 9 240
130 3 10 240
130 3 11 240
130 3 12 240
130 3 13 240
130 4 21 160
130 4 22 160
130 5 23 60
130 5 24 60
130 5 25 60
130 6 26 70
130 6 27 70
130 7 28 70
130 7 29 70
130 7 30 70
131 1 2 20
131 1 3 20
131 2 14 50
131 2 15 50
131 2 16 50
131 3 5 240
131 3 6 240
131 3 7 240
131 3 8 240
131 3 9 240
131 3 10 240
131 3 11 240
131 3 12 240
131 3 13 240
131 4 21 160
131 4 22 160
131 5 23 60
131 5 24 60
131 5 25 60
131 6 26 70
131 6 27 70
131 7 28 70
131 7 29 70
131 7 30 70
132 1 2 20
132 1 3 20
132 2 14 50
132 2 15 50
132 2 16 50
132 3 5 240
132 3 6 240
132 3 7 240
132 3 8 240
132 3 9 240
132 3 10 240
132 3 11 240
132 3 12 240
132 3 13 240
132 4 21 160
132 4 22 160
132 5 23 60
132 5 24 60
132 5 25 60
132 6 26 70
132 6 27 70
132 7 28 70
132 7 29 70
132 7 30 70
133 1 2 20
133 1 3 20
133 2 14 50
133 2 15 50
133 2 16 50
133 3 5 240
133 3 6 240
133 3 7 240
133 3 8 240
133 3 9 240
133 3 10 240
133 3 11 240
133 3 12 240
133 3 13 240
133 4 21 160
133 4 22 160
133 5 23 60
133 5 24 60
133 5 25 60
133 6 26 70
133 6 27 70
133 7 28 70
133 7 29 70
133 7 30 70
134 1 2 20
134 1 3 20
134 2 14 50
134 2 15 50
134 2 16 50
134 3 5 240
134 3 6 240
134 3 7 240
134 3 8 240
134 3 9 240
134 3 10 240
134 3 11 240
134 3 12 240
134 3 13 240
134 4 21 160
134 4 22 160
134 5 23 60
134 5 24 60
134 5 25 60
134 6 26 70
134 6 27 70
134 7 28 70
134 7 29 70
134 7 30 70
135 1 2 20
135 1 3 20
135 2 14 50
135 2 15 50
135 2 16 50
135 3 5 240
135 3 6 240
135 3 7 240
135 3 8 240
135 3 9 240
135 3 10 240
135 3 11 240
135 3 12 240
135 3 13 240
135 4 21 160
135 4 22 160
135 5 23 60
135 5 24 60
135 5 25 60
135 6 26 70
135 6 27 70
135 7 28 70
135 7 29 70
135 7 30 70
136 1 2 20
136 1 3 20
136 2 14 50
136 2 15 50
136 2 16 50
136 3 5 240
136 3 6 240
136 3 7 240
136 3 8 240
136 3 9 240
136 3 10 240
136 3 11 240
136 3 12 240
136 3 13 240
136 4 21 160
136 4 22 160
136 5 23 60
136 5 24 60
136 5 25 60
136 6 26 70
136 6 27 70
136 7 28 70
136 7 29 70
136 7 30 70
137 1 2 20
137 1 3 20
137 2 14 50
137 2 15 50
137 2 16 50
137 3 5 240
137 3 6 240
137 3 7 240
137 3 8 240
137 3 9 240
137 3 10 240
137 3 11 240
137 3 12 240
137 3 13 240
137 4 21 160
137 4 22 160
137 5 23 60
137 5 24 60
137 5 25 60
137 6 26 70
137 6 27 70
137 7 28 70
137 7 29 70
137 7 30 70
138 1 2 20
138 1 3 20
138 2 14 50
138 2 15 50
138 2 16 50
138 3 5 240
138 3 6 240
138 3 7 240
138 3 8 240
138 3 9 240
138 3 10 240
138 3 11 240
138 3 12 240
138 3 13 240
138 4 21 160
138 4 22 160
138 5 23 60
138 5 24 60
138 5 25 60
138 6 26 70
138 6 27 70
138 7 28 70
138 7 29 70
138 7 30 70
139 1 2 20
139 1 3 20
139 2 14 50
139 2 15 50
139 2 16 50
139 3 5 240
139 3 6 240
139 3 7 240
139 3 8 240
139 3 9 240
139 3 10 240
139 3 11 240
139 3 12 240
139 3 13 240
139 4 21 160
139 4 22 160
139 5 23 60
139 5 24 60
139 5 25 60
139 6 26 70
139 6 27 70
139 7 28 70
139 7 29 70
139 7 30 70
140 1 2 20
140 1 3 20
140 2 14 50
140 2 15 50
140 2 16 50
140 3 5 240
140 3 6 240
140 3 7 240
140 3 8 240
140 3 9 240
140 3 10 240
140 3 11 240
140 3 12 240
140 3 13 240
140 4 21 160
140 4 22 160
140 5 23 60
140 5 24 60
140 5 25 60
140 6 26 70
140 6 27 70
140 7 28 70
140 7 29 70
140 7 30 70
141 1 2 20
141 1 3 20
141 2 14 50
141 2 15 50
141 2 16 50
141 3 5 240
141 3 6 240
141 3 7 240
141 3 8 240
141 3 9 240
141 3 10 240
141 3 11 240
141 3 12 240
141 3 13 240
141 4 21 160
141 4 22 160
141 5 23 60
141 5 24 60
141 5 25 60
141 6 26 70
141 6 27 70
141 7 28 70
141 7 29 70
141 7 30 70
142 1 2 20
142 1 3 20
142 2 14 50
142 2 15 50
142 2 16 50
142 3 5 240
142 3 6 240
142 3 7 240
142 3 8 240
142 3 9 240
142 3 10 240
142 3 11 240
142 3 12 240
142 3 13 240
142 4 21 160
142 4 22 160
142 5 23 60
142 5 24 60
142 5 25 60
142 6 26 70
142 6 27 70
142 7 28 70
142 7 29 70
142 7 30 70
143 1 2 20
143 1 3 20
143 2 14 50
143 2 15 50
143 2 16 50
143 3 5 240
143 3 6 240
143 3 7 240
143 3 8 240
143 3 9 240
143 3 10 240
143 3 11 240
143 3 12 240
143 3 13 240
143 4 21 160
143 4 22 160
143 5 23 60
143 5 24 60
143 5 25 60
143 6 26 70
143 6 27 70
143 7 28 70
143 7 29 70
143 7 30 70
144 1 2 20
144 1 3 20
144 2 14 50
144 2 15 50
144 2 16 50
144 3 5 240
144 3 6 240
144 3 7 240
144 3 8 240
144 3 9 240
144 3 10 240
144 3 11 240
144 3 12 240
144 3 13 240
144 4 21 160
144 4 22 160
144 5 23 60
144 5 24 60
144 5 25 60
144 6 26 70
144 6 27 70
144 7 28 70
144 7 29 70
144 7 30 70
145 1 2 20
145 1 3 20
145 2 14 50
145 2 15 50
145 2 16 50
145 3 5 240
145 3 6 240
145 3 7 240
145 3 8 240
145 3 9 240
145 3 10 240
145 3 11 240
145 3 12 240
145 3 13 240
145 4 21 160
145 4 22 160
145 5 23 60
145 5 24 60
145 5 25 60
145 6 26 70
145 6 27 70
145 7 28 70
145 7 29 70
145 7 30 70
146 1 2 20
146 1 3 20
146 2 14 50
146 2 15 50
146 2 16 50
146 3 5 240
146 3 6 240
146 3 7 240
146 3 8 240
146 3 9 240
146 3 10 240
146 3 11 240
146 3 12 240
146 3 13 240
146 4 21 160
146 4 22 160
146 5 23 60
146 5 24 60
146 5 25 60
146 6 26 70
146 6 27 70
146 7 28 70
146 7 29 70
146 7 30 70
147 1 2 20
147 1 3 20
147 2 14 50
147 2 15 50
147 2 16 50
147 3 5 240
147 3 6 240
147 3 7 240
147 3 8 240
147 3 9 240
147 3 10 240
147 3 11 240
147 3 12 240
147 3 13 240
147 4 21 160
147 4 22 160
147 5 23 60
147 5 24 60
147 5 25 60
147 6 26 70
147 6 27 70
147 7 28 70
147 7 29 70
147 7 30 70
148 1 2 20
148 1 3 20
148 2 14 50
148 2 15 50
148 2 16 50
148 3 5 240
148 3 6 240
148 3 7 240
148 3 8 240
148 3 9 240
148 3 10 240
148 3 11 240
148 3 12 240
148 3 13 240
148 4 21 160
148 4 22 160
148 5 23 60
148 5 24 60
148 5 25 60
148 6 26 70
148 6 27 70
148 7 28 70
148 7 29 70
148 7 30 70
149 1 2 20
149 1 3 20
149 2 14 50
149 2 15 50
149 2 16 50
149 3 5 240
149 3 6 240
149 3 7 240
149 3 8 240
149 3 9 240
149 3 10 240
149 3 11 240
149 3 12 240
149 3 13 240
149 4 21 160
149 4 22 160
149 5 23 60
149 5 24 60
149 5 25 60
149 6 26 70
149 6 27 70
149 7 28 70
149 7 29 70
149 7 30 70
150 1 2 20
150 1 3 20
150 2 14 50
150 2 15 50
150 2 16 50
150 3 5 240
150 3 6 240
150 3 7 240
150 3 8 240
150 3 9 240
150 3 10 240
150 3 11 240
150 3 12 240
150 3 13 240
150 4 21 160
150 4 22 160
150 5 23 60
150 5 24 60
150 5 25 60
150 6 26 70
150 6 27 70
150 7 28 70
150 7 29 70
150 7 30 70
151 1 2 20
151 1 3 20
151 2 14 50
151 2 15 50
151 2 16 50
151 3 5 240
151 3 6 240
151 3 7 240
151 3 8 240
151 3 9 240
151 3 10 240
151 3 11 240
151 3 12 240
151 3 13 240
151 4 21 160
151 4 22 160
151 5 23 60
151 5 24 60
151 5 25 60
151 6 26 70
151 6 27 70
151 7 28 70
151 7 29 70
151 7 30 70
152 1 2 20
152 1 3 20
152 2 14 50
152 2 15 50
152 2 16 50
152 3 5 240
152 3 6 240
152 3 7 240
152 3 8 240
152 3 9 240
152 3 10 240
152 3 11 240
152 3 12 240
152 3 13 240
152 4 21 160
152 4 22 160
152 5 23 60
152 5 24 60
152 5 25 60
152 6 26 70
152 6 27 70
152 7 28 70
152 7 29 70
152 7 30 70
153 1 2 20
153 1 3 20
153 2 14 50
153 2 15 50
153 2 16 50
153 3 5 240
153 3 6 240
153 3 7 240
153 3 8 240
153 3 9 240
153 3 10 240
153 3 11 240
153 3 12 240
153 3 13 240
153 4 21 160
153 4 22 160
153 5 23 60
153 5 24 60
153 5 25 60
153 6 26 70
153 6 27 70
153 7 28 70
153 7 29 70
153 7 30 70
154 1 2 20
154 1 3 20
154 2 14 50
154 2 15 50
154 2 16 50
154 3 5 240
154 3 6 240
154 3 7 240
154 3 8 240
154 3 9 240
154 3 10 240
154 3 11 240
154 3 12 240
154 3 13 240
154 4 21 160
154 4 22 160
154 5 23 60
154 5 24 60
154 5 25 60
154 6 26 70
154 6 27 70
154 7 28 70
154 7 29 70
154 7 30 70
155 1 2 20
155 1 3 20
155 2 14 50
155 2 15 50
155 2 16 50
155 3 5 240
155 3 6 240
155 3 7 240
155 3 8 240
155 3 9 240
155 3 10 240
155 3 11 240
155 3 12 240
155 3 13 240
155 4 21 160
155 4 22 160
155 5 23 60
155 5 24 60
155 5 25 60
155 6 26 70
155 6 27 70
155 7 28 70
155 7 29 70
155 7 30 70
156 1 2 20
156 1 3 20
156 2 14 50
156 2 15 50
156 2 16 50
156 3 5 240
156 3 6 240
156 3 7 240
156 3 8 240
156 3 9 240
156 3 10 240
156 3 11 240
156 3 12 240
156 3 13 240
156 4 21 160
156 4 22 160
156 5 23 60
156 5 24 60
156 5 25 60
156 6 26 70
156 6 27 70
156 7 28 70
156 7 29 70
156 7 30 70
157 1 2 20
157 1 3 20
157 2 14 50
157 2 15 50
157 2 16 50
157 3 5 240
157 3 6 240
157 3 7 240
157 3 8 240
157 3 9 240
157 3 10 240
157 3 11 240
157 3 12 240
157 3 13 240
157 4 21 160
157 4 22 160
157 5 23 60
157 5 24 60
157 5 25 60
157 6 26 70
157 6 27 70
157 7 28 70
157 7 29 70
157 7 30 70
158 1 2 20
158 1 3 20
158 2 14 50
158 2 15 50
158 2 16 50
158 3 5 240
158 3 6 240
158 3 7 240
158 3 8 240
158 3 9 240
158 3 10 240
158 3 11 240
158 3 12 240
158 3 13 240
158 4 21 160
158 4 22 160
158 5 23 60
158 5 24 60
158 5 25 60
158 6 26 70
158 6 27 70
158 7 28 70
158 7 29 70
158 7 30 70
159 1 2 20
159 1 3 20
159 2 14 50
159 2 15 50
159 2 16 50
159 3 5 240
159 3 6 240
159 3 7 240
159 3 8 240
159 3 9 240
159 3 10 240
159 3 11 240
159 3 12 240
159 3 13 240
159 4 21 160
159 4 22 160
159 5 23 60
159 5 24 60
159 5 25 60
159 6 26 70
159 6 27 70
159 7 28 70
159 7 29 70
159 7 30 70
160 1 2 20
160 1 3 20
160 2 14 50
160 2 15 50
160 2 16 50
160 3 5 240
160 3 6 240
160 3 7 240
160 3 8 240
160 3 9 240
160 3 10 240
160 3 11 240
160 3 12 240
160 3 13 240
160 4 21 160
160 4 22 160
160 5 23 60
160 5 24 60
160 5 25 60
160 6 26 70
160 6 27 70
160 7 28 70
160 7 29 70
160 7 30 70
161 1 2 20
161 1 3 20
161 2 14 50
161 2 15 50
161 2 16 50
161 3 5 240
161 3 6 240
161 3 7 240
161 3 8 240
161 3 9 240
161 3 10 240
161 3 11 240
161 3 12 240
161 3 13 240
161 4 21 160
161 4 22 160
161 5 23 60
161 5 24 60
161 5 25 60
161 6 26 70
161 6 27 70
161 7 28 70
161 7 29 70
161 7 30 70
162 1 2 20
162 1 3 20
162 2 14 50
162 2 15 50
162 2 16 50
162 3 5 240
162 3 6 240
162 3 7 240
162 3 8 240
162 3 9 240
162 3 10 240
162 3 11 240
162 3 12 240
162 3 13 240
162 4 21 160
162 4 22 160
162 5 23 60
162 5 24 60
162 5 25 60
162 6 26 70
162 6 27 70
162 7 28 70
162 7 29 70
162 7 30 70
163 1 2 20
163 1 3 20
163 2 14 50
163 2 15 50
163 2 16 50
163 3 5 240
163 3 6 240
163 3 7 240
163 3 8 240
163 3 9 240
163 3 10 240
163 3 11 240
163 3 12 240
163 3 13 240
163 4 21 160
163 4 22 160
163 5 23 60
163 5 24 60
163 5 25 60
163 6 26 70
163 6 27 70
163 7 28 70
163 7 29 70
163 7 30 70
164 1 2 20
164 1 3 20
164 2 14 50
164 2 15 50
164 2 16 50
164 3 5 240
164 3 6 240
164 3 7 240
164 3 8 240
164 3 9 240
164 3 10 240
164 3 11 240
164 3 12 240
164 3 13 240
164 4 21 160
164 4 22 160
164 5 23 60
164 5 24 60
164 5 25 60
164 6 26 70
164 6 27 70
164 7 28 70
164 7 29 70
164 7 30 70
165 1 2 20
165 1 3 20
165 2 14 50
165 2 15 50
165 2 16 50
165 3 5 240
165 3 6 240
165 3 7 240
165 3 8 240
165 3 9 240
165 3 10 240
165 3 11 240
165 3 12 240
165 3 13 240
165 4 21 160
165 4 22 160
165 5 23 60
165 5 24 60
165 5 25 60
165 6 26 70
165 6 27 70
165 7 28 70
165 7 29 70
165 7 30 70
166 1 2 20
166 1 3 20
166 2 14 50
166 2 15 50
166 2 16 50
166 3 5 240
166 3 6 240
166 3 7 240
166 3 8 240
166 3 9 240
166 3 10 240
166 3 11 240
166 3 12 240
166 3 13 240
166 4 21 160
166 4 22 160
166 5 23 60
166 5 24 60
166 5 25 60
166 6 26 70
166 6 27 70
166 7 28 70
166 7 29 70
166 7 30 70
167 1 2 20
167 1 3 20
167 2 14 50
167 2 15 50
167 2 16 50
167 3 5 240
167 3 6 240
167 3 7 240
167 3 8 240
167 3 9 240
167 3 10 240
167 3 11 240
167 3 12 240
167 3 13 240
167 4 21 160
167 4 22 160
167 5 23 60
167 5 24 60
167 5 25 60
167 6 26 70
167 6 27 70
167 7 28 70
167 7 29 70
167 7 30 70
168 1 2 20
168 1 3 20
168 2 14 50
168 2 15 50
168 2 16 50
168 3 5 240
168 3 6 240
168 3 7 240
168 3 8 240
168 3 9 240
168 3 10 240
168 3 11 240
168 3 12 240
168 3 13 240
168 4 21 160
168 4 22 160
168 5 23 60
168 5 24 60
168 5 25 60
168 6 26 70
168 6 27 70
168 7 28 70
168 7 29 70
168 7 30 70
169 1 2 20
169 1 3 20
169 2 14 50
169 2 15 50
169 2 16 50
169 3 5 240
169 3 6 240
169 3 7 240
169 3 8 240
169 3 9 240
169 3 10 240
169 3 11 240
169 3 12 240
169 3 13 240
169 4 21 160
169 4 22 160
169 5 23 60
169 5 24 60
169 5 25 60
169 6 26 70
169 6 27 70
169 7 28 70
169 7 29 70
169 7 30 70
170 1 2 20
170 1 3 20
170 2 14 50
170 2 15 50
170 2 16 50
170 3 5 240
170 3 6 240
170 3 7 240
170 3 8 240
170 3 9 240
170 3 10 240
170 3 11 240
170 3 12 240
170 3 13 240
170 4 21 160
170 4 22 160
170 5 23 60
170 5 24 60
170 5 25 60
170 6 26 70
170 6 27 70
170 7 28 70
170 7 29 70
170 7 30 70
171 1 2 20
171 1 3 20
171 2 14 50
171 2 15 50
171 2 16 50
171 3 5 240
171 3 6 240
171 3 7 240
171 3 8 240
171 3 9 240
171 3 10 240
171 3 11 240
171 3 12 240
171 3 13 240
171 4 21 160
171 4 22 160
171 5 23 60
171 5 24 60
171 5 25 60
171 6 26 70
171 6 27 70
171 7 28 70
171 7 29 70
171 7 30 70
172 1 2 20
172 1 3 20
172 2 14 50
172 2 15 50
172 2 16 50
172 3 5 240
172 3 6 240
172 3 7 240
172 3 8 240
172 3 9 240
172 3 10 240
172 3 11 240
172 3 12 240
172 3 13 240
172 4 21 160
172 4 22 160
172 5 23 60
172 5 24 60
172 5 25 60
172 6 26 70
172 6 27 70
172 7 28 70
172 7 29 70
172 7 30 70
173 1 2 20
173 1 3 20
173 2 14 50
173 2 15 50
173 2 16 50
173 3 5 240
173 3 6 240
173 3 7 240
173 3 8 240
173 3 9 240
173 3 10 240
173 3 11 240
173 3 12 240
173 3 13 240
173 4 21 160
173 4 22 160
173 5 23 60
173 5 24 60
173 5 25 60
173 6 26 70
173 6 27 70
173 7 28 70
173 7 29 70
173 7 30 70
174 1 2 20
174 1 3 20
174 2 14 50
174 2 15 50
174 2 16 50
174 3 5 240
174 3 6 240
174 3 7 240
174 3 8 240
174 3 9 240
174 3 10 240
174 3 11 240
174 3 12 240
174 3 13 240
174 4 21 160
174 4 22 160
174 5 23 60
174 5 24 60
174 5 25 60
174 6 26 70
174 6 27 70
174 7 28 70
174 7 29 70
174 7 30 70
175 1 2 20
175 1 3 20
175 2 14 50
175 2 15 50
175 2 16 50
175 3 5 240
175 3 6 240
175 3 7 240
175 3 8 240
175 3 9 240
175 3 10 240
175 3 11 240
175 3 12 240
175 3 13 240
175 4 21 160
175 4 22 160
175 5 23 60
175 5 24 60
175 5 25 60
175 6 26 70
175 6 27 70
175 7 28 70
175 7 29 70
175 7 30 70
176 1 2 20
176 1 3 20
176 2 14 50
176 2 15 50
176 2 16 50
176 3 5 240
176 3 6 240
176 3 7 240
176 3 8 240
176 3 9 240
176 3 10 240
176 3 11 240
176 3 12 240
176 3 13 240
176 4 21 160
176 4 22 160
176 5 23 60
176 5 24 60
176 5 25 60
176 6 26 70
176 6 27 70
176 7 28 70
176 7 29 70
176 7 30 70
177 1 2 20
177 1 3 20
177 2 14 50
177 2 15 50
177 2 16 50
177 3 5 240
177 3 6 240
177 3 7 240
177 3 8 240
177 3 9 240
177 3 10 240
177 3 11 240
177 3 12 240
177 3 13 240
177 4 21 160
177 4 22 160
177 5 23 60
177 5 24 60
177 5 25 60
177 6 26 70
177 6 27 70
177 7 28 70
177 7 29 70
177 7 30 70
178 1 2 20
178 1 3 20
178 2 14 50
178 2 15 50
178 2 16 50
178 3 5 240
178 3 6 240
178 3 7 240
178 3 8 240
178 3 9 240
178 3 10 240
178 3 11 240
178 3 12 240
178 3 13 240
178 4 21 160
178 4 22 160
178 5 23 60
178 5 24 60
178 5 25 60
178 6 26 70
178 6 27 70
178 7 28 70
178 7 29 70
178 7 30 70
179 1 2 20
179 1 3 20
179 2 14 50
179 2 15 50
179 2 16 50
179 3 5 240
179 3 6 240
179 3 7 240
179 3 8 240
179 3 9 240
179 3 10 240
179 3 11 240
179 3 12 240
179 3 13 240
179 4 21 160
179 4 22 160
179 5 23 60
179 5 24 60
179 5 25 60
179 6 26 70
179 6 27 70
179 7 28 70
179 7 29 70
179 7 30 70
180 1 2 20
180 1 3 20
180 2 14 50
180 2 15 50
180 2 16 50
180 3 5 240
180 3 6 240
180 3 7 240
180 3 8 240
180 3 9 240
180 3 10 240
180 3 11 240
180 3 12 240
180 3 13 240
180 4 21 160
180 4 22 160
180 5 23 60
180 5 24 60
180 5 25 60
180 6 26 70
180 6 27 70
180 7 28 70
180 7 29 70
180 7 30 70
181 1 2 20
181 1 3 20
181 2 14 50
181 2 15 50
181 2 16 50
181 3 5 240
181 3 6 240
181 3 7 240
181 3 8 240
181 3 9 240
181 3 10 240
181 3 11 240
181 3 12 240
181 3 13 240
181 4 21 160
181 4 22 160
181 5 23 60
181 5 24 60
181 5 25 60
181 6 26 70
181 6 27 70
181 7 28 70
181 7 29 70
181 7 30 70
182 1 2 20
182 1 3 20
182 2 14 50
182 2 15 50
182 2 16 50
182 3 5 240
182 3 6 240
182 3 7 240
182 3 8 240
182 3 9 240
182 3 10 240
182 3 11 240
182 3 12 240
182 3 13 240
182 4 21 160
182 4 22 160
182 5 23 60
182 5 24 60
182 5 25 60
182 6 26 70
182 6 27 70
182 7 28 70
182 7 29 70
182 7 30 70
183 1 2 20
183 1 3 20
183 2 14 50
183 2 15 50
183 2 16 50
183 3 5 240
183 3 6 240
183 3 7 240
183 3 8 240
183 3 9 240
183 3 10 240
183 3 11 240
183 3 12 240
183 3 13 240
183 4 21 160
183 4 22 160
183 5 23 60
183 5 24 60
183 5 25 60
183 6 26 70
183 6 27 70
183 7 28 70
183 7 29 70
183 7 30 70
184 1 2 20
184 1 3 20
184 2 14 50
184 2 15 50
184 2 16 50
184 3 5 240
184 3 6 240
184 3 7 240
184 3 8 240
184 3 9 240
184 3 10 240
184 3 11 240
184 3 12 240
184 3 13 240
184 4 21 160
184 4 22 160
184 5 23 60
184 5 24 60
184 5 25 60
184 6 26 70
184 6 27 70
184 7 28 70
184 7 29 70
184 7 30 70
185 1 2 20
185 1 3 20
185 2 14 50
185 2 15 50
185 2 16 50
185 3 5 240
185 3 6 240
185 3 7 240
185 3 8 240
185 3 9 240
185 3 10 240
185 3 11 240
185 3 12 240
185 3 13 240
185 4 21 160
185 4 22 160
185 5 23 60
185 5 24 60
185 5 25 60
185 6 26 70
185 6 27 70
185 7 28 70
185 7 29 70
185 7 30 70
186 1 2 20
186 1 3 20
186 2 14 50
186 2 15 50
186 2 16 50
186 3 5 240
186 3 6 240
186 3 7 240
186 3 8 240
186 3 9 240
186 3 10 240
186 3 11 240
186 3 12 240
186 3 13 240
186 4 21 160
186 4 22 160
186 5 23 60
186 5 24 60
186 5 25 60
186 6 26 70
186 6 27 70
186 7 28 70
186 7 29 70
186 7 30 70
187 1 2 20
187 1 3 20
187 2 14 50
187 2 15 50
187 2 16 50
187 3 5 240
187 3 6 240
187 3 7 240
187 3 8 240
187 3 9 240
187 3 10 240
187 3 11 240
187 3 12 240
187 3 13 240
187 4 21 160
187 4 22 160
187 5 23 60
187 5 24 60
187 5 25 60
187 6 26 70
187 6 27 70
187 7 28 70
187 7 29 70
187 7 30 70
188 1 2 20
188 1 3 20
188 2 14 50
188 2 15 50
188 2 16 50
188 3 5 240
188 3 6 240
188 3 7 240
188 3 8 240
188 3 9 240
188 3 10 240
188 3 11 240
188 3 12 240
188 3 13 240
188 4 21 160
188 4 22 160
188 5 23 60
188 5 24 60
188 5 25 60
188 6 26 70
188 6 27 70
188 7 28 70
188 7 29 70
188 7 30 70
189 1 2 20
189 1 3 20
189 2 14 50
189 2 15 50
189 2 16 50
189 3 5 240
189 3 6 240
189 3 7 240
189 3 8 240
189 3 9 240
189 3 10 240
189 3 11 240
189 3 12 240
189 3 13 240
189 4 21 160
189 4 22 160
189 5 23 60
189 5 24 60
189 5 25 60
189 6 26 70
189 6 27 70
189 7 28 70
189 7 29 70
189 7 30 70
190 1 2 20
190 1 3 20
190 2 14 50
190 2 15 50
190 2 16 50
190 3 5 240
190 3 6 240
190 3 7 240
190 3 8 240
190 3 9 240
190 3 10 240
190 3 11 240
190 3 12 240
190 3 13 240
190 4 21 160
190 4 22 160
190 5 23 60
190 5 24 60
190 5 25 60
190 6 26 70
190 6 27 70
190 7 28 70
190 7 29 70
190 7 30 70
191 1 2 20
191 1 3 20
191 2 14 50
191 2 15 50
191 2 16 50
191 3 5 240
191 3 6 240
191 3 7 240
191 3 8 240
191 3 9 240
191 3 10 240
191 3 11 240
191 3 12 240
191 3 13 240
191 4 21 160
191 4 22 160
191 5 23 60
191 5 24 60
191 5 25 60
191 6 26 70
191 6 27 70
191 7 28 70
191 7 29 70
191 7 30 70
192 1 2 20
192 1 3 20
192 2 14 50
192 2 15 50
192 2 16 50
192 3 5 240
192 3 6 240
192 3 7 240
192 3 8 240
192 3 9 240
192 3 10 240
192 3 11 240
192 3 12 240
192 3 13 240
192 4 21 160
192 4 22 160
192 5 23 60
192 5 24 60
192 5 25 60
192 6 26 70
192 6 27 70
192 7 28 70
192 7 29 70
192 7 30 70
193 1 2 20
193 1 3 20
193 2 14 50
193 2 15 50
193 2 16 50
193 3 5 240
193 3 6 240
193 3 7 240
193 3 8 240
193 3 9 240
193 3 10 240
193 3 11 240
193 3 12 240
193 3 13 240
193 4 21 160
193 4 22 160
193 5 23 60
193 5 24 60
193 5 25 60
193 6 26 70
193 6 27 70
193 7 28 70
193 7 29 70
193 7 30 70
194 1 2 20
194 1 3 20
194 2 14 50
194 2 15 50
194 2 16 50
194 3 5 240
194 3 6 240
194 3 7 240
194 3 8 240
194 3 9 240
194 3 10 240
194 3 11 240
194 3 12 240
194 3 13 240
194 4 21 160
194 4 22 160
194 5 23 60
194 5 24 60
194 5 25 60
194 6 26 70
194 6 27 70
194 7 28 70
194 7 29 70
194 7 30 70
195 1 2 20
195 1 3 20
195 2 14 50
195 2 15 50
195 2 16 50
195 3 5 240
195 3 6 240
195 3 7 240
195 3 8 240
195 3 9 240
195 3 10 240
195 3 11 240
195 3 12 240
195 3 13 240
195 4 21 160
195 4 22 160
195 5 23 60
195 5 24 60
195 5 25 60
195 6 26 70
195 6 27 70
195 7 28 70
195 7 29 70
195 7 30 70
196 1 2 20
196 1 3 20
196 2 14 50
196 2 15 50
196 2 16 50
196 3 5 240
196 3 6 240
196 3 7 240
196 3 8 240
196 3 9 240
196 3 10 240
196 3 11 240
196 3 12 240
196 3 13 240
196 4 21 160
196 4 22 160
196 5 23 60
196 5 24 60
196 5 25 60
196 6 26 70
196 6 27 70
196 7 28 70
196 7 29 70
196 7 30 70
197 1 2 20
197 1 3 20
197 2 14 50
197 2 15 50
197 2 16 50
197 3 5 240
197 3 6 240
197 3 7 240
197 3 8 240
197 3 9 240
197 3 10 240
197 3 11 240
197 3 12 240
197 3 13 240
197 4 21 160
197 4 22 160
197 5 23 60
197 5 24 60
197 5 25 60
197 6 26 70
197 6 27 70
197 7 28 70
197 7 29 70
197 7 30 70
198 1 2 20
198 1 3 20
198 2 14 50
198 2 15 50
198 2 16 50
198 3 5 240
198 3 6 240
198 3 7 240
198 3 8 240
198 3 9 240
198 3 10 240
198 3 11 240
198 3 12 240
198 3 13 240
198 4 21 160
198 4 22 160
198 5 23 60
198 5 24 60
198 5 25 60
198 6 26 70
198 6 27 70
198 7 28 70
198 7 29 70
198 7 30 70
199 1 2 20
199 1 3 20
199 2 14 50
199 2 15 50
199 2 16 50
199 3 5 240
199 3 6 240
199 3 7 240
199 3 8 240
199 3 9 240
199 3 10 240
199 3 11 240
199 3 12 240
199 3 13 240
199 4 21 160
199 4 22 160
199 5 23 60
199 5 24 60
199 5 25 60
199 6 26 70
199 6 27 70
199 7 28 70
199 7 29 70
199 7 30 70
200 1 2 20
200 1 3 20
200 2 14 50
200 2 15 50
200 2 16 50
200 3 5 240
200 3 6 240
200 3 7 240
200 3 8 240
200 3 9 240
200 3 10 240
200 3 11 240
200 3 12 240
200 3 13 240
200 4 21 160
200 4 22 160
200 5 23 60
200 5 24 60
200 5 25 60
200 6 26 70
200 6 27 70
200 7 28 70
200 7 29 70
200 7 30 70
201 1 2 20
201 1 3 20
201 2 14 50
201 2 15 50
201 2 16 50
201 3 5 240
201 3 6 240
201 3 7 240
201 3 8 240
201 3 9 240
201 3 10 240
201 3 11 240
201 3 12 240
201 3 13 240
201 4 21 160
201 4 22 160
201 5 23 60
201 5 24 60
201 5 25 60
201 6 26 70
201 6 27 70
201 7 28 70
201 7 29 70
201 7 30 70
202 1 2 20
202 1 3 20
202 2 14 50
202 2 15 50
202 2 16 50
202 3 5 240
202 3 6 240
202 3 7 240
202 3 8 240
202 3 9 240
202 3 10 240
202 3 11 240
202 3 12 240
202 3 13 240
202 4 21 160
202 4 22 160
202 5 23 60
202 5 24 60
202 5 25 60
202 6 26 70
202 6 27 70
202 7 28 70
202 7 29 70
202 7 30 70
203 1 2 20
203 1 3 20
203 2 14 50
203 2 15 50
203 2 16 50
203 3 5 240
203 3 6 240
203 3 7 240
203 3 8 240
203 3 9 240
203 3 10 240
203 3 11 240
203 3 12 240
203 3 13 240
203 4 21 160
203 4 22 160
203 5 23 60
203 5 24 60
203 5 25 60
203 6 26 70
203 6 27 70
203 7 28 70
203 7 29 70
203 7 30 70
204 1 2 20
204 1 3 20
204 2 14 50
204 2 15 50
204 2 16 50
204 3 5 240
204 3 6 240
204 3 7 240
204 3 8 240
204 3 9 240
204 3 10 240
204 3 11 240
204 3 12 240
204 3 13 240
204 4 21 160
204 4 22 160
204 5 23 60
204 5 24 60
204 5 25 60
204 6 26 70
204 6 27 70
204 7 28 70
204 7 29 70
204 7 30 70
205 1 2 20
205 1 3 20
205 2 14 50
205 2 15 50
205 2 16 50
205 3 5 240
205 3 6 240
205 3 7 240
205 3 8 240
205 3 9 240
205 3 10 240
205 3 11 240
205 3 12 240
205 3 13 240
205 4 21 160
205 4 22 160
205 5 23 60
205 5 24 60
205 5 25 60
205 6 26 70
205 6 27 70
205 7 28 70
205 7 29 70
205 7 30 70
206 1 2 20
206 1 3 20
206 2 14 50
206 2 15 50
206 2 16 50
206 3 5 240
206 3 6 240
206 3 7 240
206 3 8 240
206 3 9 240
206 3 10 240
206 3 11 240
206 3 12 240
206 3 13 240
206 4 21 160
206 4 22 160
206 5 23 60
206 5 24 60
206 5 25 60
206 6 26 70
206 6 27 70
206 7 28 70
206 7 29 70
206 7 30 70
207 1 2 20
207 1 3 20
207 2 14 50
207 2 15 50
207 2 16 50
207 3 5 240
207 3 6 240
207 3 7 240
207 3 8 240
207 3 9 240
207 3 10 240
207 3 11 240
207 3 12 240
207 3 13 240
207 4 21 160
207 4 22 160
207 5 23 60
207 5 24 60
207 5 25 60
207 6 26 70
207 6 27 70
207 7 28 70
207 7 29 70
207 7 30 70
208 1 2 20
208 1 3 20
208 2 14 50
208 2 15 50
208 2 16 50
208 3 5 240
208 3 6 240
208 3 7 240
208 3 8 240
208 3 9 240
208 3 10 240
208 3 11 240
208 3 12 240
208 3 13 240
208 4 21 160
208 4 22 160
208 5 23 60
208 5 24 60
208 5 25 60
208 6 26 70
208 6 27 70
208 7 28 70
208 7 29 70
208 7 30 70
209 1 2 20
209 1 3 20
209 2 14 50
209 2 15 50
209 2 16 50
209 3 5 240
209 3 6 240
209 3 7 240
209 3 8 240
209 3 9 240
209 3 10 240
209 3 11 240
209 3 12 240
209 3 13 240
209 4 21 160
209 4 22 160
209 5 23 60
209 5 24 60
209 5 25 60
209 6 26 70
209 6 27 70
209 7 28 70
209 7 29 70
209 7 30 70
210 1 2 20
210 1 3 20
210 2 14 50
210 2 15 50
210 2 16 50
210 3 5 240
210 3 6 240
210 3 7 240
210 3 8 240
210 3 9 240
210 3 10 240
210 3 11 240
210 3 12 240
210 3 13 240
210 4 21 160
210 4 22 160
210 5 23 60
210 5 24 60
210 5 25 60
210 6 26 70
210 6 27 70
210 7 28 70
210 7 29 70
210 7 30 70
