384
30
6 6 6 6 6 6 6 6 6 6 6 6 6 6 6 6 6 6 6 6 6 6 6 6 6 6 6 6 6 6 6 6 6 6 6 6 6 6 6 6 6 6 6 6 6 6 6 6 6 6 6 6 6 6 6 6 6 6 6 6 6 6 6 6 6 6 6 6 6 6 6 6 6 6 6 6 6 6 6 6 6 6 6 6 6 6 6 6 6 6 6 6 6 6 6 6 6 6 6 6 6 6 6 6 6 6 6 6 6 6 6 6 6 6 6 6 6 6 6 6 6 6 6 6 6 6 6 6 3 3 3 3 3 3 3 3 3 3 3 3 3 3 3 3 3 3 3 3 3 3 3 3 3 3 3 3 3 3 3 3 3 3 3 3 3 3 3 3 3 3 3 3 3 3 3 3 3 3 3 3 3 3 3 3 3 3 3 3 3 3 3 3 3 3 3 3 3 3 3 3 3 3 3 3 3 3 3 3 3 3 3 3 3 3 3 3 3 3 3 3 3 3 3 3 3 3 3 3 3 3 3 3 3 3 3 3 3 3 3 3 3 3 3 3 3 3 3 3 3 3 3 3 3 3 3 3 3 3 3 3 3 3 3 3 3 3 3 3 3 3 3 3 3 3 3 3 3 3 3 3 3 3 3 3 3 3 3 3 3 3 3 3 3 3 3 3 3 3 3 3 3 3 3 3 3 3 3 3 3 3 3 3 3 3 3 3 3 3 3 3 3 3 3 3 3 3 3 3 3 3 3 3 3 3 3 3 3 3 3 3 3 3 3 3 3 3 3 3 3 3 3 3 3 3 3 3 3 3 3 3 3 3 3 3 3 3 3 3 3 3 3 3 3 3 3 3 3 3 3 3 3 3 3 3
28800 28800 28800 28800 28800 28800 28800 28800 28800 28800 28800 28800 28800 28800 28800 28800 28800 28800 28800 28800 28800 28800 28800 28800 28800 28800 28800 28800 28800 28800 28800 28800 28800 28800 28800 28800 28800 28800 28800 28800 28800 28800 28800 28800 28800 28800 28800 28800 28800 28800 28800 28800 28800 28800 28800 28800 28800 28800 28800 28800 28800 28800 28800 28800 28800 28800 28800 28800 28800 28800 28800 28800 28800 28800 28800 28800 28800 28800 28800 28800 28800 28800 28800 28800 28800 28800 28800 28800 28800 28800 28800 28800 28800 28800 28800 28800 28800 28800 28800 28800 28800 28800 28800 28800 28800 28800 28800 28800 28800 28800 28800 28800 28800 28800 28800 28800 28800 28800 28800 28800 28800 28800 28800 28800 28800 28800 28800 28800 28800 28800 28800 28800 28800 28800 28800 28800 28800 28800 28800 28800 28800 28800 28800 28800 28800 28800 28800 28800 28800 28800 28800 28800 28800 28800 28800 28800 28800 28800 28800 28800 28800 28800 28800 28800 28800 28800 28800 28800 28800 28800 28800 28800 28800 28800 28800 28800 28800 28800 28800 28800 28800 28800 28800 28800 28800 28800 28800 28800 28800 28800 28800 28800 28800 28800 28800 28800 28800 28800 28800 28800 28800 28800 28800 28800 28800 28800 28800 28800 28800 28800 28800 28800 28800 28800 28800 28800 28800 28800 28800 28800 28800 28800 28800 28800 28800 28800 28800 28800 28800 28800 28800 28800 28800 28800 28800 28800 28800 28800 28800 28800 28800 28800 28800 28800 28800 28800 28800 28800 28800 28800 28800 28800 28800 28800 28800 28800 28800 28800 28800 28800 28800 28800 28800 28800 28800 28800 28800 28800 28800 28800 28800 28800 28800 28800 28800 28800 28800 28800 28800 28800 28800 28800 28800 28800 28800 28800 28800 28800 28800 28800 28800 28800 28800 28800 28800 28800 28800 28800 28800 28800 28800 28800 28800 28800 28800 28800 28800 28800 28800 28800 28800 28800 28800 28800 28800 28800 28800 28800 28800 28800 28800 28800 28800 28800 28800 28800 28800 28800 28800 28800 28800 28800 28800 28800 28800 28800 28800 28800 28800 28800 28800 28800 28800 28800 28800 28800 28800 28800 28800 28800 28800 28800 28800 28800 28800 28800 28800 28800 28800 28800 28800 28800 28800 28800 28800 28800 28800 28800 28800 28800 28800 28800 28800 28800 28800 28800 28800 28800 28800 28800 28800 28800 28800 28800
1 1 4 20
1 2 14 140
1 2 15 140
1 2 16 140
1 3 21 410
1 3 22 410
1 4 23 110
1 4 24 110
1 4 25 110
1 5 26 270
1 5 27 270
1 6 28 180
1 6 29 180
1 6 30 180
2 1 4 20
2 2 14 140
2 2 15 140
2 2 16 140
2 3 21 410
2 3 22 410
2 4 23 110
2 4 24 110
2 4 25 110
2 5 26 270
2 5 27 270
2 6 28 180
2 6 29 180
2 6 30 180
3 1 4 20
3 2 14 140
3 2 15 140
3 2 16 140
3 3 21 410
3 3 22 410
3 4 23 110
3 4 24 110
3 4 25 110
3 5 26 270
3 5 27 270
3 6 28 180
3 6 29 180
3 6 30 180
4 1 4 20
4 2 14 140
4 2 15 140
4 2 16 140
4 3 21 410
4 3 22 410
4 4 23 110
4 4 24 110
4 4 25 110
4 5 26 270
4 5 27 270
4 6 28 180
4 6 29 180
4 6 30 180
5 1 4 20
5 2 14 140
5 2 15 140
5 2 16 140
5 3 21 410
5 3 22 410
5 4 23 110
5 4 24 110
5 4 25 110
5 5 26 270
5 5 27 270
5 6 28 180
5 6 29 180
5 6 30 180
6 1 4 20
6 2 14 140
6 2 15 140
6 2 16 140
6 3 21 410
6 3 22 410
6 4 23 110
6 4 24 110
6 4 25 110
6 5 26 270
6 5 27 270
6 6 28 180
6 6 29 180
6 6 30 180
7 1 4 20
7 2 14 140
7 2 15 140
7 2 16 140
7 3 21 410
7 3 22 410
7 4 23 110
7 4 24 110
7 4 25 110
7 5 26 270
7 5 27 270
7 6 28 180
7 6 29 180
7 6 30 180
8 1 4 20
8 2 14 140
8 2 15 140
8 2 16 140
8 3 21 410
8 3 22 410
8 4 23 110
8 4 24 110
8 4 25 110
8 5 26 270
8 5 27 270
8 6 28 180
8 6 29 180
8 6 30 180
9 1 4 20
9 2 14 140
9 2 15 140
9 2 16 140
9 3 21 410
9 3 22 410
9 4 23 110
9 4 24 110
9 4 25 110
9 5 26 270
9 5 27 270
9 6 28 180
9 6 29 180
9 6 30 180
10 1 4 20
10 2 14 140
10 2 15 140
10 2 16 140
10 3 21 410
10 3 22 410
10 4 23 110
10 4 24 110
10 4 25 110
10 5 26 270
10 5 27 270
10 6 28 180
10 6 29 180
10 6 30 180
11 1 4 20
11 2 14 140
11 2 15 140
11 2 16 140
11 3 21 410
11 3 22 410
11 4 23 110
11 4 24 110
11 4 25 110
11 5 26 270
11 5 27 270
11 6 28 180
11 6 29 180
11 6 30 180
12 1 4 20
12 2 14 140
12 2 15 140
12 2 16 140
12 3 21 410
12 3 22 410
12 4 23 110
12 4 24 110
12 4 25 110
12 5 26 270
12 5 27 270
12 6 28 180
12 6 29 180
12 6 30 180
13 1 4 20
13 2 14 140
13 2 15 140
13 2 16 140
13 3 21 410
13 3 22 410
13 4 23 110
13 4 24 110
13 4 25 110
13 5 26 270
13 5 27 270
13 6 28 180
13 6 29 180
13 6 30 180
14 1 4 20
14 2 14 140
14 2 15 140
14 2 16 140
14 3 21 410
14 3 22 410
14 4 23 110
14 4 24 110
14 4 25 110
14 5 26 270
14 5 27 270
14 6 28 180
14 6 29 180
14 6 30 180
15 1 4 20
15 2 14 140
15 2 15 140
15 2 16 140
15 3 21 410
15 3 22 410
15 4 23 110
15 4 24 110
15 4 25 110
15 5 26 270
15 5 27 270
15 6 28 180
15 6 29 180
15 6 30 180
16 1 4 20
16 2 14 140
16 2 15 140
16 2 16 140
16 3 21 410
16 3 22 410
16 4 23 110
16 4 24 110
16 4 25 110
16 5 26 270
16 5 27 270
16 6 28 180
16 6 29 180
16 6 30 180
17 1 4 20
17 2 14 140
17 2 15 140
17 2 16 140
17 3 21 410
17 3 22 410
17 4 23 110
17 4 24 110
17 4 25 110
17 5 26 270
17 5 27 270
17 6 28 180
17 6 29 180
17 6 30 180
18 1 4 20
18 2 14 140
18 2 15 140
18 2 16 140
18 3 21 410
18 3 22 410
18 4 23 110
18 4 24 110
18 4 25 110
18 5 26 270
18 5 27 270
18 6 28 180
18 6 29 180
18 6 30 180
19 1 4 20
19 2 14 140
19 2 15 140
19 2 16 140
19 3 21 410
19 3 22 410
19 4 23 110
19 4 24 110
19 4 25 110
19 5 26 270
19 5 27 270
19 6 28 180
19 6 29 180
19 6 30 180
20 1 4 20
20 2 14 140
20 2 15 140
20 2 16 140
20 3 21 410
20 3 22 410
20 4 23 110
20 4 24 110
20 4 25 110
20 5 26 270
20 5 27 270
20 6 28 180
20 6 29 180
20 6 30 180
21 1 4 20
21 2 14 140
21 2 15 140
21 2 16 140
21 3 21 410
21 3 22 410
21 4 23 110
21 4 24 110
21 4 25 110
21 5 26 270
21 5 27 270
21 6 28 180
21 6 29 180
21 6 30 180
22 1 4 20
22 2 14 140
22 2 15 140
22 2 16 140
22 3 21 410
22 3 22 410
22 4 23 110
22 4 24 110
22 4 25 110
22 5 26 270
22 5 27 270
22 6 28 180
22 6 29 180
22 6 30 180
23 1 4 20
23 2 14 140
23 2 15 140
23 2 16 140
23 3 21 410
23 3 22 410
23 4 23 110
23 4 24 110
23 4 25 110
23 5 26 270
23 5 27 270
23 6 28 180
23 6 29 180
23 6 30 180
24 1 4 20
24 2 14 140
24 2 15 140
24 2 16 140
24 3 21 410
24 3 22 410
24 4 23 110
24 4 24 110
24 4 25 110
24 5 26 270
24 5 27 270
24 6 28 180
24 6 29 180
24 6 30 180
25 1 4 20
25 2 14 140
25 2 15 140
25 2 16 140
25 3 21 410
25 3 22 410
25 4 23 110
25 4 24 110
25 4 25 110
25 5 26 270
25 5 27 270
25 6 28 180
25 6 29 180
25 6 30 180
26 1 4 20
26 2 14 140
26 2 15 140
26 2 16 140
26 3 21 410
26 3 22 410
26 4 23 110
26 4 24 110
26 4 25 110
26 5 26 270
26 5 27 270
26 6 28 180
26 6 29 180
26 6 30 180
27 1 4 20
27 2 14 140
27 2 15 140
27 2 16 140
27 3 21 410
27 3 22 410
27 4 23 110
27 4 24 110
27 4 25 110
27 5 26 270
27 5 27 270
27 6 28 180
27 6 29 180
27 6 30 180
28 1 4 20
28 2 14 140
28 2 15 140
28 2 16 140
28 3 21 410
28 3 22 410
28 4 23 110
28 4 24 110
28 4 25 110
28 5 26 270
28 5 27 270
28 6 28 180
28 6 29 180
28 6 30 180
29 1 4 20
29 2 14 140
29 2 15 140
29 2 16 140
29 3 21 410
29 3 22 410
29 4 23 110
29 4 24 110
29 4 25 110
29 5 26 270
29 5 27 270
29 6 28 180
29 6 29 180
29 6 30 180
30 1 4 20
30 2 14 140
30 2 15 140
30 2 16 140
30 3 21 410
30 3 22 410
30 4 23 110
30 4 24 110
30 4 25 110
30 5 26 270
30 5 27 270
30 6 28 180
30 6 29 180
30 6 30 180
31 1 4 20
31 2 14 140
31 2 15 140
31 2 16 140
31 3 21 410
31 3 22 410
31 4 23 110
31 4 24 110
31 4 25 110
31 5 26 270
31 5 27 270
31 6 28 180
31 6 29 180
31 6 30 180
32 1 4 20
32 2 14 140
32 2 15 140
32 2 16 140
32 3 21 410
32 3 22 410
32 4 23 110
32 4 24 110
32 4 25 110
32 5 26 270
32 5 27 270
32 6 28 180
32 6 29 180
32 6 30 180
33 1 4 20
33 2 14 140
33 2 15 140
33 2 16 140
33 3 21 410
33 3 22 410
33 4 23 110
33 4 24 110
33 4 25 110
33 5 26 270
33 5 27 270
33 6 28 180
33 6 29 180
33 6 30 180
34 1 4 20
34 2 14 140
34 2 15 140
34 2 16 140
34 3 21 410
34 3 22 410
34 4 23 110
34 4 24 110
34 4 25 110
34 5 26 270
34 5 27 270
34 6 28 180
34 6 29 180
34 6 30 180
35 1 4 20
35 2 14 140
35 2 15 140
35 2 16 140
35 3 21 410
35 3 22 410
35 4 23 110
35 4 24 110
35 4 25 110
35 5 26 270
35 5 27 270
35 6 28 180
35 6 29 180
35 6 30 180
36 1 4 20
36 2 14 140
36 2 15 140
36 2 16 140
36 3 21 410
36 3 22 410
36 4 23 110
36 4 24 110
36 4 25 110
36 5 26 270
36 5 27 270
36 6 28 180
36 6 29 180
36 6 30 180
37 1 4 20
37 2 14 140
37 2 15 140
37 2 16 140
37 3 21 410
37 3 22 410
37 4 23 110
37 4 24 110
37 4 25 110
37 5 26 270
37 5 27 270
37 6 28 180
37 6 29 180
37 6 30 180
38 1 4 20
38 2 14 140
38 2 15 140
38 2 16 140
38 3 21 410
38 3 22 410
38 4 23 110
38 4 24 110
38 4 25 110
38 5 26 270
38 5 27 270
38 6 28 180
38 6 29 180
38 6 30 180
39 1 4 20
39 2 14 140
39 2 15 140
39 2 16 140
39 3 21 410
39 3 22 410
39 4 23 110
39 4 24 110
39 4 25 110
39 5 26 270
39 5 27 270
39 6 28 180
39 6 29 180
39 6 30 180
40 1 4 20
40 2 14 140
40 2 15 140
40 2 16 140
40 3 21 410
40 3 22 410
40 4 23 110
40 4 24 110
40 4 25 110
40 5 26 270
40 5 27 270
40 6 28 180
40 6 29 180
40 6 30 180
41 1 4 20
41 2 14 140
41 2 15 140
41 2 16 140
41 3 21 410
41 3 22 410
41 4 23 110
41 4 24 110
41 4 25 110
41 5 26 270
41 5 27 270
41 6 28 180
41 6 29 180
41 6 30 180
42 1 4 20
42 2 14 140
42 2 15 140
42 2 16 140
42 3 21 410
42 3 22 410
42 4 23 110
42 4 24 110
42 4 25 110
42 5 26 270
42 5 27 270
42 6 28 180
42 6 29 180
42 6 30 180
43 1 4 20
43 2 14 140
43 2 15 140
43 2 16 140
43 3 21 410
43 3 22 410
43 4 23 110
43 4 24 110
43 4 25 110
43 5 26 270
43 5 27 270
43 6 28 180
43 6 29 180
43 6 30 180
44 1 4 20
44 2 14 140
44 2 15 140
44 2 16 140
44 3 21 410
44 3 22 410
44 4 23 110
44 4 24 110
44 4 25 110
44 5 26 270
44 5 27 270
44 6 28 180
44 6 29 180
44 6 30 180
45 1 4 20
45 2 14 140
45 2 15 140
45 2 16 140
45 3 21 410
45 3 22 410
45 4 23 110
45 4 24 110
45 4 25 110
45 5 26 270
45 5 27 270
45 6 28 180
45 6 29 180
45 6 30 180
46 1 4 20
46 2 14 140
46 2 15 140
46 2 16 140
46 3 21 410
46 3 22 410
46 4 23 110
46 4 24 110
46 4 25 110
46 5 26 270
46 5 27 270
46 6 28 180
46 6 29 180
46 6 30 180
47 1 4 20
47 2 14 140
47 2 15 140
47 2 16 140
47 3 21 410
47 3 22 410
47 4 23 110
47 4 24 110
47 4 25 110
47 5 26 270
47 5 27 270
47 6 28 180
47 6 29 180
47 6 30 180
48 1 4 20
48 2 14 140
48 2 15 140
48 2 16 140
48 3 21 410
48 3 22 410
48 4 23 110
48 4 24 110
48 4 25 110
48 5 26 270
48 5 27 270
48 6 28 180
48 6 29 180
48 6 30 180
49 1 4 20
49 2 14 140
49 2 15 140
49 2 16 140
49 3 21 410
49 3 22 410
49 4 23 110
49 4 24 110
49 4 25 110
49 5 26 270
49 5 27 270
49 6 28 180
49 6 29 180
49 6 30 180
50 1 4 20
50 2 14 140
50 2 15 140
50 2 16 140
50 3 21 410
50 3 22 410
50 4 23 110
50 4 24 110
50 4 25 110
50 5 26 270
50 5 27 270
50 6 28 180
50 6 29 180
50 6 30 180
51 1 4 20
51 2 14 140
51 2 15 140
51 2 16 140
51 3 21 410
51 3 22 410
51 4 23 110
51 4 24 110
51 4 25 110
51 5 26 270
51 5 27 270
51 6 28 180
51 6 29 180
51 6 30 180
52 1 4 20
52 2 14 140
52 2 15 140
52 2 16 140
52 3 21 410
52 3 22 410
52 4 23 110
52 4 24 110
52 4 25 110
52 5 26 270
52 5 27 270
52 6 28 180
52 6 29 180
52 6 30 180
53 1 4 20
53 2 14 140
53 2 15 140
53 2 16 140
53 3 21 410
53 3 22 410
53 4 23 110
53 4 24 110
53 4 25 110
53 5 26 270
53 5 27 270
53 6 28 180
53 6 29 180
53 6 30 180
54 1 4 20
54 2 14 140
54 2 15 140
54 2 16 140
54 3 21 410
54 3 22 410
54 4 23 110
54 4 24 110
54 4 25 110
54 5 26 270
54 5 27 270
54 6 28 180
54 6 29 180
54 6 30 180
55 1 4 20
55 2 14 140
55 2 15 140
55 2 16 140
55 3 21 410
55 3 22 410
55 4 23 110
55 4 24 110
55 4 25 110
55 5 26 270
55 5 27 270
55 6 28 180
55 6 29 180
55 6 30 180
56 1 4 20
56 2 14 140
56 2 15 140
56 2 16 140
56 3 21 410
56 3 22 410
56 4 23 110
56 4 24 110
56 4 25 110
56 5 26 270
56 5 27 270
56 6 28 180
56 6 29 180
56 6 30 180
57 1 4 20
57 2 14 140
57 2 15 140
57 2 16 140
57 3 21 410
57 3 22 410
57 4 23 110
57 4 24 110
57 4 25 110
57 5 26 270
57 5 27 270
57 6 28 180
57 6 29 180
57 6 30 180
58 1 4 20
58 2 14 140
58 2 15 140
58 2 16 140
58 3 21 410
58 3 22 410
58 4 23 110
58 4 24 110
58 4 25 110
58 5 26 270
58 5 27 270
58 6 28 180
58 6 29 180
58 6 30 180
59 1 4 20
59 2 14 140
59 2 15 140
59 2 16 140
59 3 21 410
59 3 22 410
59 4 23 110
59 4 24 110
59 4 25 110
59 5 26 270
59 5 27 270
59 6 28 180
59 6 29 180
59 6 30 180
60 1 4 20
60 2 14 140
60 2 15 140
60 2 16 140
60 3 21 410
60 3 22 410
60 4 23 110
60 4 24 110
60 4 25 110
60 5 26 270
60 5 27 270
60 6 28 180
60 6 29 180
60 6 30 180
61 1 4 20
61 2 14 140
61 2 15 140
61 2 16 140
61 3 21 410
61 3 22 410
61 4 23 110
61 4 24 110
61 4 25 110
61 5 26 270
61 5 27 270
61 6 28 180
61 6 29 180
61 6 30 180
62 1 4 20
62 2 14 140
62 2 15 140
62 2 16 140
62 3 21 410
62 3 22 410
62 4 23 110
62 4 24 110
62 4 25 110
62 5 26 270
62 5 27 270
62 6 28 180
62 6 29 180
62 6 30 180
63 1 4 20
63 2 14 140
63 2 15 140
63 2 16 140
63 3 21 410
63 3 22 410
63 4 23 110
63 4 24 110
63 4 25 110
63 5 26 270
63 5 27 270
63 6 28 180
63 6 29 180
63 6 30 180
64 1 4 20
64 2 14 140
64 2 15 140
64 2 16 140
64 3 21 410
64 3 22 410
64 4 23 110
64 4 24 110
64 4 25 110
64 5 26 270
64 5 27 270
64 6 28 180
64 6 29 180
64 6 30 180
65 1 4 20
65 2 14 140
65 2 15 140
65 2 16 140
65 3 21 410
65 3 22 410
65 4 23 110
65 4 24 110
65 4 25 110
65 5 26 270
65 5 27 270
65 6 28 180
65 6 29 180
65 6 30 180
66 1 4 20
66 2 14 140
66 2 15 140
66 2 16 140
66 3 21 410
66 3 22 410
66 4 23 110
66 4 24 110
66 4 25 110
66 5 26 270
66 5 27 270
66 6 28 180
66 6 29 180
66 6 30 180
67 1 4 20
67 2 14 140
67 2 15 140
67 2 16 140
67 3 21 410
67 3 22 410
67 4 23 110
67 4 24 110
67 4 25 110
67 5 26 270
67 5 27 270
67 6 28 180
67 6 29 180
67 6 30 180
68 1 4 20
68 2 14 140
68 2 15 140
68 2 16 140
68 3 21 410
68 3 22 410
68 4 23 110
68 4 24 110
68 4 25 110
68 5 26 270
68 5 27 270
68 6 28 180
68 6 29 180
68 6 30 180
69 1 4 20
69 2 14 140
69 2 15 140
69 2 16 140
69 3 21 410
69 3 22 410
69 4 23 110
69 4 24 110
69 4 25 110
69 5 26 270
69 5 27 270
69 6 28 180
69 6 29 180
69 6 30 180
70 1 4 20
70 2 14 140
70 2 15 140
70 2 16 140
70 3 21 410
70 3 22 410
70 4 23 110
70 4 24 110
70 4 25 110
70 5 26 270
70 5 27 270
70 6 28 180
70 6 29 180
70 6 30 180
71 1 4 20
71 2 14 140
71 2 15 140
71 2 16 140
71 3 21 410
71 3 22 410
71 4 23 110
71 4 24 110
71 4 25 110
71 5 26 270
71 5 27 270
71 6 28 180
71 6 29 180
71 6 30 180
72 1 4 20
72 2 14 140
72 2 15 140
72 2 16 140
72 3 21 410
72 3 22 410
72 4 23 110
72 4 24 110
72 4 25 110
72 5 26 270
72 5 27 270
72 6 28 180
72 6 29 180
72 6 30 180
73 1 4 20
73 2 14 140
73 2 15 140
73 2 16 140
73 3 21 410
73 3 22 410
73 4 23 110
73 4 24 110
73 4 25 110
73 5 26 270
73 5 27 270
73 6 28 180
73 6 29 180
73 6 30 180
74 1 4 20
74 2 14 140
74 2 15 140
74 2 16 140
74 3 21 410
74 3 22 410
74 4 23 110
74 4 24 110
74 4 25 110
74 5 26 270
74 5 27 270
74 6 28 180
74 6 29 180
74 6 30 180
75 1 4 20
75 2 14 140
75 2 15 140
75 2 16 140
75 3 21 410
75 3 22 410
75 4 23 110
75 4 24 110
75 4 25 110
75 5 26 270
75 5 27 270
75 6 28 180
75 6 29 180
75 6 30 180
76 1 4 20
76 2 14 140
76 2 15 140
76 2 16 140
76 3 21 410
76 3 22 410
76 4 23 110
76 4 24 110
76 4 25 110
76 5 26 270
76 5 27 270
76 6 28 180
76 6 29 180
76 6 30 180
77 1 4 20
77 2 14 140
77 2 15 140
77 2 16 140
77 3 21 410
77 3 22 410
77 4 23 110
77 4 24 110
77 4 25 110
77 5 26 270
77 5 27 270
77 6 28 180
77 6 29 180
77 6 30 180
78 1 4 20
78 2 14 140
78 2 15 140
78 2 16 140
78 3 21 410
78 3 22 410
78 4 23 110
78 4 24 110
78 4 25 110
78 5 26 270
78 5 27 270
78 6 28 180
78 6 29 180
78 6 30 180
79 1 4 20
79 2 14 140
79 2 15 140
79 2 16 140
79 3 21 410
79 3 22 410
79 4 23 110
79 4 24 110
79 4 25 110
79 5 26 270
79 5 27 270
79 6 28 180
79 6 29 180
79 6 30 180
80 1 4 20
80 2 14 140
80 2 15 140
80 2 16 140
80 3 21 410
80 3 22 410
80 4 23 110
80 4 24 110
80 4 25 110
80 5 26 270
80 5 27 270
80 6 28 180
80 6 29 180
80 6 30 180
81 1 4 20
81 2 14 140
81 2 15 140
81 2 16 140
81 3 21 410
81 3 22 410
81 4 23 110
81 4 24 110
81 4 25 110
81 5 26 270
81 5 27 270
81 6 28 180
81 6 29 180
81 6 30 180
82 1 4 20
82 2 14 140
82 2 15 140
82 2 16 140
82 3 21 410
82 3 22 410
82 4 23 110
82 4 24 110
82 4 25 110
82 5 26 270
82 5 27 270
82 6 28 180
82 6 29 180
82 6 30 180
83 1 4 20
83 2 14 140
83 2 15 140
83 2 16 140
83 3 21 410
83 3 22 410
83 4 23 110
83 4 24 110
83 4 25 110
83 5 26 270
83 5 27 270
83 6 28 180
83 6 29 180
83 6 30 180
84 1 4 20
84 2 14 140
84 2 15 140
84 2 16 140
84 3 21 410
84 3 22 410
84 4 23 110
84 4 24 110
84 4 25 110
84 5 26 270
84 5 27 270
84 6 28 180
84 6 29 180
84 6 30 180
85 1 4 20
85 2 14 140
85 2 15 140
85 2 16 140
85 3 21 410
85 3 22 410
85 4 23 110
85 4 24 110
85 4 25 110
85 5 26 270
85 5 27 270
85 6 28 180
85 6 29 180
85 6 30 180
86 1 4 20
86 2 14 140
86 2 15 140
86 2 16 140
86 3 21 410
86 3 22 410
86 4 23 110
86 4 24 110
86 4 25 110
86 5 26 270
86 5 27 270
86 6 28 180
86 6 29 180
86 6 30 180
87 1 4 20
87 2 14 140
87 2 15 140
87 2 16 140
87 3 21 410
87 3 22 410
87 4 23 110
87 4 24 110
87 4 25 110
87 5 26 270
87 5 27 270
87 6 28 180
87 6 29 180
87 6 30 180
88 1 4 20
88 2 14 140
88 2 15 140
88 2 16 140
88 3 21 410
88 3 22 410
88 4 23 110
88 4 24 110
88 4 25 110
88 5 26 270
88 5 27 270
88 6 28 180
88 6 29 180
88 6 30 180
89 1 4 20
89 2 14 140
89 2 15 140
89 2 16 140
89 3 21 410
89 3 22 410
89 4 23 110
89 4 24 110
89 4 25 110
89 5 26 270
89 5 27 270
89 6 28 180
89 6 29 180
89 6 30 180
90 1 4 20
90 2 14 140
90 2 15 140
90 2 16 140
90 3 21 410
90 3 22 410
90 4 23 110
90 4 24 110
90 4 25 110
90 5 26 270
90 5 27 270
90 6 28 180
90 6 29 180
90 6 30 180
91 1 4 20
91 2 14 140
91 2 15 140
91 2 16 140
91 3 21 410
91 3 22 410
91 4 23 110
91 4 24 110
91 4 25 110
91 5 26 270
91 5 27 270
91 6 28 180
91 6 29 180
91 6 30 180
92 1 4 20
92 2 14 140
92 2 15 140
92 2 16 140
92 3 21 410
92 3 22 410
92 4 23 110
92 4 24 110
92 4 25 110
92 5 26 270
92 5 27 270
92 6 28 180
92 6 29 180
92 6 30 180
93 1 4 20
93 2 14 140
93 2 15 140
93 2 16 140
93 3 21 410
93 3 22 410
93 4 23 110
93 4 24 110
93 4 25 110
93 5 26 270
93 5 27 270
93 6 28 180
93 6 29 180
93 6 30 180
94 1 4 20
94 2 14 140
94 2 15 140
94 2 16 140
94 3 21 410
94 3 22 410
94 4 23 110
94 4 24 110
94 4 25 110
94 5 26 270
94 5 27 270
94 6 28 180
94 6 29 180
94 6 30 180
95 1 4 20
95 2 14 140
95 2 15 140
95 2 16 140
95 3 21 410
95 3 22 410
95 4 23 110
95 4 24 110
95 4 25 110
95 5 26 270
95 5 27 270
95 6 28 180
95 6 29 180
95 6 30 180
96 1 4 20
96 2 14 140
96 2 15 140
96 2 16 140
96 3 21 410
96 3 22 410
96 4 23 110
96 4 24 110
96 4 25 110
96 5 26 270
96 5 27 270
96 6 28 180
96 6 29 180
96 6 30 180
97 1 4 20
97 2 14 140
97 2 15 140
97 2 16 140
97 3 21 410
97 3 22 410
97 4 23 110
97 4 24 110
97 4 25 110
97 5 26 270
97 5 27 270
97 6 28 180
97 6 29 180
97 6 30 180
98 1 4 20
98 2 14 140
98 2 15 140
98 2 16 140
98 3 21 410
98 3 22 410
98 4 23 110
98 4 24 110
98 4 25 110
98 5 26 270
98 5 27 270
98 6 28 180
98 6 29 180
98 6 30 180
99 1 4 20
99 2 14 140
99 2 15 140
99 2 16 140
99 3 21 410
99 3 22 410
99 4 23 110
99 4 24 110
99 4 25 110
99 5 26 270
99 5 27 270
99 6 28 180
99 6 29 180
99 6 30 180
100 1 4 20
100 2 14 140
100 2 15 140
100 2 16 140
100 3 21 410
100 3 22 410
100 4 23 110
100 4 24 110
100 4 25 110
100 5 26 270
100 5 27 270
100 6 28 180
100 6 29 180
100 6 30 180
101 1 4 20
101 2 14 140
101 2 15 140
101 2 16 140
101 3 21 410
101 3 22 410
101 4 23 110
101 4 24 110
101 4 25 110
101 5 26 270
101 5 27 270
101 6 28 180
101 6 29 180
101 6 30 180
102 1 4 20
102 2 14 140
102 2 15 140
102 2 16 140
102 3 21 410
102 3 22 410
102 4 23 110
102 4 24 110
102 4 25 110
102 5 26 270
102 5 27 270
102 6 28 180
102 6 29 180
102 6 30 180
103 1 4 20
103 2 14 140
103 2 15 140
103 2 16 140
103 3 21 410
103 3 22 410
103 4 23 110
103 4 24 110
103 4 25 110
103 5 26 270
103 5 27 270
103 6 28 180
103 6 29 180
103 6 30 180
104 1 4 20
104 2 14 140
104 2 15 140
104 2 16 140
104 3 21 410
104 3 22 410
104 4 23 110
104 4 24 110
104 4 25 110
104 5 26 270
104 5 27 270
104 6 28 180
104 6 29 180
104 6 30 180
105 1 4 20
105 2 14 140
105 2 15 140
105 2 16 140
105 3 21 410
105 3 22 410
105 4 23 110
105 4 24 110
105 4 25 110
105 5 26 270
105 5 27 270
105 6 28 180
105 6 29 180
105 6 30 180
106 1 4 20
106 2 14 140
106 2 15 140
106 2 16 140
106 3 21 410
106 3 22 410
106 4 23 110
106 4 24 110
106 4 25 110
106 5 26 270
106 5 27 270
106 6 28 180
106 6 29 180
106 6 30 180
107 1 4 20
107 2 14 140
107 2 15 140
107 2 16 140
107 3 21 410
107 3 22 410
107 4 23 110
107 4 24 110
107 4 25 110
107 5 26 270
107 5 27 270
107 6 28 180
107 6 29 180
107 6 30 180
108 1 4 20
108 2 14 140
108 2 15 140
108 2 16 140
108 3 21 410
108 3 22 410
108 4 23 110
108 4 24 110
108 4 25 110
108 5 26 270
108 5 27 270
108 6 28 180
108 6 29 180
108 6 30 180
109 1 4 20
109 2 14 140
109 2 15 140
109 2 16 140
109 3 21 410
109 3 22 410
109 4 23 110
109 4 24 110
109 4 25 110
109 5 26 270
109 5 27 270
109 6 28 180
109 6 29 180
109 6 30 180
110 1 4 20
110 2 14 140
110 2 15 140
110 2 16 140
110 3 21 410
110 3 22 410
110 4 23 110
110 4 24 110
110 4 25 110
110 5 26 270
110 5 27 270
110 6 28 180
110 6 29 180
110 6 30 180
111 1 4 20
111 2 14 140
111 2 15 140
111 2 16 140
111 3 21 410
111 3 22 410
111 4 23 110
111 4 24 110
111 4 25 110
111 5 26 270
111 5 27 270
111 6 28 180
111 6 29 180
111 6 30 180
112 1 4 20
112 2 14 140
112 2 15 140
112 2 16 140
112 3 21 410
112 3 22 410
112 4 23 110
112 4 24 110
112 4 25 110
112 5 26 270
112 5 27 270
112 6 28 180
112 6 29 180
112 6 30 180
113 1 4 20
113 2 14 140
113 2 15 140
113 2 16 140
113 3 21 410
113 3 22 410
113 4 23 110
113 4 24 110
113 4 25 110
113 5 26 270
113 5 27 270
113 6 28 180
113 6 29 180
113 6 30 180
114 1 4 20
114 2 14 140
114 2 15 140
114 2 16 140
114 3 21 410
114 3 22 410
114 4 23 110
114 4 24 110
114 4 25 110
114 5 26 270
114 5 27 270
114 6 28 180
114 6 29 180
114 6 30 180
115 1 4 20
115 2 14 140
115 2 15 140
115 2 16 140
115 3 21 410
115 3 22 410
115 4 23 110
115 4 24 110
115 4 25 110
115 5 26 270
115 5 27 270
115 6 28 180
115 6 29 180
115 6 30 180
116 1 4 20
116 2 14 140
116 2 15 140
116 2 16 140
116 3 21 410
116 3 22 410
116 4 23 110
116 4 24 110
116 4 25 110
116 5 26 270
116 5 27 270
116 6 28 180
116 6 29 180
116 6 30 180
117 1 4 20
117 2 14 140
117 2 15 140
117 2 16 140
117 3 21 410
117 3 22 410
117 4 23 110
117 4 24 110
117 4 25 110
117 5 26 270
117 5 27 270
117 6 28 180
117 6 29 180
117 6 30 180
118 1 4 20
118 2 14 140
118 2 15 140
118 2 16 140
118 3 21 410
118 3 22 410
118 4 23 110
118 4 24 110
118 4 25 110
118 5 26 270
118 5 27 270
118 6 28 180
118 6 29 180
118 6 30 180
119 1 4 20
119 2 14 140
119 2 15 140
119 2 16 140
119 3 21 410
119 3 22 410
119 4 23 110
119 4 24 110
119 4 25 110
119 5 26 270
119 5 27 270
119 6 28 180
119 6 29 180
119 6 30 180
120 1 4 20
120 2 14 140
120 2 15 140
120 2 16 140
120 3 21 410
120 3 22 410
120 4 23 110
120 4 24 110
120 4 25 110
120 5 26 270
120 5 27 270
120 6 28 180
120 6 29 180
120 6 30 180
121 1 4 20
121 2 14 140
121 2 15 140
121 2 16 140
121 3 21 410
121 3 22 410
121 4 23 110
121 4 24 110
121 4 25 110
121 5 26 270
121 5 27 270
121 6 28 180
121 6 29 180
121 6 30 180
122 1 4 20
122 2 14 140
122 2 15 140
122 2 16 140
122 3 21 410
122 3 22 410
122 4 23 110
122 4 24 110
122 4 25 110
122 5 26 270
122 5 27 270
122 6 28 180
122 6 29 180
122 6 30 180
123 1 4 20
123 2 14 140
123 2 15 140
123 2 16 140
123 3 21 410
123 3 22 410
123 4 23 110
123 4 24 110
123 4 25 110
123 5 26 270
123 5 27 270
123 6 28 180
123 6 29 180
123 6 30 180
124 1 4 20
124 2 14 140
124 2 15 140
124 2 16 140
124 3 21 410
124 3 22 410
124 4 23 110
124 4 24 110
124 4 25 110
124 5 26 270
124 5 27 270
124 6 28 180
124 6 29 180
124 6 30 180
125 1 4 20
125 2 14 140
125 2 15 140
125 2 16 140
125 3 21 410
125 3 22 410
125 4 23 110
125 4 24 110
125 4 25 110
125 5 26 270
125 5 27 270
125 6 28 180
125 6 29 180
125 6 30 180
126 1 4 20
126 2 14 140
126 2 15 140
126 2 16 140
126 3 21 410
126 3 22 410
126 4 23 110
126 4 24 110
126 4 25 110
126 5 26 270
126 5 27 270
126 6 28 180
126 6 29 180
126 6 30 180
127 1 4 20
127 2 14 140
127 2 15 140
127 2 16 140
127 3 21 410
127 3 22 410
127 4 23 110
127 4 24 110
127 4 25 110
127 5 26 270
127 5 27 270
127 6 28 180
127 6 29 180
127 6 30 180
128 1 4 20
128 2 14 140
128 2 15 140
128 2 16 140
128 3 21 410
128 3 22 410
128 4 23 110
128 4 24 110
128 4 25 110
128 5 26 270
128 5 27 270
128 6 28 180
128 6 29 180
128 6 30 180
129 1 1 40
129 2 2 10
129 2 3 10
129 3 14 40
129 3 15 40
129 3 16 40
130 1 1 40
130 2 2 10
130 2 3 10
130 3 14 40
130 3 15 40
130 3 16 40
131 1 1 40
131 2 2 10
131 2 3 10
131 3 14 40
131 3 15 40
131 3 16 40
132 1 1 40
132 2 2 10
132 2 3 10
132 3 14 40
132 3 15 40
132 3 16 40
133 1 1 40
133 2 2 10
133 2 3 10
133 3 14 40
133 3 15 40
133 3 16 40
134 1 1 40
134 2 2 10
134 2 3 10
134 3 14 40
134 3 15 40
134 3 16 40
135 1 1 40
135 2 2 10
135 2 3 10
135 3 14 40
135 3 15 40
135 3 16 40
136 1 1 40
136 2 2 10
136 2 3 10
136 3 14 40
136 3 15 40
136 3 16 40
137 1 1 40
137 2 2 10
137 2 3 10
137 3 14 40
137 3 15 40
137 3 16 40
138 1 1 40
138 2 2 10
138 2 3 10
138 3 14 40
138 3 15 40
138 3 16 40
139 1 1 40
139 2 2 10
139 2 3 10
139 3 14 40
139 3 15 40
139 3 16 40
140 1 1 40
140 2 2 10
140 2 3 10
140 3 14 40
140 3 15 40
140 3 16 40
141 1 1 40
141 2 2 10
141 2 3 10
141 3 14 40
141 3 15 40
141 3 16 40
142 1 1 40
142 2 2 10
142 2 3 10
142 3 14 40
142 3 15 40
142 3 16 40
143 1 1 40
143 2 2 10
143 2 3 10
143 3 14 40
143 3 15 40
143 3 16 40
144 1 1 40
144 2 2 10
144 2 3 10
144 3 14 40
144 3 15 40
144 3 16 40
145 1 1 40
145 2 2 10
145 2 3 10
145 3 14 40
145 3 15 40
145 3 16 40
146 1 1 40
146 2 2 10
146 2 3 10
146 3 14 40
146 3 15 40
146 3 16 40
147 1 1 40
147 2 2 10
147 2 3 10
147 3 14 40
147 3 15 40
147 3 16 40
148 1 1 40
148 2 2 10
148 2 3 10
148 3 14 40
148 3 15 40
148 3 16 40
149 1 1 40
149 2 2 10
149 2 3 10
149 3 14 40
149 3 15 40
149 3 16 40
150 1 1 40
150 2 2 10
150 2 3 10
150 3 14 40
150 3 15 40
150 3 16 40
151 1 1 40
151 2 2 10
151 2 3 10
151 3 14 40
151 3 15 40
151 3 16 40
152 1 1 40
152 2 2 10
152 2 3 10
152 3 14 40
152 3 15 40
152 3 16 40
153 1 1 40
153 2 2 10
153 2 3 10
153 3 14 40
153 3 15 40
153 3 16 40
154 1 1 40
154 2 2 10
154 2 3 10
154 3 14 40
154 3 15 40
154 3 16 40
155 1 1 40
155 2 2 10
155 2 3 10
155 3 14 40
155 3 15 40
155 3 16 40
156 1 1 40
156 2 2 10
156 2 3 10
156 3 14 40
156 3 15 40
156 3 16 40
157 1 1 40
157 2 2 10
157 2 3 10
157 3 14 40
157 3 15 40
157 3 16 40
158 1 1 40
158 2 2 10
158 2 3 10
158 3 14 40
158 3 15 40
158 3 16 40
159 1 1 40
159 2 2 10
159 2 3 10
159 3 14 40
159 3 15 40
159 3 16 40
160 1 1 40
160 2 2 10
160 2 3 10
160 3 14 40
160 3 15 40
160 3 16 40
161 1 1 40
161 2 2 10
161 2 3 10
161 3 14 40
161 3 15 40
161 3 16 40
162 1 1 40
162 2 2 10
162 2 3 10
162 3 14 40
162 3 15 40
162 3 16 40
163 1 1 40
163 2 2 10
163 2 3 10
163 3 14 40
163 3 15 40
163 3 16 40
164 1 1 40
164 2 2 10
164 2 3 10
164 3 14 40
164 3 15 40
164 3 16 40
165 1 1 40
165 2 2 10
165 2 3 10
165 3 14 40
165 3 15 40
165 3 16 40
166 1 1 40
166 2 2 10
166 2 3 10
166 3 14 40
166 3 15 40
166 3 16 40
167 1 1 40
167 2 2 10
167 2 3 10
167 3 14 40
167 3 15 40
167 3 16 40
168 1 1 40
168 2 2 10
168 2 3 10
168 3 14 40
168 3 15 40
168 3 16 40
169 1 1 40
169 2 2 10
169 2 3 10
169 3 14 40
169 3 15 40
169 3 16 40
170 1 1 40
170 2 2 10
170 2 3 10
170 3 14 40
170 3 15 40
170 3 16 40
171 1 1 40
171 2 2 10
171 2 3 10
171 3 14 40
171 3 15 40
171 3 16 40
172 1 1 40
172 2 2 10
172 2 3 10
172 3 14 40
172 3 15 40
172 3 16 40
173 1 1 40
173 2 2 10
173 2 3 10
173 3 14 40
173 3 15 40
173 3 16 40
174 1 1 40
174 2 2 10
174 2 3 10
174 3 14 40
174 3 15 40
174 3 16 40
175 1 1 40
175 2 2 10
175 2 3 10
175 3 14 40
175 3 15 40
175 3 16 40
176 1 1 40
176 2 2 10
176 2 3 10
176 3 14 40
176 3 15 40
176 3 16 40
177 1 1 40
177 2 2 10
177 2 3 10
177 3 14 40
177 3 15 40
177 3 16 40
178 1 1 40
178 2 2 10
178 2 3 10
178 3 14 40
178 3 15 40
178 3 16 40
179 1 1 40
179 2 2 10
179 2 3 10
179 3 14 40
179 3 15 40
179 3 16 40
180 1 1 40
180 2 2 10
180 2 3 10
180 3 14 40
180 3 15 40
180 3 16 40
181 1 1 40
181 2 2 10
181 2 3 10
181 3 14 40
181 3 15 40
181 3 16 40
182 1 1 40
182 2 2 10
182 2 3 10
182 3 14 40
182 3 15 40
182 3 16 40
183 1 1 40
183 2 2 10
183 2 3 10
183 3 14 40
183 3 15 40
183 3 16 40
184 1 1 40
184 2 2 10
184 2 3 10
184 3 14 40
184 3 15 40
184 3 16 40
185 1 1 40
185 2 2 10
185 2 3 10
185 3 14 40
185 3 15 40
185 3 16 40
186 1 1 40
186 2 2 10
186 2 3 10
186 3 14 40
186 3 15 40
186 3 16 40
187 1 1 40
187 2 2 10
187 2 3 10
187 3 14 40
187 3 15 40
187 3 16 40
188 1 1 40
188 2 2 10
188 2 3 10
188 3 14 40
188 3 15 40
188 3 16 40
189 1 1 40
189 2 2 10
189 2 3 10
189 3 14 40
189 3 15 40
189 3 16 40
190 1 1 40
190 2 2 10
190 2 3 10
190 3 14 40
190 3 15 40
190 3 16 40
191 1 1 40
191 2 2 10
191 2 3 10
191 3 14 40
191 3 15 40
191 3 16 40
192 1 1 40
192 2 2 10
192 2 3 10
192 3 14 40
192 3 15 40
192 3 16 40
193 1 1 40
193 2 2 10
193 2 3 10
193 3 14 40
193 3 15 40
193 3 16 40
194 1 1 40
194 2 2 10
194 2 3 10
194 3 14 40
194 3 15 40
194 3 16 40
195 1 1 40
195 2 2 10
195 2 3 10
195 3 14 40
195 3 15 40
195 3 16 40
196 1 1 40
196 2 2 10
196 2 3 10
196 3 14 40
196 3 15 40
196 3 16 40
197 1 1 40
197 2 2 10
197 2 3 10
197 3 14 40
197 3 15 40
197 3 16 40
198 1 1 40
198 2 2 10
198 2 3 10
198 3 14 40
198 3 15 40
198 3 16 40
199 1 1 40
199 2 2 10
199 2 3 10
199 3 14 40
199 3 15 40
199 3 16 40
200 1 1 40
200 2 2 10
200 2 3 10
200 3 14 40
200 3 15 40
200 3 16 40
201 1 1 40
201 2 2 10
201 2 3 10
201 3 14 40
201 3 15 40
201 3 16 40
202 1 1 40
202 2 2 10
202 2 3 10
202 3 14 40
202 3 15 40
202 3 16 40
203 1 1 40
203 2 2 10
203 2 3 10
203 3 14 40
203 3 15 40
203 3 16 40
204 1 1 40
204 2 2 10
204 2 3 10
204 3 14 40
204 3 15 40
204 3 16 40
205 1 1 40
205 2 2 10
205 2 3 10
205 3 14 40
205 3 15 40
205 3 16 40
206 1 1 40
206 2 2 10
206 2 3 10
206 3 14 40
206 3 15 40
206 3 16 40
207 1 1 40
207 2 2 10
207 2 3 10
207 3 14 40
207 3 15 40
207 3 16 40
208 1 1 40
208 2 2 10
208 2 3 10
208 3 14 40
208 3 15 40
208 3 16 40
209 1 1 40
209 2 2 10
209 2 3 10
209 3 14 40
209 3 15 40
209 3 16 40
210 1 1 40
210 2 2 10
210 2 3 10
210 3 14 40
210 3 15 40
210 3 16 40
211 1 1 40
211 2 2 10
211 2 3 10
211 3 14 40
211 3 15 40
211 3 16 40
212 1 1 40
212 2 2 10
212 2 3 10
212 3 14 40
212 3 15 40
212 3 16 40
213 1 1 40
213 2 2 10
213 2 3 10
213 3 14 40
213 3 15 40
213 3 16 40
214 1 1 40
214 2 2 10
214 2 3 10
214 3 14 40
214 3 15 40
214 3 16 40
215 1 1 40
215 2 2 10
215 2 3 10
215 3 14 40
215 3 15 40
215 3 16 40
216 1 1 40
216 2 2 10
216 2 3 10
216 3 14 40
216 3 15 40
216 3 16 40
217 1 1 40
217 2 2 10
217 2 3 10
217 3 14 40
217 3 15 40
217 3 16 40
218 1 1 40
218 2 2 10
218 2 3 10
218 3 14 40
218 3 15 40
218 3 16 40
219 1 1 40
219 2 2 10
219 2 3 10
219 3 14 40
219 3 15 40
219 3 16 40
220 1 1 40
220 2 2 10
220 2 3 10
220 3 14 40
220 3 15 40
220 3 16 40
221 1 1 40
221 2 2 10
221 2 3 10
221 3 14 40
221 3 15 40
221 3 16 40
222 1 1 40
222 2 2 10
222 2 3 10
222 3 14 40
222 3 15 40
222 3 16 40
223 1 1 40
223 2 2 10
223 2 3 10
223 3 14 40
223 3 15 40
223 3 16 40
224 1 1 40
224 2 2 10
224 2 3 10
224 3 14 40
224 3 15 40
224 3 16 40
225 1 1 40
225 2 2 10
225 2 3 10
225 3 14 40
225 3 15 40
225 3 16 40
226 1 1 40
226 2 2 10
226 2 3 10
226 3 14 40
226 3 15 40
226 3 16 40
227 1 1 40
227 2 2 10
227 2 3 10
227 3 14 40
227 3 15 40
227 3 16 40
228 1 1 40
228 2 2 10
228 2 3 10
228 3 14 40
228 3 15 40
228 3 16 40
229 1 1 40
229 2 2 10
229 2 3 10
229 3 14 40
229 3 15 40
229 3 16 40
230 1 1 40
230 2 2 10
230 2 3 10
230 3 14 40
230 3 15 40
230 3 16 40
231 1 1 40
231 2 2 10
231 2 3 10
231 3 14 40
231 3 15 40
231 3 16 40
232 1 1 40
232 2 2 10
232 2 3 10
232 3 14 40
232 3 15 40
232 3 16 40
233 1 1 40
233 2 2 10
233 2 3 10
233 3 14 40
233 3 15 40
233 3 16 40
234 1 1 40
234 2 2 10
234 2 3 10
234 3 14 40
234 3 15 40
234 3 16 40
235 1 1 40
235 2 2 10
235 2 3 10
235 3 14 40
235 3 15 40
235 3 16 40
236 1 1 40
236 2 2 10
236 2 3 10
236 3 14 40
236 3 15 40
236 3 16 40
237 1 1 40
237 2 2 10
237 2 3 10
237 3 14 40
237 3 15 40
237 3 16 40
238 1 1 40
238 2 2 10
238 2 3 10
238 3 14 40
238 3 15 40
238 3 16 40
239 1 1 40
239 2 2 10
239 2 3 10
239 3 14 40
239 3 15 40
239 3 16 40
240 1 1 40
240 2 2 10
240 2 3 10
240 3 14 40
240 3 15 40
240 3 16 40
241 1 1 40
241 2 2 10
241 2 3 10
241 3 14 40
241 3 15 40
241 3 16 40
242 1 1 40
242 2 2 10
242 2 3 10
242 3 14 40
242 3 15 40
242 3 16 40
243 1 1 40
243 2 2 10
243 2 3 10
243 3 14 40
243 3 15 40
243 3 16 40
244 1 1 40
244 2 2 10
244 2 3 10
244 3 14 40
244 3 15 40
244 3 16 40
245 1 1 40
245 2 2 10
245 2 3 10
245 3 14 40
245 3 15 40
245 3 16 40
246 1 1 40
246 2 2 10
246 2 3 10
246 3 14 40
246 3 15 40
246 3 16 40
247 1 1 40
247 2 2 10
247 2 3 10
247 3 14 40
247 3 15 40
247 3 16 40
248 1 1 40
248 2 2 10
248 2 3 10
248 3 14 40
248 3 15 40
248 3 16 40
249 1 1 40
249 2 2 10
249 2 3 10
249 3 14 40
249 3 15 40
249 3 16 40
250 1 1 40
250 2 2 10
250 2 3 10
250 3 14 40
250 3 15 40
250 3 16 40
251 1 1 40
251 2 2 10
251 2 3 10
251 3 14 40
251 3 15 40
251 3 16 40
252 1 1 40
252 2 2 10
252 2 3 10
252 3 14 40
252 3 15 40
252 3 16 40
253 1 1 40
253 2 2 10
253 2 3 10
253 3 14 40
253 3 15 40
253 3 16 40
254 1 1 40
254 2 2 10
254 2 3 10
254 3 14 40
254 3 15 40
254 3 16 40
255 1 1 40
255 2 2 10
255 2 3 10
255 3 14 40
255 3 15 40
255 3 16 40
256 1 1 40
256 2 2 10
256 2 3 10
256 3 14 40
256 3 15 40
256 3 16 40
257 1 1 40
257 2 2 10
257 2 3 10
257 3 14 40
257 3 15 40
257 3 16 40
258 1 1 40
258 2 2 10
258 2 3 10
258 3 14 40
258 3 15 40
258 3 16 40
259 1 1 40
259 2 2 10
259 2 3 10
259 3 14 40
259 3 15 40
259 3 16 40
260 1 1 40
260 2 2 10
260 2 3 10
260 3 14 40
260 3 15 40
260 3 16 40
261 1 1 40
261 2 2 10
261 2 3 10
261 3 14 40
261 3 15 40
261 3 16 40
262 1 1 40
262 2 2 10
262 2 3 10
262 3 14 40
262 3 15 40
262 3 16 40
263 1 1 40
263 2 2 10
263 2 3 10
263 3 14 40
263 3 15 40
263 3 16 40
264 1 1 40
264 2 2 10
264 2 3 10
264 3 14 40
264 3 15 40
264 3 16 40
265 1 1 40
265 2 2 10
265 2 3 10
265 3 14 40
265 3 15 40
265 3 16 40
266 1 1 40
266 2 2 10
266 2 3 10
266 3 14 40
266 3 15 40
266 3 16 40
267 1 1 40
267 2 2 10
267 2 3 10
267 3 14 40
267 3 15 40
267 3 16 40
268 1 1 40
268 2 2 10
268 2 3 10
268 3 14 40
268 3 15 40
268 3 16 40
269 1 1 40
269 2 2 10
269 2 3 10
269 3 14 40
269 3 15 40
269 3 16 40
270 1 1 40
270 2 2 10
270 2 3 10
270 3 14 40
270 3 15 40
270 3 16 40
271 1 1 40
271 2 2 10
271 2 3 10
271 3 14 40
271 3 15 40
271 3 16 40
272 1 1 40
272 2 2 10
272 2 3 10
272 3 14 40
272 3 15 40
272 3 16 40
273 1 1 40
273 2 2 10
273 2 3 10
273 3 14 40
273 3 15 40
273 3 16 40
274 1 1 40
274 2 2 10
274 2 3 10
274 3 14 40
274 3 15 40
274 3 16 40
275 1 1 40
275 2 2 10
275 2 3 10
275 3 14 40
275 3 15 40
275 3 16 40
276 1 1 40
276 2 2 10
276 2 3 10
276 3 14 40
276 3 15 40
276 3 16 40
277 1 1 40
277 2 2 10
277 2 3 10
277 3 14 40
277 3 15 40
277 3 16 40
278 1 1 40
278 2 2 10
278 2 3 10
278 3 14 40
278 3 15 40
278 3 16 40
279 1 1 40
279 2 2 10
279 2 3 10
279 3 14 40
279 3 15 40
279 3 16 40
280 1 1 40
280 2 2 10
280 2 3 10
280 3 14 40
280 3 15 40
280 3 16 40
281 1 1 40
281 2 2 10
281 2 3 10
281 3 14 40
281 3 15 40
281 3 16 40
282 1 1 40
282 2 2 10
282 2 3 10
282 3 14 40
282 3 15 40
282 3 16 40
283 1 1 40
283 2 2 10
283 2 3 10
283 3 14 40
283 3 15 40
283 3 16 40
284 1 1 40
284 2 2 10
284 2 3 10
284 3 14 40
284 3 15 40
284 3 16 40
285 1 1 40
285 2 2 10
285 2 3 10
285 3 14 40
285 3 15 40
285 3 16 40
286 1 1 40
286 2 2 10
286 2 3 10
286 3 14 40
286 3 15 40
286 3 16 40
287 1 1 40
287 2 2 10
287 2 3 10
287 3 14 40
287 3 15 40
287 3 16 40
288 1 1 40
288 2 2 10
288 2 3 10
288 3 14 40
288 3 15 40
288 3 16 40
289 1 1 40
289 2 2 10
289 2 3 10
289 3 14 40
289 3 15 40
289 3 16 40
290 1 1 40
290 2 2 10
290 2 3 10
290 3 14 40
290 3 15 40
290 3 16 40
291 1 1 40
291 2 2 10
291 2 3 10
291 3 14 40
291 3 15 40
291 3 16 40
292 1 1 40
292 2 2 10
292 2 3 10
292 3 14 40
292 3 15 40
292 3 16 40
293 1 1 40
293 2 2 10
293 2 3 10
293 3 14 40
293 3 15 40
293 3 16 40
294 1 1 40
294 2 2 10
294 2 3 10
294 3 14 40
294 3 15 40
294 3 16 40
295 1 1 40
295 2 2 10
295 2 3 10
295 3 14 40
295 3 15 40
295 3 16 40
296 1 1 40
296 2 2 10
296 2 3 10
296 3 14 40
296 3 15 40
296 3 16 40
297 1 1 40
297 2 2 10
297 2 3 10
297 3 14 40
297 3 15 40
297 3 16 40
298 1 1 40
298 2 2 10
298 2 3 10
298 3 14 40
298 3 15 40
298 3 16 40
299 1 1 40
299 2 2 10
299 2 3 10
299 3 14 40
299 3 15 40
299 3 16 40
300 1 1 40
300 2 2 10
300 2 3 10
300 3 14 40
300 3 15 40
300 3 16 40
301 1 1 40
301 2 2 10
301 2 3 10
301 3 14 40
301 3 15 40
301 3 16 40
302 1 1 40
302 2 2 10
302 2 3 10
302 3 14 40
302 3 15 40
302 3 16 40
303 1 1 40
303 2 2 10
303 2 3 10
303 3 14 40
303 3 15 40
303 3 16 40
304 1 1 40
304 2 2 10
304 2 3 10
304 3 14 40
304 3 15 40
304 3 16 40
305 1 1 40
305 2 2 10
305 2 3 10
305 3 14 40
305 3 15 40
305 3 16 40
306 1 1 40
306 2 2 10
306 2 3 10
306 3 14 40
306 3 15 40
306 3 16 40
307 1 1 40
307 2 2 10
307 2 3 10
307 3 14 40
307 3 15 40
307 3 16 40
308 1 1 40
308 2 2 10
308 2 3 10
308 3 14 40
308 3 15 40
308 3 16 40
309 1 1 40
309 2 2 10
309 2 3 10
309 3 14 40
309 3 15 40
309 3 16 40
310 1 1 40
310 2 2 10
310 2 3 10
310 3 14 40
310 3 15 40
310 3 16 40
311 1 1 40
311 2 2 10
311 2 3 10
311 3 14 40
311 3 15 40
311 3 16 40
312 1 1 40
312 2 2 10
312 2 3 10
312 3 14 40
312 3 15 40
312 3 16 40
313 1 1 40
313 2 2 10
313 2 3 10
313 3 14 40
313 3 15 40
313 3 16 40
314 1 1 40
314 2 2 10
314 2 3 10
314 3 14 40
314 3 15 40
314 3 16 40
315 1 1 40
315 2 2 10
315 2 3 10
315 3 14 40
315 3 15 40
315 3 16 40
316 1 1 40
316 2 2 10
316 2 3 10
316 3 14 40
316 3 15 40
316 3 16 40
317 1 1 40
317 2 2 10
317 2 3 10
317 3 14 40
317 3 15 40
317 3 16 40
318 1 1 40
318 2 2 10
318 2 3 10
318 3 14 40
318 3 15 40
318 3 16 40
319 1 1 40
319 2 2 10
319 2 3 10
319 3 14 40
319 3 15 40
319 3 16 40
320 1 1 40
320 2 2 10
320 2 3 10
320 3 14 40
320 3 15 40
320 3 16 40
321 1 1 40
321 2 2 10
321 2 3 10
321 3 14 40
321 3 15 40
321 3 16 40
322 1 1 40
322 2 2 10
322 2 3 10
322 3 14 40
322 3 15 40
322 3 16 40
323 1 1 40
323 2 2 10
323 2 3 10
323 3 14 40
323 3 15 40
323 3 16 40
324 1 1 40
324 2 2 10
324 2 3 10
324 3 14 40
324 3 15 40
324 3 16 40
325 1 1 40
325 2 2 10
325 2 3 10
325 3 14 40
325 3 15 40
325 3 16 40
326 1 1 40
326 2 2 10
326 2 3 10
326 3 14 40
326 3 15 40
326 3 16 40
327 1 1 40
327 2 2 10
327 2 3 10
327 3 14 40
327 3 15 40
327 3 16 40
328 1 1 40
328 2 2 10
328 2 3 10
328 3 14 40
328 3 15 40
328 3 16 40
329 1 1 40
329 2 2 10
329 2 3 10
329 3 14 40
329 3 15 40
329 3 16 40
330 1 1 40
330 2 2 10
330 2 3 10
330 3 14 40
330 3 15 40
330 3 16 40
331 1 1 40
331 2 2 10
331 2 3 10
331 3 14 40
331 3 15 40
331 3 16 40
332 1 1 40
332 2 2 10
332 2 3 10
332 3 14 40
332 3 15 40
332 3 16 40
333 1 1 40
333 2 2 10
333 2 3 10
333 3 14 40
333 3 15 40
333 3 16 40
334 1 1 40
334 2 2 10
334 2 3 10
334 3 14 40
334 3 15 40
334 3 16 40
335 1 1 40
335 2 2 10
335 2 3 10
335 3 14 40
335 3 15 40
335 3 16 40
336 1 1 40
336 2 2 10
336 2 3 10
336 3 14 40
336 3 15 40
336 3 16 40
337 1 1 40
337 2 2 10
337 2 3 10
337 3 14 40
337 3 15 40
337 3 16 40
338 1 1 40
338 2 2 10
338 2 3 10
338 3 14 40
338 3 15 40
338 3 16 40
339 1 1 40
339 2 2 10
339 2 3 10
339 3 14 40
339 3 15 40
339 3 16 40
340 1 1 40
340 2 2 10
340 2 3 10
340 3 14 40
340 3 15 40
340 3 16 40
341 1 1 40
341 2 2 10
341 2 3 10
341 3 14 40
341 3 15 40
341 3 16 40
342 1 1 40
342 2 2 10
342 2 3 10
342 3 14 40
342 3 15 40
342 3 16 40
343 1 1 40
343 2 2 10
343 2 3 10
343 3 14 40
343 3 15 40
343 3 16 40
344 1 1 40
344 2 2 10
344 2 3 10
344 3 14 40
344 3 15 40
344 3 16 40
345 1 1 40
345 2 2 10
345 2 3 10
345 3 14 40
345 3 15 40
345 3 16 40
346 1 1 40
346 2 2 10
346 2 3 10
346 3 14 40
346 3 15 40
346 3 16 40
347 1 1 40
347 2 2 10
347 2 3 10
347 3 14 40
347 3 15 40
347 3 16 40
348 1 1 40
348 2 2 10
348 2 3 10
348 3 14 40
348 3 15 40
348 3 16 40
349 1 1 40
349 2 2 10
349 2 3 10
349 3 14 40
349 3 15 40
349 3 16 40
350 1 1 40
350 2 2 10
350 2 3 10
350 3 14 40
350 3 15 40
350 3 16 40
351 1 1 40
351 2 2 10
351 2 3 10
351 3 14 40
351 3 15 40
351 3 16 40
352 1 1 40
352 2 2 10
352 2 3 10
352 3 14 40
352 3 15 40
352 3 16 40
353 1 1 40
353 2 2 10
353 2 3 10
353 3 14 40
353 3 15 40
353 3 16 40
354 1 1 40
354 2 2 10
354 2 3 10
354 3 14 40
354 3 15 40
354 3 16 40
355 1 1 40
355 2 2 10
355 2 3 10
355 3 14 40
355 3 15 40
355 3 16 40
356 1 1 40
356 2 2 10
356 2 3 10
356 3 14 40
356 3 15 40
356 3 16 40
357 1 1 40
357 2 2 10
357 2 3 10
357 3 14 40
357 3 15 40
357 3 16 40
358 1 1 40
358 2 2 10
358 2 3 10
358 3 14 40
358 3 15 40
358 3 16 40
359 1 1 40
359 2 2 10
359 2 3 10
359 3 14 40
359 3 15 40
359 3 16 40
360 1 1 40
360 2 2 10
360 2 3 10
360 3 14 40
360 3 15 40
360 3 16 40
361 1 1 40
361 2 2 10
361 2 3 10
361 3 14 40
361 3 15 40
361 3 16 40
362 1 1 40
362 2 2 10
362 2 3 10
362 3 14 40
362 3 15 40
362 3 16 40
363 1 1 40
363 2 2 10
363 2 3 10
363 3 14 40
363 3 15 40
363 3 16 40
364 1 1 40
364 2 2 10
364 2 3 10
364 3 14 40
364 3 15 40
364 3 16 40
365 1 1 40
365 2 2 10
365 2 3 10
365 3 14 40
365 3 15 40
365 3 16 40
366 1 1 40
366 2 2 10
366 2 3 10
366 3 14 40
366 3 15 40
366 3 16 40
367 1 1 40
367 2 2 10
367 2 3 10
367 3 14 40
367 3 15 40
367 3 16 40
368 1 1 40
368 2 2 10
368 2 3 10
368 3 14 40
368 3 15 40
368 3 16 40
369 1 1 40
369 2 2 10
369 2 3 10
369 3 14 40
369 3 15 40
369 3 16 40
370 1 1 40
370 2 2 10
370 2 3 10
370 3 14 40
370 3 15 40
370 3 16 40
371 1 1 40
371 2 2 10
371 2 3 10
371 3 14 40
371 3 15 40
371 3 16 40
372 1 1 40
372 2 2 10
372 2 3 10
372 3 14 40
372 3 15 40
372 3 16 40
373 1 1 40
373 2 2 10
373 2 3 10
373 3 14 40
373 3 15 40
373 3 16 40
374 1 1 40
374 2 2 10
374 2 3 10
374 3 14 40
374 3 15 40
374 3 16 40
375 1 1 40
375 2 2 10
375 2 3 10
375 3 14 40
375 3 15 40
375 3 16 40
376 1 1 40
376 2 2 10
376 2 3 10
376 3 14 40
376 3 15 40
376 3 16 40
377 1 1 40
377 2 2 10
377 2 3 10
377 3 14 40
377 3 15 40
377 3 16 40
378 1 1 40
378 2 2 10
378 2 3 10
378 3 14 40
378 3 15 40
378 3 16 40
379 1 1 40
379 2 2 10
379 2 3 10
379 3 14 40
379 3 15 40
379 3 16 40
380 1 1 40
380 2 2 10
380 2 3 10
380 3 14 40
380 3 15 40
380 3 16 40
381 1 1 40
381 2 2 10
381 2 3 10
381 3 14 40
381 3 15 40
381 3 16 40
382 1 1 40
382 2 2 10
382 2 3 10
382 3 14 40
382 3 15 40
382 3 16 40
383 1 1 40
383 2 2 10
383 2 3 10
383 3 14 40
383 3 15 40
383 3 16 40
384 1 1 40
384 2 2 10
384 2 3 10
384 3 14 40
384 3 15 40
384 3 16 40
