20
30
3 3 3 3 3 3 3 3 3 3 7 7 7 7 7 7 7 7 7 7
28800 28800 28800 28800 28800 28800 28800 28800 28800 28800 28800 28800 28800 28800 28800 28800 28800 28800 28800 28800
1 1 2 30
1 1 3 30
1 2 19 30
1 2 20 30
1 3 5 240
1 3 6 240
1 3 7 240
1 3 8 240
1 3 9 240
1 3 10 240
1 3 11 240
1 3 12 240
1 3 13 240
2 1 2 30
2 1 3 30
2 2 19 30
2 2 20 30
2 3 5 240
2 3 6 240
2 3 7 240
2 3 8 240
2 3 9 240
2 3 10 240
2 3 11 240
2 3 12 240
2 3 13 240
3 1 2 30
3 1 3 30
3 2 19 30
3 2 20 30
3 3 5 240
3 3 6 240
3 3 7 240
3 3 8 240
3 3 9 240
3 3 10 240
3 3 11 240
3 3 12 240
3 3 13 240
4 1 2 30
4 1 3 30
4 2 19 30
4 2 20 30
4 3 5 240
4 3 6 240
4 3 7 240
4 3 8 240
4 3 9 240
4 3 10 240
4 3 11 240
4 3 12 240
4 3 13 240
5 1 2 30
5 1 3 30
5 2 19 30
5 2 20 30
5 3 5 240
5 3 6 240
5 3 7 240
5 3 8 240
5 3 9 240
5 3 10 240
5 3 11 240
5 3 12 240
5 3 13 240
6 1 2 30
6 1 3 30
6 2 19 30
6 2 20 30
6 3 5 240
6 3 6 240
6 3 7 240
6 3 8 240
6 3 9 240
6 3 10 240
6 3 11 240
6 3 12 240
6 3 13 240
7 1 2 30
7 1 3 30
7 2 19 30
7 2 20 30
7 3 5 240
7 3 6 240
7 3 7 240
7 3 8 240
7 3 9 240
7 3 10 240
7 3 11 240
7 3 12 240
7 3 13 240
8 1 2 30
8 1 3 30
8 2 19 30
8 2 20 30
8 3 5 240
8 3 6 240
8 3 7 240
8 3 8 240
8 3 9 240
8 3 10 240
8 3 11 240
8 3 12 240
8 3 13 240
9 1 2 30
9 1 3 30
9 2 19 30
9 2 20 30
9 3 5 240
9 3 6 240
9 3 7 240
9 3 8 240
9 3 9 240
9 3 10 240
9 3 11 240
9 3 12 240
9 3 13 240
10 1 2 30
10 1 3 30
10 2 19 30
10 2 20 30
10 3 5 240
10 3 6 240
10 3 7 240
10 3 8 240
10 3 9 240
10 3 10 240
10 3 11 240
10 3 12 240
10 3 13 240
11 1 2 20
11 1 3 20
11 2 14 50
11 2 15 50
11 2 16 50
11 3 5 240
11 3 6 240
11 3 7 240
11 3 8 240
11 3 9 240
11 3 10 240
11 3 11 240
11 3 12 240
11 3 13 240
11 4 21 160
11 4 22 160
11 5 23 60
11 5 24 60
11 5 25 60
11 6 26 70
11 6 27 70
11 7 28 70
11 7 29 70
11 7 30 70
12 1 2 20
12 1 3 20
12 2 14 50
12 2 15 50
12 2 16 50
12 3 5 240
12 3 6 240
12 3 7 240
12 3 8 240
12 3 9 240
12 3 10 240
12 3 11 240
12 3 12 240
12 3 13 240
12 4 21 160
12 4 22 160
12 5 23 60
12 5 24 60
12 5 25 60
12 6 26 70
12 6 27 70
12 7 28 70
12 7 29 70
12 7 30 70
13 1 2 20
13 1 3 20
13 2 14 50
13 2 15 50
13 2 16 50
13 3 5 240
13 3 6 240
13 3 7 240
13 3 8 240
13 3 9 240
13 3 10 240
13 3 11 240
13 3 12 240
13 3 13 240
13 4 21 160
13 4 22 160
13 5 23 60
13 5 24 60
13 5 25 60
13 6 26 70
13 6 27 70
13 7 28 70
13 7 29 70
13 7 30 70
14 1 2 20
14 1 3 20
14 2 14 50
14 2 15 50
14 2 16 50
14 3 5 240
14 3 6 240
14 3 7 240
14 3 8 240
14 3 9 240
14 3 10 240
14 3 11 240
14 3 12 240
14 3 13 240
14 4 21 160
14 4 22 160
14 5 23 60
14 5 24 60
14 5 25 60
14 6 26 70
14 6 27 70
14 7 28 70
14 7 29 70
14 7 30 70
15 1 2 20
15 1 3 20
15 2 14 50
15 2 15 50
15 2 16 50
15 3 5 240
15 3 6 240
15 3 7 240
15 3 8 240
15 3 9 240
15 3 10 240
15 3 11 240
15 3 12 240
15 3 13 240
15 4 21 160
15 4 22 160
15 5 23 60
15 5 24 60
15 5 25 60
15 6 26 70
15 6 27 70
15 7 28 70
15 7 29 70
15 7 30 70
16 1 2 20
16 1 3 20
16 2 14 50
16 2 15 50
16 2 16 50
16 3 5 240
16 3 6 240
16 3 7 240
16 3 8 240
16 3 9 240
16 3 10 240
16 3 11 240
16 3 12 240
16 3 13 240
16 4 21 160
16 4 22 160
16 5 23 60
16 5 24 60
16 5 25 60
16 6 26 70
16 6 27 70
16 7 28 70
16 7 29 70
16 7 30 70
17 1 2 20
17 1 3 20
17 2 14 50
17 2 15 50
17 2 16 50
17 3 5 240
17 3 6 240
17 3 7 240
17 3 8 240
17 3 9 240
17 3 10 240
17 3 11 240
17 3 12 240
17 3 13 240
17 4 21 160
17 4 22 160
17 5 23 60
17 5 24 60
17 5 25 60
17 6 26 70
17 6 27 70
17 7 28 70
17 7 29 70
17 7 30 70
18 1 2 20
18 1 3 20
18 2 14 50
18 2 15 50
18 2 16 50
18 3 5 240
18 3 6 240
18 3 7 240
18 3 8 240
18 3 9 240
18 3 10 240
18 3 11 240
18 3 12 240
18 3 13 240
18 4 21 160
18 4 22 160
18 5 23 60
18 5 24 60
18 5 25 60
18 6 26 70
18 6 27 70
18 7 28 70
18 7 29 70
18 7 30 70
19 1 2 20
19 1 3 20
19 2 14 50
19 2 15 50
19 2 16 50
19 3 5 240
19 3 6 240
19 3 7 240
19 3 8 240
19 3 9 240
19 3 10 240
19 3 11 240
19 3 12 240
19 3 13 240
19 4 21 160
19 4 22 160
19 5 23 60
19 5 24 60
19 5 25 60
19 6 26 70
19 6 27 70
19 7 28 70
19 7 29 70
19 7 30 70
20 1 2 20
20 1 3 20
20 2 14 50
20 2 15 50
20 2 16 50
20 3 5 240
20 3 6 240
20 3 7 240
20 3 8 240
20 3 9 240
20 3 10 240
20 3 11 240
20 3 12 240
20 3 13 240
20 4 21 160
20 4 22 160
20 5 23 60
20 5 24 60
20 5 25 60
20 6 26 70
20 6 27 70
20 7 28 70
20 7 29 70
20 7 30 70
