390
30
3 3 3 3 3 3 3 3 3 3 3 3 3 3 3 3 3 3 3 3 3 3 3 3 3 3 3 3 3 3 3 3 3 3 3 3 3 3 3 3 3 3 3 3 3 3 3 3 3 3 3 3 3 3 3 3 3 3 3 3 3 3 3 3 3 3 3 3 3 3 3 3 3 3 3 3 3 3 3 3 3 3 3 3 3 3 3 3 3 3 3 3 3 3 3 3 3 3 3 3 3 3 3 3 3 3 3 3 3 3 3 3 3 3 3 3 3 3 3 3 3 3 3 3 3 3 3 3 3 3 3 3 3 3 3 3 3 3 3 3 3 3 3 3 3 3 3 3 3 3 3 3 3 3 3 3 3 3 3 3 3 3 3 3 3 3 3 3 3 3 3 3 3 3 3 3 3 3 3 3 3 3 3 3 3 3 3 3 3 3 3 3 3 3 3 3 3 3 3 3 3 3 3 3 3 3 3 3 3 3 3 3 3 3 3 3 3 3 3 3 3 3 3 3 3 3 3 3 3 3 3 3 3 3 3 3 3 3 3 3 3 3 3 3 3 3 3 3 3 3 7 7 7 7 7 7 7 7 7 7 7 7 7 7 7 7 7 7 7 7 7 7 7 7 7 7 7 7 7 7 7 7 7 7 7 7 7 7 7 7 7 7 7 7 7 7 7 7 7 7 7 7 7 7 7 7 7 7 7 7 7 7 7 7 7 7 7 7 7 7 7 7 7 7 7 7 7 7 7 7 7 7 7 7 7 7 7 7 7 7 7 7 7 7 7 7 7 7 7 7 7 7 7 7 7 7 7 7 7 7 7 7 7 7 7 7 7 7 7 7 7 7 7 7 7 7 7 7 7 7 7 7 7 7 7 7 7 7 7 7
28800 28800 28800 28800 28800 28800 28800 28800 28800 28800 28800 28800 28800 28800 28800 28800 28800 28800 28800 28800 28800 28800 28800 28800 28800 28800 28800 28800 28800 28800 28800 28800 28800 28800 28800 28800 28800 28800 28800 28800 28800 28800 28800 28800 28800 28800 28800 28800 28800 28800 28800 28800 28800 28800 28800 28800 28800 28800 28800 28800 28800 28800 28800 28800 28800 28800 28800 28800 28800 28800 28800 28800 28800 28800 28800 28800 28800 28800 28800 28800 28800 28800 28800 28800 28800 28800 28800 28800 28800 28800 28800 28800 28800 28800 28800 28800 28800 28800 28800 28800 28800 28800 28800 28800 28800 28800 28800 28800 28800 28800 28800 28800 28800 28800 28800 28800 28800 28800 28800 28800 28800 28800 28800 28800 28800 28800 28800 28800 28800 28800 28800 28800 28800 28800 28800 28800 28800 28800 28800 28800 28800 28800 28800 28800 28800 28800 28800 28800 28800 28800 28800 28800 28800 28800 28800 28800 28800 28800 28800 28800 28800 28800 28800 28800 28800 28800 28800 28800 28800 28800 28800 28800 28800 28800 28800 28800 28800 28800 28800 28800 28800 28800 28800 28800 28800 28800 28800 28800 28800 28800 28800 28800 28800 28800 28800 28800 28800 28800 28800 28800 28800 28800 28800 28800 28800 28800 28800 28800 28800 28800 28800 28800 28800 28800 28800 28800 28800 28800 28800 28800 28800 28800 28800 28800 28800 28800 28800 28800 28800 28800 28800 28800 28800 28800 28800 28800 28800 28800 28800 28800 28800 28800 28800 28800 28800 28800 28800 28800 28800 28800 28800 28800 28800 28800 28800 28800 28800 28800 28800 28800 28800 28800 28800 28800 28800 28800 28800 28800 28800 28800 28800 28800 28800 28800 28800 28800 28800 28800 28800 28800 28800 28800 28800 28800 28800 28800 28800 28800 28800 28800 28800 28800 28800 28800 28800 28800 28800 28800 28800 28800 28800 28800 28800 28800 28800 28800 28800 28800 28800 28800 28800 28800 28800 28800 28800 28800 28800 28800 28800 28800 28800 28800 28800 28800 28800 28800 28800 28800 28800 28800 28800 28800 28800 28800 28800 28800 28800 28800 28800 28800 28800 28800 28800 28800 28800 28800 28800 28800 28800 28800 28800 28800 28800 28800 28800 28800 28800 28800 28800 28800 28800 28800 28800 28800 28800 28800 28800 28800 28800 28800 28800 28800 28800 28800 28800 28800 28800 28800 28800 28800 28800 28800 28800 28800 28800 28800 28800 28800 28800 28800
1 1 2 30
1 1 3 30
1 2 19 30
1 2 20 30
1 3 5 240
1 3 6 240
1 3 7 240
1 3 8 240
1 3 9 240
1 3 10 240
1 3 11 240
1 3 12 240
1 3 13 240
2 1 2 30
2 1 3 30
2 2 19 30
2 2 20 30
2 3 5 240
2 3 6 240
2 3 7 240
2 3 8 240
2 3 9 240
2 3 10 240
2 3 11 240
2 3 12 240
2 3 13 240
3 1 2 30
3 1 3 30
3 2 19 30
3 2 20 30
3 3 5 240
3 3 6 240
3 3 7 240
3 3 8 240
3 3 9 240
3 3 10 240
3 3 11 240
3 3 12 240
3 3 13 240
4 1 2 30
4 1 3 30
4 2 19 30
4 2 20 30
4 3 5 240
4 3 6 240
4 3 7 240
4 3 8 240
4 3 9 240
4 3 10 240
4 3 11 240
4 3 12 240
4 3 13 240
5 1 2 30
5 1 3 30
5 2 19 30
5 2 20 30
5 3 5 240
5 3 6 240
5 3 7 240
5 3 8 240
5 3 9 240
5 3 10 240
5 3 11 240
5 3 12 240
5 3 13 240
6 1 2 30
6 1 3 30
6 2 19 30
6 2 20 30
6 3 5 240
6 3 6 240
6 3 7 240
6 3 8 240
6 3 9 240
6 3 10 240
6 3 11 240
6 3 12 240
6 3 13 240
7 1 2 30
7 1 3 30
7 2 19 30
7 2 20 30
7 3 5 240
7 3 6 240
7 3 7 240
7 3 8 240
7 3 9 240
7 3 10 240
7 3 11 240
7 3 12 240
7 3 13 240
8 1 2 30
8 1 3 30
8 2 19 30
8 2 20 30
8 3 5 240
8 3 6 240
8 3 7 240
8 3 8 240
8 3 9 240
8 3 10 240
8 3 11 240
8 3 12 240
8 3 13 240
9 1 2 30
9 1 3 30
9 2 19 30
9 2 20 30
9 3 5 240
9 3 6 240
9 3 7 240
9 3 8 240
9 3 9 240
9 3 10 240
9 3 11 240
9 3 12 240
9 3 13 240
10 1 2 30
10 1 3 30
10 2 19 30
10 2 20 30
10 3 5 240
10 3 6 240
10 3 7 240
10 3 8 240
10 3 9 240
10 3 10 240
10 3 11 240
10 3 12 240
10 3 13 240
11 1 2 30
11 1 3 30
11 2 19 30
11 2 20 30
11 3 5 240
11 3 6 240
11 3 7 240
11 3 8 240
11 3 9 240
11 3 10 240
11 3 11 240
11 3 12 240
11 3 13 240
12 1 2 30
12 1 3 30
12 2 19 30
12 2 20 30
12 3 5 240
12 3 6 240
12 3 7 240
12 3 8 240
12 3 9 240
12 3 10 240
12 3 11 240
12 3 12 240
12 3 13 240
13 1 2 30
13 1 3 30
13 2 19 30
13 2 20 30
13 3 5 240
13 3 6 240
13 3 7 240
13 3 8 240
13 3 9 240
13 3 10 240
13 3 11 240
13 3 12 240
13 3 13 240
14 1 2 30
14 1 3 30
14 2 19 30
14 2 20 30
14 3 5 240
14 3 6 240
14 3 7 240
14 3 8 240
14 3 9 240
14 3 10 240
14 3 11 240
14 3 12 240
14 3 13 240
15 1 2 30
15 1 3 30
15 2 19 30
15 2 20 30
15 3 5 240
15 3 6 240
15 3 7 240
15 3 8 240
15 3 9 240
15 3 10 240
15 3 11 240
15 3 12 240
15 3 13 240
16 1 2 30
16 1 3 30
16 2 19 30
16 2 20 30
16 3 5 240
16 3 6 240
16 3 7 240
16 3 8 240
16 3 9 240
16 3 10 240
16 3 11 240
16 3 12 240
16 3 13 240
17 1 2 30
17 1 3 30
17 2 19 30
17 2 20 30
17 3 5 240
17 3 6 240
17 3 7 240
17 3 8 240
17 3 9 240
17 3 10 240
17 3 11 240
17 3 12 240
17 3 13 240
18 1 2 30
18 1 3 30
18 2 19 30
18 2 20 30
18 3 5 240
18 3 6 240
18 3 7 240
18 3 8 240
18 3 9 240
18 3 10 240
18 3 11 240
18 3 12 240
18 3 13 240
19 1 2 30
19 1 3 30
19 2 19 30
19 2 20 30
19 3 5 240
19 3 6 240
19 3 7 240
19 3 8 240
19 3 9 240
19 3 10 240
19 3 11 240
19 3 12 240
19 3 13 240
20 1 2 30
20 1 3 30
20 2 19 30
20 2 20 30
20 3 5 240
20 3 6 240
20 3 7 240
20 3 8 240
20 3 9 240
20 3 10 240
20 3 11 240
20 3 12 240
20 3 13 240
21 1 2 30
21 1 3 30
21 2 19 30
21 2 20 30
21 3 5 240
21 3 6 240
21 3 7 240
21 3 8 240
21 3 9 240
21 3 10 240
21 3 11 240
21 3 12 240
21 3 13 240
22 1 2 30
22 1 3 30
22 2 19 30
22 2 20 30
22 3 5 240
22 3 6 240
22 3 7 240
22 3 8 240
22 3 9 240
22 3 10 240
22 3 11 240
22 3 12 240
22 3 13 240
23 1 2 30
23 1 3 30
23 2 19 30
23 2 20 30
23 3 5 240
23 3 6 240
23 3 7 240
23 3 8 240
23 3 9 240
23 3 10 240
23 3 11 240
23 3 12 240
23 3 13 240
24 1 2 30
24 1 3 30
24 2 19 30
24 2 20 30
24 3 5 240
24 3 6 240
24 3 7 240
24 3 8 240
24 3 9 240
24 3 10 240
24 3 11 240
24 3 12 240
24 3 13 240
25 1 2 30
25 1 3 30
25 2 19 30
25 2 20 30
25 3 5 240
25 3 6 240
25 3 7 240
25 3 8 240
25 3 9 240
25 3 10 240
25 3 11 240
25 3 12 240
25 3 13 240
26 1 2 30
26 1 3 30
26 2 19 30
26 2 20 30
26 3 5 240
26 3 6 240
26 3 7 240
26 3 8 240
26 3 9 240
26 3 10 240
26 3 11 240
26 3 12 240
26 3 13 240
27 1 2 30
27 1 3 30
27 2 19 30
27 2 20 30
27 3 5 240
27 3 6 240
27 3 7 240
27 3 8 240
27 3 9 240
27 3 10 240
27 3 11 240
27 3 12 240
27 3 13 240
28 1 2 30
28 1 3 30
28 2 19 30
28 2 20 30
28 3 5 240
28 3 6 240
28 3 7 240
28 3 8 240
28 3 9 240
28 3 10 240
28 3 11 240
28 3 12 240
28 3 13 240
29 1 2 30
29 1 3 30
29 2 19 30
29 2 20 30
29 3 5 240
29 3 6 240
29 3 7 240
29 3 8 240
29 3 9 240
29 3 10 240
29 3 11 240
29 3 12 240
29 3 13 240
30 1 2 30
30 1 3 30
30 2 19 30
30 2 20 30
30 3 5 240
30 3 6 240
30 3 7 240
30 3 8 240
30 3 9 240
30 3 10 240
30 3 11 240
30 3 12 240
30 3 13 240
31 1 2 30
31 1 3 30
31 2 19 30
31 2 20 30
31 3 5 240
31 3 6 240
31 3 7 240
31 3 8 240
31 3 9 240
31 3 10 240
31 3 11 240
31 3 12 240
31 3 13 240
32 1 2 30
32 1 3 30
32 2 19 30
32 2 20 30
32 3 5 240
32 3 6 240
32 3 7 240
32 3 8 240
32 3 9 240
32 3 10 240
32 3 11 240
32 3 12 240
32 3 13 240
33 1 2 30
33 1 3 30
33 2 19 30
33 2 20 30
33 3 5 240
33 3 6 240
33 3 7 240
33 3 8 240
33 3 9 240
33 3 10 240
33 3 11 240
33 3 12 240
33 3 13 240
34 1 2 30
34 1 3 30
34 2 19 30
34 2 20 30
34 3 5 240
34 3 6 240
34 3 7 240
34 3 8 240
34 3 9 240
34 3 10 240
34 3 11 240
34 3 12 240
34 3 13 240
35 1 2 30
35 1 3 30
35 2 19 30
35 2 20 30
35 3 5 240
35 3 6 240
35 3 7 240
35 3 8 240
35 3 9 240
35 3 10 240
35 3 11 240
35 3 12 240
35 3 13 240
36 1 2 30
36 1 3 30
36 2 19 30
36 2 20 30
36 3 5 240
36 3 6 240
36 3 7 240
36 3 8 240
36 3 9 240
36 3 10 240
36 3 11 240
36 3 12 240
36 3 13 240
37 1 2 30
37 1 3 30
37 2 19 30
37 2 20 30
37 3 5 240
37 3 6 240
37 3 7 240
37 3 8 240
37 3 9 240
37 3 10 240
37 3 11 240
37 3 12 240
37 3 13 240
38 1 2 30
38 1 3 30
38 2 19 30
38 2 20 30
38 3 5 240
38 3 6 240
38 3 7 240
38 3 8 240
38 3 9 240
38 3 10 240
38 3 11 240
38 3 12 240
38 3 13 240
39 1 2 30
39 1 3 30
39 2 19 30
39 2 20 30
39 3 5 240
39 3 6 240
39 3 7 240
39 3 8 240
39 3 9 240
39 3 10 240
39 3 11 240
39 3 12 240
39 3 13 240
40 1 2 30
40 1 3 30
40 2 19 30
40 2 20 30
40 3 5 240
40 3 6 240
40 3 7 240
40 3 8 240
40 3 9 240
40 3 10 240
40 3 11 240
40 3 12 240
40 3 13 240
41 1 2 30
41 1 3 30
41 2 19 30
41 2 20 30
41 3 5 240
41 3 6 240
41 3 7 240
41 3 8 240
41 3 9 240
41 3 10 240
41 3 11 240
41 3 12 240
41 3 13 240
42 1 2 30
42 1 3 30
42 2 19 30
42 2 20 30
42 3 5 240
42 3 6 240
42 3 7 240
42 3 8 240
42 3 9 240
42 3 10 240
42 3 11 240
42 3 12 240
42 3 13 240
43 1 2 30
43 1 3 30
43 2 19 30
43 2 20 30
43 3 5 240
43 3 6 240
43 3 7 240
43 3 8 240
43 3 9 240
43 3 10 240
43 3 11 240
43 3 12 240
43 3 13 240
44 1 2 30
44 1 3 30
44 2 19 30
44 2 20 30
44 3 5 240
44 3 6 240
44 3 7 240
44 3 8 240
44 3 9 240
44 3 10 240
44 3 11 240
44 3 12 240
44 3 13 240
45 1 2 30
45 1 3 30
45 2 19 30
45 2 20 30
45 3 5 240
45 3 6 240
45 3 7 240
45 3 8 240
45 3 9 240
45 3 10 240
45 3 11 240
45 3 12 240
45 3 13 240
46 1 2 30
46 1 3 30
46 2 19 30
46 2 20 30
46 3 5 240
46 3 6 240
46 3 7 240
46 3 8 240
46 3 9 240
46 3 10 240
46 3 11 240
46 3 12 240
46 3 13 240
47 1 2 30
47 1 3 30
47 2 19 30
47 2 20 30
47 3 5 240
47 3 6 240
47 3 7 240
47 3 8 240
47 3 9 240
47 3 10 240
47 3 11 240
47 3 12 240
47 3 13 240
48 1 2 30
48 1 3 30
48 2 19 30
48 2 20 30
48 3 5 240
48 3 6 240
48 3 7 240
48 3 8 240
48 3 9 240
48 3 10 240
48 3 11 240
48 3 12 240
48 3 13 240
49 1 2 30
49 1 3 30
49 2 19 30
49 2 20 30
49 3 5 240
49 3 6 240
49 3 7 240
49 3 8 240
49 3 9 240
49 3 10 240
49 3 11 240
49 3 12 240
49 3 13 240
50 1 2 30
50 1 3 30
50 2 19 30
50 2 20 30
50 3 5 240
50 3 6 240
50 3 7 240
50 3 8 240
50 3 9 240
50 3 10 240
50 3 11 240
50 3 12 240
50 3 13 240
51 1 2 30
51 1 3 30
51 2 19 30
51 2 20 30
51 3 5 240
51 3 6 240
51 3 7 240
51 3 8 240
51 3 9 240
51 3 10 240
51 3 11 240
51 3 12 240
51 3 13 240
52 1 2 30
52 1 3 30
52 2 19 30
52 2 20 30
52 3 5 240
52 3 6 240
52 3 7 240
52 3 8 240
52 3 9 240
52 3 10 240
52 3 11 240
52 3 12 240
52 3 13 240
53 1 2 30
53 1 3 30
53 2 19 30
53 2 20 30
53 3 5 240
53 3 6 240
53 3 7 240
53 3 8 240
53 3 9 240
53 3 10 240
53 3 11 240
53 3 12 240
53 3 13 240
54 1 2 30
54 1 3 30
54 2 19 30
54 2 20 30
54 3 5 240
54 3 6 240
54 3 7 240
54 3 8 240
54 3 9 240
54 3 10 240
54 3 11 240
54 3 12 240
54 3 13 240
55 1 2 30
55 1 3 30
55 2 19 30
55 2 20 30
55 3 5 240
55 3 6 240
55 3 7 240
55 3 8 240
55 3 9 240
55 3 10 240
55 3 11 240
55 3 12 240
55 3 13 240
56 1 2 30
56 1 3 30
56 2 19 30
56 2 20 30
56 3 5 240
56 3 6 240
56 3 7 240
56 3 8 240
56 3 9 240
56 3 10 240
56 3 11 240
56 3 12 240
56 3 13 240
57 1 2 30
57 1 3 30
57 2 19 30
57 2 20 30
57 3 5 240
57 3 6 240
57 3 7 240
57 3 8 240
57 3 9 240
57 3 10 240
57 3 11 240
57 3 12 240
57 3 13 240
58 1 2 30
58 1 3 30
58 2 19 30
58 2 20 30
58 3 5 240
58 3 6 240
58 3 7 240
58 3 8 240
58 3 9 240
58 3 10 240
58 3 11 240
58 3 12 240
58 3 13 240
59 1 2 30
59 1 3 30
59 2 19 30
59 2 20 30
59 3 5 240
59 3 6 240
59 3 7 240
59 3 8 240
59 3 9 240
59 3 10 240
59 3 11 240
59 3 12 240
59 3 13 240
60 1 2 30
60 1 3 30
60 2 19 30
60 2 20 30
60 3 5 240
60 3 6 240
60 3 7 240
60 3 8 240
60 3 9 240
60 3 10 240
60 3 11 240
60 3 12 240
60 3 13 240
61 1 2 30
61 1 3 30
61 2 19 30
61 2 20 30
61 3 5 240
61 3 6 240
61 3 7 240
61 3 8 240
61 3 9 240
61 3 10 240
61 3 11 240
61 3 12 240
61 3 13 240
62 1 2 30
62 1 3 30
62 2 19 30
62 2 20 30
62 3 5 240
62 3 6 240
62 3 7 240
62 3 8 240
62 3 9 240
62 3 10 240
62 3 11 240
62 3 12 240
62 3 13 240
63 1 2 30
63 1 3 30
63 2 19 30
63 2 20 30
63 3 5 240
63 3 6 240
63 3 7 240
63 3 8 240
63 3 9 240
63 3 10 240
63 3 11 240
63 3 12 240
63 3 13 240
64 1 2 30
64 1 3 30
64 2 19 30
64 2 20 30
64 3 5 240
64 3 6 240
64 3 7 240
64 3 8 240
64 3 9 240
64 3 10 240
64 3 11 240
64 3 12 240
64 3 13 240
65 1 2 30
65 1 3 30
65 2 19 30
65 2 20 30
65 3 5 240
65 3 6 240
65 3 7 240
65 3 8 240
65 3 9 240
65 3 10 240
65 3 11 240
65 3 12 240
65 3 13 240
66 1 2 30
66 1 3 30
66 2 19 30
66 2 20 30
66 3 5 240
66 3 6 240
66 3 7 240
66 3 8 240
66 3 9 240
66 3 10 240
66 3 11 240
66 3 12 240
66 3 13 240
67 1 2 30
67 1 3 30
67 2 19 30
67 2 20 30
67 3 5 240
67 3 6 240
67 3 7 240
67 3 8 240
67 3 9 240
67 3 10 240
67 3 11 240
67 3 12 240
67 3 13 240
68 1 2 30
68 1 3 30
68 2 19 30
68 2 20 30
68 3 5 240
68 3 6 240
68 3 7 240
68 3 8 240
68 3 9 240
68 3 10 240
68 3 11 240
68 3 12 240
68 3 13 240
69 1 2 30
69 1 3 30
69 2 19 30
69 2 20 30
69 3 5 240
69 3 6 240
69 3 7 240
69 3 8 240
69 3 9 240
69 3 10 240
69 3 11 240
69 3 12 240
69 3 13 240
70 1 2 30
70 1 3 30
70 2 19 30
70 2 20 30
70 3 5 240
70 3 6 240
70 3 7 240
70 3 8 240
70 3 9 240
70 3 10 240
70 3 11 240
70 3 12 240
70 3 13 240
71 1 2 30
71 1 3 30
71 2 19 30
71 2 20 30
71 3 5 240
71 3 6 240
71 3 7 240
71 3 8 240
71 3 9 240
71 3 10 240
71 3 11 240
71 3 12 240
71 3 13 240
72 1 2 30
72 1 3 30
72 2 19 30
72 2 20 30
72 3 5 240
72 3 6 240
72 3 7 240
72 3 8 240
72 3 9 240
72 3 10 240
72 3 11 240
72 3 12 240
72 3 13 240
73 1 2 30
73 1 3 30
73 2 19 30
73 2 20 30
73 3 5 240
73 3 6 240
73 3 7 240
73 3 8 240
73 3 9 240
73 3 10 240
73 3 11 240
73 3 12 240
73 3 13 240
74 1 2 30
74 1 3 30
74 2 19 30
74 2 20 30
74 3 5 240
74 3 6 240
74 3 7 240
74 3 8 240
74 3 9 240
74 3 10 240
74 3 11 240
74 3 12 240
74 3 13 240
75 1 2 30
75 1 3 30
75 2 19 30
75 2 20 30
75 3 5 240
75 3 6 240
75 3 7 240
75 3 8 240
75 3 9 240
75 3 10 240
75 3 11 240
75 3 12 240
75 3 13 240
76 1 2 30
76 1 3 30
76 2 19 30
76 2 20 30
76 3 5 240
76 3 6 240
76 3 7 240
76 3 8 240
76 3 9 240
76 3 10 240
76 3 11 240
76 3 12 240
76 3 13 240
77 1 2 30
77 1 3 30
77 2 19 30
77 2 20 30
77 3 5 240
77 3 6 240
77 3 7 240
77 3 8 240
77 3 9 240
77 3 10 240
77 3 11 240
77 3 12 240
77 3 13 240
78 1 2 30
78 1 3 30
78 2 19 30
78 2 20 30
78 3 5 240
78 3 6 240
78 3 7 240
78 3 8 240
78 3 9 240
78 3 10 240
78 3 11 240
78 3 12 240
78 3 13 240
79 1 2 30
79 1 3 30
79 2 19 30
79 2 20 30
79 3 5 240
79 3 6 240
79 3 7 240
79 3 8 240
79 3 9 240
79 3 10 240
79 3 11 240
79 3 12 240
79 3 13 240
80 1 2 30
80 1 3 30
80 2 19 30
80 2 20 30
80 3 5 240
80 3 6 240
80 3 7 240
80 3 8 240
80 3 9 240
80 3 10 240
80 3 11 240
80 3 12 240
80 3 13 240
81 1 2 30
81 1 3 30
81 2 19 30
81 2 20 30
81 3 5 240
81 3 6 240
81 3 7 240
81 3 8 240
81 3 9 240
81 3 10 240
81 3 11 240
81 3 12 240
81 3 13 240
82 1 2 30
82 1 3 30
82 2 19 30
82 2 20 30
82 3 5 240
82 3 6 240
82 3 7 240
82 3 8 240
82 3 9 240
82 3 10 240
82 3 11 240
82 3 12 240
82 3 13 240
83 1 2 30
83 1 3 30
83 2 19 30
83 2 20 30
83 3 5 240
83 3 6 240
83 3 7 240
83 3 8 240
83 3 9 240
83 3 10 240
83 3 11 240
83 3 12 240
83 3 13 240
84 1 2 30
84 1 3 30
84 2 19 30
84 2 20 30
84 3 5 240
84 3 6 240
84 3 7 240
84 3 8 240
84 3 9 240
84 3 10 240
84 3 11 240
84 3 12 240
84 3 13 240
85 1 2 30
85 1 3 30
85 2 19 30
85 2 20 30
85 3 5 240
85 3 6 240
85 3 7 240
85 3 8 240
85 3 9 240
85 3 10 240
85 3 11 240
85 3 12 240
85 3 13 240
86 1 2 30
86 1 3 30
86 2 19 30
86 2 20 30
86 3 5 240
86 3 6 240
86 3 7 240
86 3 8 240
86 3 9 240
86 3 10 240
86 3 11 240
86 3 12 240
86 3 13 240
87 1 2 30
87 1 3 30
87 2 19 30
87 2 20 30
87 3 5 240
87 3 6 240
87 3 7 240
87 3 8 240
87 3 9 240
87 3 10 240
87 3 11 240
87 3 12 240
87 3 13 240
88 1 2 30
88 1 3 30
88 2 19 30
88 2 20 30
88 3 5 240
88 3 6 240
88 3 7 240
88 3 8 240
88 3 9 240
88 3 10 240
88 3 11 240
88 3 12 240
88 3 13 240
89 1 2 30
89 1 3 30
89 2 19 30
89 2 20 30
89 3 5 240
89 3 6 240
89 3 7 240
89 3 8 240
89 3 9 240
89 3 10 240
89 3 11 240
89 3 12 240
89 3 13 240
90 1 2 30
90 1 3 30
90 2 19 30
90 2 20 30
90 3 5 240
90 3 6 240
90 3 7 240
90 3 8 240
90 3 9 240
90 3 10 240
90 3 11 240
90 3 12 240
90 3 13 240
91 1 2 30
91 1 3 30
91 2 19 30
91 2 20 30
91 3 5 240
91 3 6 240
91 3 7 240
91 3 8 240
91 3 9 240
91 3 10 240
91 3 11 240
91 3 12 240
91 3 13 240
92 1 2 30
92 1 3 30
92 2 19 30
92 2 20 30
92 3 5 240
92 3 6 240
92 3 7 240
92 3 8 240
92 3 9 240
92 3 10 240
92 3 11 240
92 3 12 240
92 3 13 240
93 1 2 30
93 1 3 30
93 2 19 30
93 2 20 30
93 3 5 240
93 3 6 240
93 3 7 240
93 3 8 240
93 3 9 240
93 3 10 240
93 3 11 240
93 3 12 240
93 3 13 240
94 1 2 30
94 1 3 30
94 2 19 30
94 2 20 30
94 3 5 240
94 3 6 240
94 3 7 240
94 3 8 240
94 3 9 240
94 3 10 240
94 3 11 240
94 3 12 240
94 3 13 240
95 1 2 30
95 1 3 30
95 2 19 30
95 2 20 30
95 3 5 240
95 3 6 240
95 3 7 240
95 3 8 240
95 3 9 240
95 3 10 240
95 3 11 240
95 3 12 240
95 3 13 240
96 1 2 30
96 1 3 30
96 2 19 30
96 2 20 30
96 3 5 240
96 3 6 240
96 3 7 240
96 3 8 240
96 3 9 240
96 3 10 240
96 3 11 240
96 3 12 240
96 3 13 240
97 1 2 30
97 1 3 30
97 2 19 30
97 2 20 30
97 3 5 240
97 3 6 240
97 3 7 240
97 3 8 240
97 3 9 240
97 3 10 240
97 3 11 240
97 3 12 240
97 3 13 240
98 1 2 30
98 1 3 30
98 2 19 30
98 2 20 30
98 3 5 240
98 3 6 240
98 3 7 240
98 3 8 240
98 3 9 240
98 3 10 240
98 3 11 240
98 3 12 240
98 3 13 240
99 1 2 30
99 1 3 30
99 2 19 30
99 2 20 30
99 3 5 240
99 3 6 240
99 3 7 240
99 3 8 240
99 3 9 240
99 3 10 240
99 3 11 240
99 3 12 240
99 3 13 240
100 1 2 30
100 1 3 30
100 2 19 30
100 2 20 30
100 3 5 240
100 3 6 240
100 3 7 240
100 3 8 240
100 3 9 240
100 3 10 240
100 3 11 240
100 3 12 240
100 3 13 240
101 1 2 30
101 1 3 30
101 2 19 30
101 2 20 30
101 3 5 240
101 3 6 240
101 3 7 240
101 3 8 240
101 3 9 240
101 3 10 240
101 3 11 240
101 3 12 240
101 3 13 240
102 1 2 30
102 1 3 30
102 2 19 30
102 2 20 30
102 3 5 240
102 3 6 240
102 3 7 240
102 3 8 240
102 3 9 240
102 3 10 240
102 3 11 240
102 3 12 240
102 3 13 240
103 1 2 30
103 1 3 30
103 2 19 30
103 2 20 30
103 3 5 240
103 3 6 240
103 3 7 240
103 3 8 240
103 3 9 240
103 3 10 240
103 3 11 240
103 3 12 240
103 3 13 240
104 1 2 30
104 1 3 30
104 2 19 30
104 2 20 30
104 3 5 240
104 3 6 240
104 3 7 240
104 3 8 240
104 3 9 240
104 3 10 240
104 3 11 240
104 3 12 240
104 3 13 240
105 1 2 30
105 1 3 30
105 2 19 30
105 2 20 30
105 3 5 240
105 3 6 240
105 3 7 240
105 3 8 240
105 3 9 240
105 3 10 240
105 3 11 240
105 3 12 240
105 3 13 240
106 1 2 30
106 1 3 30
106 2 19 30
106 2 20 30
106 3 5 240
106 3 6 240
106 3 7 240
106 3 8 240
106 3 9 240
106 3 10 240
106 3 11 240
106 3 12 240
106 3 13 240
107 1 2 30
107 1 3 30
107 2 19 30
107 2 20 30
107 3 5 240
107 3 6 240
107 3 7 240
107 3 8 240
107 3 9 240
107 3 10 240
107 3 11 240
107 3 12 240
107 3 13 240
108 1 2 30
108 1 3 30
108 2 19 30
108 2 20 30
108 3 5 240
108 3 6 240
108 3 7 240
108 3 8 240
108 3 9 240
108 3 10 240
108 3 11 240
108 3 12 240
108 3 13 240
109 1 2 30
109 1 3 30
109 2 19 30
109 2 20 30
109 3 5 240
109 3 6 240
109 3 7 240
109 3 8 240
109 3 9 240
109 3 10 240
109 3 11 240
109 3 12 240
109 3 13 240
110 1 2 30
110 1 3 30
110 2 19 30
110 2 20 30
110 3 5 240
110 3 6 240
110 3 7 240
110 3 8 240
110 3 9 240
110 3 10 240
110 3 11 240
110 3 12 240
110 3 13 240
111 1 2 30
111 1 3 30
111 2 19 30
111 2 20 30
111 3 5 240
111 3 6 240
111 3 7 240
111 3 8 240
111 3 9 240
111 3 10 240
111 3 11 240
111 3 12 240
111 3 13 240
112 1 2 30
112 1 3 30
112 2 19 30
112 2 20 30
112 3 5 240
112 3 6 240
112 3 7 240
112 3 8 240
112 3 9 240
112 3 10 240
112 3 11 240
112 3 12 240
112 3 13 240
113 1 2 30
113 1 3 30
113 2 19 30
113 2 20 30
113 3 5 240
113 3 6 240
113 3 7 240
113 3 8 240
113 3 9 240
113 3 10 240
113 3 11 240
113 3 12 240
113 3 13 240
114 1 2 30
114 1 3 30
114 2 19 30
114 2 20 30
114 3 5 240
114 3 6 240
114 3 7 240
114 3 8 240
114 3 9 240
114 3 10 240
114 3 11 240
114 3 12 240
114 3 13 240
115 1 2 30
115 1 3 30
115 2 19 30
115 2 20 30
115 3 5 240
115 3 6 240
115 3 7 240
115 3 8 240
115 3 9 240
115 3 10 240
115 3 11 240
115 3 12 240
115 3 13 240
116 1 2 30
116 1 3 30
116 2 19 30
116 2 20 30
116 3 5 240
116 3 6 240
116 3 7 240
116 3 8 240
116 3 9 240
116 3 10 240
116 3 11 240
116 3 12 240
116 3 13 240
117 1 2 30
117 1 3 30
117 2 19 30
117 2 20 30
117 3 5 240
117 3 6 240
117 3 7 240
117 3 8 240
117 3 9 240
117 3 10 240
117 3 11 240
117 3 12 240
117 3 13 240
118 1 2 30
118 1 3 30
118 2 19 30
118 2 20 30
118 3 5 240
118 3 6 240
118 3 7 240
118 3 8 240
118 3 9 240
118 3 10 240
118 3 11 240
118 3 12 240
118 3 13 240
119 1 2 30
119 1 3 30
119 2 19 30
119 2 20 30
119 3 5 240
119 3 6 240
119 3 7 240
119 3 8 240
119 3 9 240
119 3 10 240
119 3 11 240
119 3 12 240
119 3 13 240
120 1 2 30
120 1 3 30
120 2 19 30
120 2 20 30
120 3 5 240
120 3 6 240
120 3 7 240
120 3 8 240
120 3 9 240
120 3 10 240
120 3 11 240
120 3 12 240
120 3 13 240
121 1 2 30
121 1 3 30
121 2 19 30
121 2 20 30
121 3 5 240
121 3 6 240
121 3 7 240
121 3 8 240
121 3 9 240
121 3 10 240
121 3 11 240
121 3 12 240
121 3 13 240
122 1 2 30
122 1 3 30
122 2 19 30
122 2 20 30
122 3 5 240
122 3 6 240
122 3 7 240
122 3 8 240
122 3 9 240
122 3 10 240
122 3 11 240
122 3 12 240
122 3 13 240
123 1 2 30
123 1 3 30
123 2 19 30
123 2 20 30
123 3 5 240
123 3 6 240
123 3 7 240
123 3 8 240
123 3 9 240
123 3 10 240
123 3 11 240
123 3 12 240
123 3 13 240
124 1 2 30
124 1 3 30
124 2 19 30
124 2 20 30
124 3 5 240
124 3 6 240
124 3 7 240
124 3 8 240
124 3 9 240
124 3 10 240
124 3 11 240
124 3 12 240
124 3 13 240
125 1 2 30
125 1 3 30
125 2 19 30
125 2 20 30
125 3 5 240
125 3 6 240
125 3 7 240
125 3 8 240
125 3 9 240
125 3 10 240
125 3 11 240
125 3 12 240
125 3 13 240
126 1 2 20
126 1 3 20
126 2 19 30
126 2 20 30
126 3 5 240
126 3 6 240
126 3 7 240
126 3 8 240
126 3 9 240
126 3 10 240
126 3 11 240
126 3 12 240
126 3 13 240
127 1 2 20
127 1 3 20
127 2 19 30
127 2 20 30
127 3 5 240
127 3 6 240
127 3 7 240
127 3 8 240
127 3 9 240
127 3 10 240
127 3 11 240
127 3 12 240
127 3 13 240
128 1 2 20
128 1 3 20
128 2 19 30
128 2 20 30
128 3 5 240
128 3 6 240
128 3 7 240
128 3 8 240
128 3 9 240
128 3 10 240
128 3 11 240
128 3 12 240
128 3 13 240
129 1 2 20
129 1 3 20
129 2 19 30
129 2 20 30
129 3 5 240
129 3 6 240
129 3 7 240
129 3 8 240
129 3 9 240
129 3 10 240
129 3 11 240
129 3 12 240
129 3 13 240
130 1 2 20
130 1 3 20
130 2 19 30
130 2 20 30
130 3 5 240
130 3 6 240
130 3 7 240
130 3 8 240
130 3 9 240
130 3 10 240
130 3 11 240
130 3 12 240
130 3 13 240
131 1 2 20
131 1 3 20
131 2 19 30
131 2 20 30
131 3 5 240
131 3 6 240
131 3 7 240
131 3 8 240
131 3 9 240
131 3 10 240
131 3 11 240
131 3 12 240
131 3 13 240
132 1 2 20
132 1 3 20
132 2 19 30
132 2 20 30
132 3 5 240
132 3 6 240
132 3 7 240
132 3 8 240
132 3 9 240
132 3 10 240
132 3 11 240
132 3 12 240
132 3 13 240
133 1 2 20
133 1 3 20
133 2 19 30
133 2 20 30
133 3 5 240
133 3 6 240
133 3 7 240
133 3 8 240
133 3 9 240
133 3 10 240
133 3 11 240
133 3 12 240
133 3 13 240
134 1 2 20
134 1 3 20
134 2 19 30
134 2 20 30
134 3 5 240
134 3 6 240
134 3 7 240
134 3 8 240
134 3 9 240
134 3 10 240
134 3 11 240
134 3 12 240
134 3 13 240
135 1 2 20
135 1 3 20
135 2 19 30
135 2 20 30
135 3 5 240
135 3 6 240
135 3 7 240
135 3 8 240
135 3 9 240
135 3 10 240
135 3 11 240
135 3 12 240
135 3 13 240
136 1 2 20
136 1 3 20
136 2 19 30
136 2 20 30
136 3 5 240
136 3 6 240
136 3 7 240
136 3 8 240
136 3 9 240
136 3 10 240
136 3 11 240
136 3 12 240
136 3 13 240
137 1 2 20
137 1 3 20
137 2 19 30
137 2 20 30
137 3 5 240
137 3 6 240
137 3 7 240
137 3 8 240
137 3 9 240
137 3 10 240
137 3 11 240
137 3 12 240
137 3 13 240
138 1 2 20
138 1 3 20
138 2 19 30
138 2 20 30
138 3 5 240
138 3 6 240
138 3 7 240
138 3 8 240
138 3 9 240
138 3 10 240
138 3 11 240
138 3 12 240
138 3 13 240
139 1 2 20
139 1 3 20
139 2 19 30
139 2 20 30
139 3 5 240
139 3 6 240
139 3 7 240
139 3 8 240
139 3 9 240
139 3 10 240
139 3 11 240
139 3 12 240
139 3 13 240
140 1 2 20
140 1 3 20
140 2 19 30
140 2 20 30
140 3 5 240
140 3 6 240
140 3 7 240
140 3 8 240
140 3 9 240
140 3 10 240
140 3 11 240
140 3 12 240
140 3 13 240
141 1 2 20
141 1 3 20
141 2 19 30
141 2 20 30
141 3 5 240
141 3 6 240
141 3 7 240
141 3 8 240
141 3 9 240
141 3 10 240
141 3 11 240
141 3 12 240
141 3 13 240
142 1 2 20
142 1 3 20
142 2 19 30
142 2 20 30
142 3 5 240
142 3 6 240
142 3 7 240
142 3 8 240
142 3 9 240
142 3 10 240
142 3 11 240
142 3 12 240
142 3 13 240
143 1 2 20
143 1 3 20
143 2 19 30
143 2 20 30
143 3 5 240
143 3 6 240
143 3 7 240
143 3 8 240
143 3 9 240
143 3 10 240
143 3 11 240
143 3 12 240
143 3 13 240
144 1 2 20
144 1 3 20
144 2 19 30
144 2 20 30
144 3 5 240
144 3 6 240
144 3 7 240
144 3 8 240
144 3 9 240
144 3 10 240
144 3 11 240
144 3 12 240
144 3 13 240
145 1 2 20
145 1 3 20
145 2 19 30
145 2 20 30
145 3 5 240
145 3 6 240
145 3 7 240
145 3 8 240
145 3 9 240
145 3 10 240
145 3 11 240
145 3 12 240
145 3 13 240
146 1 2 20
146 1 3 20
146 2 19 30
146 2 20 30
146 3 5 240
146 3 6 240
146 3 7 240
146 3 8 240
146 3 9 240
146 3 10 240
146 3 11 240
146 3 12 240
146 3 13 240
147 1 2 20
147 1 3 20
147 2 19 30
147 2 20 30
147 3 5 240
147 3 6 240
147 3 7 240
147 3 8 240
147 3 9 240
147 3 10 240
147 3 11 240
147 3 12 240
147 3 13 240
148 1 2 20
148 1 3 20
148 2 19 30
148 2 20 30
148 3 5 240
148 3 6 240
148 3 7 240
148 3 8 240
148 3 9 240
148 3 10 240
148 3 11 240
148 3 12 240
148 3 13 240
149 1 2 20
149 1 3 20
149 2 19 30
149 2 20 30
149 3 5 240
149 3 6 240
149 3 7 240
149 3 8 240
149 3 9 240
149 3 10 240
149 3 11 240
149 3 12 240
149 3 13 240
150 1 2 20
150 1 3 20
150 2 19 30
150 2 20 30
150 3 5 240
150 3 6 240
150 3 7 240
150 3 8 240
150 3 9 240
150 3 10 240
150 3 11 240
150 3 12 240
150 3 13 240
151 1 2 20
151 1 3 20
151 2 19 30
151 2 20 30
151 3 5 240
151 3 6 240
151 3 7 240
151 3 8 240
151 3 9 240
151 3 10 240
151 3 11 240
151 3 12 240
151 3 13 240
152 1 2 20
152 1 3 20
152 2 19 30
152 2 20 30
152 3 5 240
152 3 6 240
152 3 7 240
152 3 8 240
152 3 9 240
152 3 10 240
152 3 11 240
152 3 12 240
152 3 13 240
153 1 2 20
153 1 3 20
153 2 19 30
153 2 20 30
153 3 5 240
153 3 6 240
153 3 7 240
153 3 8 240
153 3 9 240
153 3 10 240
153 3 11 240
153 3 12 240
153 3 13 240
154 1 2 20
154 1 3 20
154 2 19 30
154 2 20 30
154 3 5 240
154 3 6 240
154 3 7 240
154 3 8 240
154 3 9 240
154 3 10 240
154 3 11 240
154 3 12 240
154 3 13 240
155 1 2 20
155 1 3 20
155 2 19 30
155 2 20 30
155 3 5 240
155 3 6 240
155 3 7 240
155 3 8 240
155 3 9 240
155 3 10 240
155 3 11 240
155 3 12 240
155 3 13 240
156 1 2 20
156 1 3 20
156 2 19 30
156 2 20 30
156 3 5 240
156 3 6 240
156 3 7 240
156 3 8 240
156 3 9 240
156 3 10 240
156 3 11 240
156 3 12 240
156 3 13 240
157 1 2 20
157 1 3 20
157 2 19 30
157 2 20 30
157 3 5 240
157 3 6 240
157 3 7 240
157 3 8 240
157 3 9 240
157 3 10 240
157 3 11 240
157 3 12 240
157 3 13 240
158 1 2 20
158 1 3 20
158 2 19 30
158 2 20 30
158 3 5 240
158 3 6 240
158 3 7 240
158 3 8 240
158 3 9 240
158 3 10 240
158 3 11 240
158 3 12 240
158 3 13 240
159 1 2 20
159 1 3 20
159 2 19 30
159 2 20 30
159 3 5 240
159 3 6 240
159 3 7 240
159 3 8 240
159 3 9 240
159 3 10 240
159 3 11 240
159 3 12 240
159 3 13 240
160 1 2 20
160 1 3 20
160 2 19 30
160 2 20 30
160 3 5 240
160 3 6 240
160 3 7 240
160 3 8 240
160 3 9 240
160 3 10 240
160 3 11 240
160 3 12 240
160 3 13 240
161 1 2 20
161 1 3 20
161 2 19 30
161 2 20 30
161 3 5 240
161 3 6 240
161 3 7 240
161 3 8 240
161 3 9 240
161 3 10 240
161 3 11 240
161 3 12 240
161 3 13 240
162 1 2 20
162 1 3 20
162 2 19 30
162 2 20 30
162 3 5 240
162 3 6 240
162 3 7 240
162 3 8 240
162 3 9 240
162 3 10 240
162 3 11 240
162 3 12 240
162 3 13 240
163 1 2 20
163 1 3 20
163 2 19 30
163 2 20 30
163 3 5 240
163 3 6 240
163 3 7 240
163 3 8 240
163 3 9 240
163 3 10 240
163 3 11 240
163 3 12 240
163 3 13 240
164 1 2 20
164 1 3 20
164 2 19 30
164 2 20 30
164 3 5 240
164 3 6 240
164 3 7 240
164 3 8 240
164 3 9 240
164 3 10 240
164 3 11 240
164 3 12 240
164 3 13 240
165 1 2 20
165 1 3 20
165 2 19 30
165 2 20 30
165 3 5 240
165 3 6 240
165 3 7 240
165 3 8 240
165 3 9 240
165 3 10 240
165 3 11 240
165 3 12 240
165 3 13 240
166 1 2 20
166 1 3 20
166 2 19 30
166 2 20 30
166 3 5 240
166 3 6 240
166 3 7 240
166 3 8 240
166 3 9 240
166 3 10 240
166 3 11 240
166 3 12 240
166 3 13 240
167 1 2 20
167 1 3 20
167 2 19 30
167 2 20 30
167 3 5 240
167 3 6 240
167 3 7 240
167 3 8 240
167 3 9 240
167 3 10 240
167 3 11 240
167 3 12 240
167 3 13 240
168 1 2 20
168 1 3 20
168 2 19 30
168 2 20 30
168 3 5 240
168 3 6 240
168 3 7 240
168 3 8 240
168 3 9 240
168 3 10 240
168 3 11 240
168 3 12 240
168 3 13 240
169 1 2 20
169 1 3 20
169 2 19 30
169 2 20 30
169 3 5 240
169 3 6 240
169 3 7 240
169 3 8 240
169 3 9 240
169 3 10 240
169 3 11 240
169 3 12 240
169 3 13 240
170 1 2 20
170 1 3 20
170 2 19 30
170 2 20 30
170 3 5 240
170 3 6 240
170 3 7 240
170 3 8 240
170 3 9 240
170 3 10 240
170 3 11 240
170 3 12 240
170 3 13 240
171 1 2 20
171 1 3 20
171 2 19 30
171 2 20 30
171 3 5 240
171 3 6 240
171 3 7 240
171 3 8 240
171 3 9 240
171 3 10 240
171 3 11 240
171 3 12 240
171 3 13 240
172 1 2 20
172 1 3 20
172 2 19 30
172 2 20 30
172 3 5 240
172 3 6 240
172 3 7 240
172 3 8 240
172 3 9 240
172 3 10 240
172 3 11 240
172 3 12 240
172 3 13 240
173 1 2 20
173 1 3 20
173 2 19 30
173 2 20 30
173 3 5 240
173 3 6 240
173 3 7 240
173 3 8 240
173 3 9 240
173 3 10 240
173 3 11 240
173 3 12 240
173 3 13 240
174 1 2 20
174 1 3 20
174 2 19 30
174 2 20 30
174 3 5 240
174 3 6 240
174 3 7 240
174 3 8 240
174 3 9 240
174 3 10 240
174 3 11 240
174 3 12 240
174 3 13 240
175 1 2 20
175 1 3 20
175 2 19 30
175 2 20 30
175 3 5 240
175 3 6 240
175 3 7 240
175 3 8 240
175 3 9 240
175 3 10 240
175 3 11 240
175 3 12 240
175 3 13 240
176 1 2 20
176 1 3 20
176 2 19 30
176 2 20 30
176 3 5 240
176 3 6 240
176 3 7 240
176 3 8 240
176 3 9 240
176 3 10 240
176 3 11 240
176 3 12 240
176 3 13 240
177 1 2 20
177 1 3 20
177 2 19 30
177 2 20 30
177 3 5 240
177 3 6 240
177 3 7 240
177 3 8 240
177 3 9 240
177 3 10 240
177 3 11 240
177 3 12 240
177 3 13 240
178 1 2 20
178 1 3 20
178 2 19 30
178 2 20 30
178 3 5 240
178 3 6 240
178 3 7 240
178 3 8 240
178 3 9 240
178 3 10 240
178 3 11 240
178 3 12 240
178 3 13 240
179 1 2 20
179 1 3 20
179 2 19 30
179 2 20 30
179 3 5 240
179 3 6 240
179 3 7 240
179 3 8 240
179 3 9 240
179 3 10 240
179 3 11 240
179 3 12 240
179 3 13 240
180 1 2 20
180 1 3 20
180 2 19 30
180 2 20 30
180 3 5 240
180 3 6 240
180 3 7 240
180 3 8 240
180 3 9 240
180 3 10 240
180 3 11 240
180 3 12 240
180 3 13 240
181 1 2 20
181 1 3 20
181 2 19 30
181 2 20 30
181 3 5 240
181 3 6 240
181 3 7 240
181 3 8 240
181 3 9 240
181 3 10 240
181 3 11 240
181 3 12 240
181 3 13 240
182 1 2 20
182 1 3 20
182 2 19 30
182 2 20 30
182 3 5 240
182 3 6 240
182 3 7 240
182 3 8 240
182 3 9 240
182 3 10 240
182 3 11 240
182 3 12 240
182 3 13 240
183 1 2 20
183 1 3 20
183 2 19 30
183 2 20 30
183 3 5 240
183 3 6 240
183 3 7 240
183 3 8 240
183 3 9 240
183 3 10 240
183 3 11 240
183 3 12 240
183 3 13 240
184 1 2 20
184 1 3 20
184 2 19 30
184 2 20 30
184 3 5 240
184 3 6 240
184 3 7 240
184 3 8 240
184 3 9 240
184 3 10 240
184 3 11 240
184 3 12 240
184 3 13 240
185 1 2 20
185 1 3 20
185 2 19 30
185 2 20 30
185 3 5 240
185 3 6 240
185 3 7 240
185 3 8 240
185 3 9 240
185 3 10 240
185 3 11 240
185 3 12 240
185 3 13 240
186 1 2 20
186 1 3 20
186 2 19 30
186 2 20 30
186 3 5 240
186 3 6 240
186 3 7 240
186 3 8 240
186 3 9 240
186 3 10 240
186 3 11 240
186 3 12 240
186 3 13 240
187 1 2 20
187 1 3 20
187 2 19 30
187 2 20 30
187 3 5 240
187 3 6 240
187 3 7 240
187 3 8 240
187 3 9 240
187 3 10 240
187 3 11 240
187 3 12 240
187 3 13 240
188 1 2 20
188 1 3 20
188 2 19 30
188 2 20 30
188 3 5 240
188 3 6 240
188 3 7 240
188 3 8 240
188 3 9 240
188 3 10 240
188 3 11 240
188 3 12 240
188 3 13 240
189 1 2 20
189 1 3 20
189 2 19 30
189 2 20 30
189 3 5 240
189 3 6 240
189 3 7 240
189 3 8 240
189 3 9 240
189 3 10 240
189 3 11 240
189 3 12 240
189 3 13 240
190 1 2 20
190 1 3 20
190 2 19 30
190 2 20 30
190 3 5 240
190 3 6 240
190 3 7 240
190 3 8 240
190 3 9 240
190 3 10 240
190 3 11 240
190 3 12 240
190 3 13 240
191 1 2 20
191 1 3 20
191 2 19 30
191 2 20 30
191 3 5 240
191 3 6 240
191 3 7 240
191 3 8 240
191 3 9 240
191 3 10 240
191 3 11 240
191 3 12 240
191 3 13 240
192 1 2 20
192 1 3 20
192 2 19 30
192 2 20 30
192 3 5 240
192 3 6 240
192 3 7 240
192 3 8 240
192 3 9 240
192 3 10 240
192 3 11 240
192 3 12 240
192 3 13 240
193 1 2 20
193 1 3 20
193 2 19 30
193 2 20 30
193 3 5 240
193 3 6 240
193 3 7 240
193 3 8 240
193 3 9 240
193 3 10 240
193 3 11 240
193 3 12 240
193 3 13 240
194 1 2 20
194 1 3 20
194 2 19 30
194 2 20 30
194 3 5 240
194 3 6 240
194 3 7 240
194 3 8 240
194 3 9 240
194 3 10 240
194 3 11 240
194 3 12 240
194 3 13 240
195 1 2 20
195 1 3 20
195 2 19 30
195 2 20 30
195 3 5 240
195 3 6 240
195 3 7 240
195 3 8 240
195 3 9 240
195 3 10 240
195 3 11 240
195 3 12 240
195 3 13 240
196 1 2 20
196 1 3 20
196 2 19 30
196 2 20 30
196 3 5 240
196 3 6 240
196 3 7 240
196 3 8 240
196 3 9 240
196 3 10 240
196 3 11 240
196 3 12 240
196 3 13 240
197 1 2 20
197 1 3 20
197 2 19 30
197 2 20 30
197 3 5 240
197 3 6 240
197 3 7 240
197 3 8 240
197 3 9 240
197 3 10 240
197 3 11 240
197 3 12 240
197 3 13 240
198 1 2 20
198 1 3 20
198 2 19 30
198 2 20 30
198 3 5 240
198 3 6 240
198 3 7 240
198 3 8 240
198 3 9 240
198 3 10 240
198 3 11 240
198 3 12 240
198 3 13 240
199 1 2 20
199 1 3 20
199 2 19 30
199 2 20 30
199 3 5 240
199 3 6 240
199 3 7 240
199 3 8 240
199 3 9 240
199 3 10 240
199 3 11 240
199 3 12 240
199 3 13 240
200 1 2 20
200 1 3 20
200 2 19 30
200 2 20 30
200 3 5 240
200 3 6 240
200 3 7 240
200 3 8 240
200 3 9 240
200 3 10 240
200 3 11 240
200 3 12 240
200 3 13 240
201 1 2 20
201 1 3 20
201 2 19 30
201 2 20 30
201 3 5 240
201 3 6 240
201 3 7 240
201 3 8 240
201 3 9 240
201 3 10 240
201 3 11 240
201 3 12 240
201 3 13 240
202 1 2 20
202 1 3 20
202 2 19 30
202 2 20 30
202 3 5 240
202 3 6 240
202 3 7 240
202 3 8 240
202 3 9 240
202 3 10 240
202 3 11 240
202 3 12 240
202 3 13 240
203 1 2 20
203 1 3 20
203 2 19 30
203 2 20 30
203 3 5 240
203 3 6 240
203 3 7 240
203 3 8 240
203 3 9 240
203 3 10 240
203 3 11 240
203 3 12 240
203 3 13 240
204 1 2 20
204 1 3 20
204 2 19 30
204 2 20 30
204 3 5 240
204 3 6 240
204 3 7 240
204 3 8 240
204 3 9 240
204 3 10 240
204 3 11 240
204 3 12 240
204 3 13 240
205 1 2 20
205 1 3 20
205 2 19 30
205 2 20 30
205 3 5 240
205 3 6 240
205 3 7 240
205 3 8 240
205 3 9 240
205 3 10 240
205 3 11 240
205 3 12 240
205 3 13 240
206 1 2 20
206 1 3 20
206 2 19 30
206 2 20 30
206 3 5 240
206 3 6 240
206 3 7 240
206 3 8 240
206 3 9 240
206 3 10 240
206 3 11 240
206 3 12 240
206 3 13 240
207 1 2 20
207 1 3 20
207 2 19 30
207 2 20 30
207 3 5 240
207 3 6 240
207 3 7 240
207 3 8 240
207 3 9 240
207 3 10 240
207 3 11 240
207 3 12 240
207 3 13 240
208 1 2 20
208 1 3 20
208 2 19 30
208 2 20 30
208 3 5 240
208 3 6 240
208 3 7 240
208 3 8 240
208 3 9 240
208 3 10 240
208 3 11 240
208 3 12 240
208 3 13 240
209 1 2 20
209 1 3 20
209 2 19 30
209 2 20 30
209 3 5 240
209 3 6 240
209 3 7 240
209 3 8 240
209 3 9 240
209 3 10 240
209 3 11 240
209 3 12 240
209 3 13 240
210 1 2 20
210 1 3 20
210 2 19 30
210 2 20 30
210 3 5 240
210 3 6 240
210 3 7 240
210 3 8 240
210 3 9 240
210 3 10 240
210 3 11 240
210 3 12 240
210 3 13 240
211 1 2 20
211 1 3 20
211 2 19 30
211 2 20 30
211 3 5 240
211 3 6 240
211 3 7 240
211 3 8 240
211 3 9 240
211 3 10 240
211 3 11 240
211 3 12 240
211 3 13 240
212 1 2 20
212 1 3 20
212 2 19 30
212 2 20 30
212 3 5 240
212 3 6 240
212 3 7 240
212 3 8 240
212 3 9 240
212 3 10 240
212 3 11 240
212 3 12 240
212 3 13 240
213 1 2 20
213 1 3 20
213 2 19 30
213 2 20 30
213 3 5 240
213 3 6 240
213 3 7 240
213 3 8 240
213 3 9 240
213 3 10 240
213 3 11 240
213 3 12 240
213 3 13 240
214 1 2 20
214 1 3 20
214 2 19 30
214 2 20 30
214 3 5 240
214 3 6 240
214 3 7 240
214 3 8 240
214 3 9 240
214 3 10 240
214 3 11 240
214 3 12 240
214 3 13 240
215 1 2 20
215 1 3 20
215 2 19 30
215 2 20 30
215 3 5 240
215 3 6 240
215 3 7 240
215 3 8 240
215 3 9 240
215 3 10 240
215 3 11 240
215 3 12 240
215 3 13 240
216 1 2 20
216 1 3 20
216 2 19 30
216 2 20 30
216 3 5 240
216 3 6 240
216 3 7 240
216 3 8 240
216 3 9 240
216 3 10 240
216 3 11 240
216 3 12 240
216 3 13 240
217 1 2 20
217 1 3 20
217 2 19 30
217 2 20 30
217 3 5 240
217 3 6 240
217 3 7 240
217 3 8 240
217 3 9 240
217 3 10 240
217 3 11 240
217 3 12 240
217 3 13 240
218 1 2 20
218 1 3 20
218 2 19 30
218 2 20 30
218 3 5 240
218 3 6 240
218 3 7 240
218 3 8 240
218 3 9 240
218 3 10 240
218 3 11 240
218 3 12 240
218 3 13 240
219 1 2 20
219 1 3 20
219 2 19 30
219 2 20 30
219 3 5 240
219 3 6 240
219 3 7 240
219 3 8 240
219 3 9 240
219 3 10 240
219 3 11 240
219 3 12 240
219 3 13 240
220 1 2 20
220 1 3 20
220 2 19 30
220 2 20 30
220 3 5 240
220 3 6 240
220 3 7 240
220 3 8 240
220 3 9 240
220 3 10 240
220 3 11 240
220 3 12 240
220 3 13 240
221 1 2 20
221 1 3 20
221 2 19 30
221 2 20 30
221 3 5 240
221 3 6 240
221 3 7 240
221 3 8 240
221 3 9 240
221 3 10 240
221 3 11 240
221 3 12 240
221 3 13 240
222 1 2 20
222 1 3 20
222 2 19 30
222 2 20 30
222 3 5 240
222 3 6 240
222 3 7 240
222 3 8 240
222 3 9 240
222 3 10 240
222 3 11 240
222 3 12 240
222 3 13 240
223 1 2 20
223 1 3 20
223 2 19 30
223 2 20 30
223 3 5 240
223 3 6 240
223 3 7 240
223 3 8 240
223 3 9 240
223 3 10 240
223 3 11 240
223 3 12 240
223 3 13 240
224 1 2 20
224 1 3 20
224 2 19 30
224 2 20 30
224 3 5 240
224 3 6 240
224 3 7 240
224 3 8 240
224 3 9 240
224 3 10 240
224 3 11 240
224 3 12 240
224 3 13 240
225 1 2 20
225 1 3 20
225 2 19 30
225 2 20 30
225 3 5 240
225 3 6 240
225 3 7 240
225 3 8 240
225 3 9 240
225 3 10 240
225 3 11 240
225 3 12 240
225 3 13 240
226 1 2 20
226 1 3 20
226 2 19 30
226 2 20 30
226 3 5 240
226 3 6 240
226 3 7 240
226 3 8 240
226 3 9 240
226 3 10 240
226 3 11 240
226 3 12 240
226 3 13 240
227 1 2 20
227 1 3 20
227 2 19 30
227 2 20 30
227 3 5 240
227 3 6 240
227 3 7 240
227 3 8 240
227 3 9 240
227 3 10 240
227 3 11 240
227 3 12 240
227 3 13 240
228 1 2 20
228 1 3 20
228 2 19 30
228 2 20 30
228 3 5 240
228 3 6 240
228 3 7 240
228 3 8 240
228 3 9 240
228 3 10 240
228 3 11 240
228 3 12 240
228 3 13 240
229 1 2 20
229 1 3 20
229 2 19 30
229 2 20 30
229 3 5 240
229 3 6 240
229 3 7 240
229 3 8 240
229 3 9 240
229 3 10 240
229 3 11 240
229 3 12 240
229 3 13 240
230 1 2 20
230 1 3 20
230 2 19 30
230 2 20 30
230 3 5 240
230 3 6 240
230 3 7 240
230 3 8 240
230 3 9 240
230 3 10 240
230 3 11 240
230 3 12 240
230 3 13 240
231 1 2 20
231 1 3 20
231 2 19 30
231 2 20 30
231 3 5 240
231 3 6 240
231 3 7 240
231 3 8 240
231 3 9 240
231 3 10 240
231 3 11 240
231 3 12 240
231 3 13 240
232 1 2 20
232 1 3 20
232 2 19 30
232 2 20 30
232 3 5 240
232 3 6 240
232 3 7 240
232 3 8 240
232 3 9 240
232 3 10 240
232 3 11 240
232 3 12 240
232 3 13 240
233 1 2 20
233 1 3 20
233 2 19 30
233 2 20 30
233 3 5 240
233 3 6 240
233 3 7 240
233 3 8 240
233 3 9 240
233 3 10 240
233 3 11 240
233 3 12 240
233 3 13 240
234 1 2 20
234 1 3 20
234 2 19 30
234 2 20 30
234 3 5 240
234 3 6 240
234 3 7 240
234 3 8 240
234 3 9 240
234 3 10 240
234 3 11 240
234 3 12 240
234 3 13 240
235 1 2 20
235 1 3 20
235 2 19 30
235 2 20 30
235 3 5 240
235 3 6 240
235 3 7 240
235 3 8 240
235 3 9 240
235 3 10 240
235 3 11 240
235 3 12 240
235 3 13 240
236 1 2 20
236 1 3 20
236 2 19 30
236 2 20 30
236 3 5 240
236 3 6 240
236 3 7 240
236 3 8 240
236 3 9 240
236 3 10 240
236 3 11 240
236 3 12 240
236 3 13 240
237 1 2 20
237 1 3 20
237 2 19 30
237 2 20 30
237 3 5 240
237 3 6 240
237 3 7 240
237 3 8 240
237 3 9 240
237 3 10 240
237 3 11 240
237 3 12 240
237 3 13 240
238 1 2 20
238 1 3 20
238 2 19 30
238 2 20 30
238 3 5 240
238 3 6 240
238 3 7 240
238 3 8 240
238 3 9 240
238 3 10 240
238 3 11 240
238 3 12 240
238 3 13 240
239 1 2 20
239 1 3 20
239 2 19 30
239 2 20 30
239 3 5 240
239 3 6 240
239 3 7 240
239 3 8 240
239 3 9 240
239 3 10 240
239 3 11 240
239 3 12 240
239 3 13 240
240 1 2 20
240 1 3 20
240 2 19 30
240 2 20 30
240 3 5 240
240 3 6 240
240 3 7 240
240 3 8 240
240 3 9 240
240 3 10 240
240 3 11 240
240 3 12 240
240 3 13 240
241 1 2 20
241 1 3 20
241 2 19 30
241 2 20 30
241 3 5 240
241 3 6 240
241 3 7 240
241 3 8 240
241 3 9 240
241 3 10 240
241 3 11 240
241 3 12 240
241 3 13 240
242 1 2 20
242 1 3 20
242 2 19 30
242 2 20 30
242 3 5 240
242 3 6 240
242 3 7 240
242 3 8 240
242 3 9 240
242 3 10 240
242 3 11 240
242 3 12 240
242 3 13 240
243 1 2 20
243 1 3 20
243 2 19 30
243 2 20 30
243 3 5 240
243 3 6 240
243 3 7 240
243 3 8 240
243 3 9 240
243 3 10 240
243 3 11 240
243 3 12 240
243 3 13 240
244 1 2 20
244 1 3 20
244 2 19 30
244 2 20 30
244 3 5 240
244 3 6 240
244 3 7 240
244 3 8 240
244 3 9 240
244 3 10 240
244 3 11 240
244 3 12 240
244 3 13 240
245 1 2 20
245 1 3 20
245 2 19 30
245 2 20 30
245 3 5 240
245 3 6 240
245 3 7 240
245 3 8 240
245 3 9 240
245 3 10 240
245 3 11 240
245 3 12 240
245 3 13 240
246 1 2 20
246 1 3 20
246 2 19 30
246 2 20 30
246 3 5 240
246 3 6 240
246 3 7 240
246 3 8 240
246 3 9 240
246 3 10 240
246 3 11 240
246 3 12 240
246 3 13 240
247 1 2 20
247 1 3 20
247 2 19 30
247 2 20 30
247 3 5 240
247 3 6 240
247 3 7 240
247 3 8 240
247 3 9 240
247 3 10 240
247 3 11 240
247 3 12 240
247 3 13 240
248 1 2 20
248 1 3 20
248 2 19 30
248 2 20 30
248 3 5 240
248 3 6 240
248 3 7 240
248 3 8 240
248 3 9 240
248 3 10 240
248 3 11 240
248 3 12 240
248 3 13 240
249 1 2 20
249 1 3 20
249 2 19 30
249 2 20 30
249 3 5 240
249 3 6 240
249 3 7 240
249 3 8 240
249 3 9 240
249 3 10 240
249 3 11 240
249 3 12 240
249 3 13 240
250 1 2 20
250 1 3 20
250 2 19 30
250 2 20 30
250 3 5 240
250 3 6 240
250 3 7 240
250 3 8 240
250 3 9 240
250 3 10 240
250 3 11 240
250 3 12 240
250 3 13 240
251 1 2 50
251 1 3 50
251 2 19 60
251 2 20 60
251 3 5 480
251 3 6 480
251 3 7 480
251 3 8 480
251 3 9 480
251 3 10 480
251 3 11 480
251 3 12 480
251 3 13 480
251 4 21 300
251 4 22 300
251 5 23 160
251 5 24 160
251 5 25 160
251 6 26 270
251 6 27 270
251 7 28 180
251 7 29 180
251 7 30 180
252 1 2 50
252 1 3 50
252 2 19 60
252 2 20 60
252 3 5 480
252 3 6 480
252 3 7 480
252 3 8 480
252 3 9 480
252 3 10 480
252 3 11 480
252 3 12 480
252 3 13 480
252 4 21 300
252 4 22 300
252 5 23 160
252 5 24 160
252 5 25 160
252 6 26 270
252 6 27 270
252 7 28 180
252 7 29 180
252 7 30 180
253 1 2 50
253 1 3 50
253 2 19 60
253 2 20 60
253 3 5 480
253 3 6 480
253 3 7 480
253 3 8 480
253 3 9 480
253 3 10 480
253 3 11 480
253 3 12 480
253 3 13 480
253 4 21 300
253 4 22 300
253 5 23 160
253 5 24 160
253 5 25 160
253 6 26 270
253 6 27 270
253 7 28 180
253 7 29 180
253 7 30 180
254 1 2 50
254 1 3 50
254 2 19 60
254 2 20 60
254 3 5 480
254 3 6 480
254 3 7 480
254 3 8 480
254 3 9 480
254 3 10 480
254 3 11 480
254 3 12 480
254 3 13 480
254 4 21 300
254 4 22 300
254 5 23 160
254 5 24 160
254 5 25 160
254 6 26 270
254 6 27 270
254 7 28 180
254 7 29 180
254 7 30 180
255 1 2 50
255 1 3 50
255 2 19 60
255 2 20 60
255 3 5 480
255 3 6 480
255 3 7 480
255 3 8 480
255 3 9 480
255 3 10 480
255 3 11 480
255 3 12 480
255 3 13 480
255 4 21 300
255 4 22 300
255 5 23 160
255 5 24 160
255 5 25 160
255 6 26 270
255 6 27 270
255 7 28 180
255 7 29 180
255 7 30 180
256 1 2 50
256 1 3 50
256 2 19 60
256 2 20 60
256 3 5 480
256 3 6 480
256 3 7 480
256 3 8 480
256 3 9 480
256 3 10 480
256 3 11 480
256 3 12 480
256 3 13 480
256 4 21 300
256 4 22 300
256 5 23 160
256 5 24 160
256 5 25 160
256 6 26 270
256 6 27 270
256 7 28 180
256 7 29 180
256 7 30 180
257 1 2 50
257 1 3 50
257 2 19 60
257 2 20 60
257 3 5 480
257 3 6 480
257 3 7 480
257 3 8 480
257 3 9 480
257 3 10 480
257 3 11 480
257 3 12 480
257 3 13 480
257 4 21 300
257 4 22 300
257 5 23 160
257 5 24 160
257 5 25 160
257 6 26 270
257 6 27 270
257 7 28 180
257 7 29 180
257 7 30 180
258 1 2 50
258 1 3 50
258 2 19 60
258 2 20 60
258 3 5 480
258 3 6 480
258 3 7 480
258 3 8 480
258 3 9 480
258 3 10 480
258 3 11 480
258 3 12 480
258 3 13 480
258 4 21 300
258 4 22 300
258 5 23 160
258 5 24 160
258 5 25 160
258 6 26 270
258 6 27 270
258 7 28 180
258 7 29 180
258 7 30 180
259 1 2 50
259 1 3 50
259 2 19 60
259 2 20 60
259 3 5 480
259 3 6 480
259 3 7 480
259 3 8 480
259 3 9 480
259 3 10 480
259 3 11 480
259 3 12 480
259 3 13 480
259 4 21 300
259 4 22 300
259 5 23 160
259 5 24 160
259 5 25 160
259 6 26 270
259 6 27 270
259 7 28 180
259 7 29 180
259 7 30 180
260 1 2 50
260 1 3 50
260 2 19 60
260 2 20 60
260 3 5 480
260 3 6 480
260 3 7 480
260 3 8 480
260 3 9 480
260 3 10 480
260 3 11 480
260 3 12 480
260 3 13 480
260 4 21 300
260 4 22 300
260 5 23 160
260 5 24 160
260 5 25 160
260 6 26 270
260 6 27 270
260 7 28 180
260 7 29 180
260 7 30 180
261 1 2 50
261 1 3 50
261 2 19 60
261 2 20 60
261 3 5 480
261 3 6 480
261 3 7 480
261 3 8 480
261 3 9 480
261 3 10 480
261 3 11 480
261 3 12 480
261 3 13 480
261 4 21 300
261 4 22 300
261 5 23 160
261 5 24 160
261 5 25 160
261 6 26 270
261 6 27 270
261 7 28 180
261 7 29 180
261 7 30 180
262 1 2 50
262 1 3 50
262 2 19 60
262 2 20 60
262 3 5 480
262 3 6 480
262 3 7 480
262 3 8 480
262 3 9 480
262 3 10 480
262 3 11 480
262 3 12 480
262 3 13 480
262 4 21 300
262 4 22 300
262 5 23 160
262 5 24 160
262 5 25 160
262 6 26 270
262 6 27 270
262 7 28 180
262 7 29 180
262 7 30 180
263 1 2 50
263 1 3 50
263 2 19 60
263 2 20 60
263 3 5 480
263 3 6 480
263 3 7 480
263 3 8 480
263 3 9 480
263 3 10 480
263 3 11 480
263 3 12 480
263 3 13 480
263 4 21 300
263 4 22 300
263 5 23 160
263 5 24 160
263 5 25 160
263 6 26 270
263 6 27 270
263 7 28 180
263 7 29 180
263 7 30 180
264 1 2 50
264 1 3 50
264 2 19 60
264 2 20 60
264 3 5 480
264 3 6 480
264 3 7 480
264 3 8 480
264 3 9 480
264 3 10 480
264 3 11 480
264 3 12 480
264 3 13 480
264 4 21 300
264 4 22 300
264 5 23 160
264 5 24 160
264 5 25 160
264 6 26 270
264 6 27 270
264 7 28 180
264 7 29 180
264 7 30 180
265 1 2 50
265 1 3 50
265 2 19 60
265 2 20 60
265 3 5 480
265 3 6 480
265 3 7 480
265 3 8 480
265 3 9 480
265 3 10 480
265 3 11 480
265 3 12 480
265 3 13 480
265 4 21 300
265 4 22 300
265 5 23 160
265 5 24 160
265 5 25 160
265 6 26 270
265 6 27 270
265 7 28 180
265 7 29 180
265 7 30 180
266 1 2 50
266 1 3 50
266 2 19 60
266 2 20 60
266 3 5 480
266 3 6 480
266 3 7 480
266 3 8 480
266 3 9 480
266 3 10 480
266 3 11 480
266 3 12 480
266 3 13 480
266 4 21 300
266 4 22 300
266 5 23 160
266 5 24 160
266 5 25 160
266 6 26 270
266 6 27 270
266 7 28 180
266 7 29 180
266 7 30 180
267 1 2 50
267 1 3 50
267 2 19 60
267 2 20 60
267 3 5 480
267 3 6 480
267 3 7 480
267 3 8 480
267 3 9 480
267 3 10 480
267 3 11 480
267 3 12 480
267 3 13 480
267 4 21 300
267 4 22 300
267 5 23 160
267 5 24 160
267 5 25 160
267 6 26 270
267 6 27 270
267 7 28 180
267 7 29 180
267 7 30 180
268 1 2 50
268 1 3 50
268 2 19 60
268 2 20 60
268 3 5 480
268 3 6 480
268 3 7 480
268 3 8 480
268 3 9 480
268 3 10 480
268 3 11 480
268 3 12 480
268 3 13 480
268 4 21 300
268 4 22 300
268 5 23 160
268 5 24 160
268 5 25 160
268 6 26 270
268 6 27 270
268 7 28 180
268 7 29 180
268 7 30 180
269 1 2 50
269 1 3 50
269 2 19 60
269 2 20 60
269 3 5 480
269 3 6 480
269 3 7 480
269 3 8 480
269 3 9 480
269 3 10 480
269 3 11 480
269 3 12 480
269 3 13 480
269 4 21 300
269 4 22 300
269 5 23 160
269 5 24 160
269 5 25 160
269 6 26 270
269 6 27 270
269 7 28 180
269 7 29 180
269 7 30 180
270 1 2 50
270 1 3 50
270 2 19 60
270 2 20 60
270 3 5 480
270 3 6 480
270 3 7 480
270 3 8 480
270 3 9 480
270 3 10 480
270 3 11 480
270 3 12 480
270 3 13 480
270 4 21 300
270 4 22 300
270 5 23 160
270 5 24 160
270 5 25 160
270 6 26 270
270 6 27 270
270 7 28 180
270 7 29 180
270 7 30 180
271 1 2 50
271 1 3 50
271 2 19 60
271 2 20 60
271 3 5 480
271 3 6 480
271 3 7 480
271 3 8 480
271 3 9 480
271 3 10 480
271 3 11 480
271 3 12 480
271 3 13 480
271 4 21 300
271 4 22 300
271 5 23 160
271 5 24 160
271 5 25 160
271 6 26 270
271 6 27 270
271 7 28 180
271 7 29 180
271 7 30 180
272 1 2 50
272 1 3 50
272 2 19 60
272 2 20 60
272 3 5 480
272 3 6 480
272 3 7 480
272 3 8 480
272 3 9 480
272 3 10 480
272 3 11 480
272 3 12 480
272 3 13 480
272 4 21 300
272 4 22 300
272 5 23 160
272 5 24 160
272 5 25 160
272 6 26 270
272 6 27 270
272 7 28 180
272 7 29 180
272 7 30 180
273 1 2 50
273 1 3 50
273 2 19 60
273 2 20 60
273 3 5 480
273 3 6 480
273 3 7 480
273 3 8 480
273 3 9 480
273 3 10 480
273 3 11 480
273 3 12 480
273 3 13 480
273 4 21 300
273 4 22 300
273 5 23 160
273 5 24 160
273 5 25 160
273 6 26 270
273 6 27 270
273 7 28 180
273 7 29 180
273 7 30 180
274 1 2 50
274 1 3 50
274 2 19 60
274 2 20 60
274 3 5 480
274 3 6 480
274 3 7 480
274 3 8 480
274 3 9 480
274 3 10 480
274 3 11 480
274 3 12 480
274 3 13 480
274 4 21 300
274 4 22 300
274 5 23 160
274 5 24 160
274 5 25 160
274 6 26 270
274 6 27 270
274 7 28 180
274 7 29 180
274 7 30 180
275 1 2 50
275 1 3 50
275 2 19 60
275 2 20 60
275 3 5 480
275 3 6 480
275 3 7 480
275 3 8 480
275 3 9 480
275 3 10 480
275 3 11 480
275 3 12 480
275 3 13 480
275 4 21 300
275 4 22 300
275 5 23 160
275 5 24 160
275 5 25 160
275 6 26 270
275 6 27 270
275 7 28 180
275 7 29 180
275 7 30 180
276 1 2 50
276 1 3 50
276 2 19 60
276 2 20 60
276 3 5 480
276 3 6 480
276 3 7 480
276 3 8 480
276 3 9 480
276 3 10 480
276 3 11 480
276 3 12 480
276 3 13 480
276 4 21 300
276 4 22 300
276 5 23 160
276 5 24 160
276 5 25 160
276 6 26 270
276 6 27 270
276 7 28 180
276 7 29 180
276 7 30 180
277 1 2 50
277 1 3 50
277 2 19 60
277 2 20 60
277 3 5 480
277 3 6 480
277 3 7 480
277 3 8 480
277 3 9 480
277 3 10 480
277 3 11 480
277 3 12 480
277 3 13 480
277 4 21 300
277 4 22 300
277 5 23 160
277 5 24 160
277 5 25 160
277 6 26 270
277 6 27 270
277 7 28 180
277 7 29 180
277 7 30 180
278 1 2 50
278 1 3 50
278 2 19 60
278 2 20 60
278 3 5 480
278 3 6 480
278 3 7 480
278 3 8 480
278 3 9 480
278 3 10 480
278 3 11 480
278 3 12 480
278 3 13 480
278 4 21 300
278 4 22 300
278 5 23 160
278 5 24 160
278 5 25 160
278 6 26 270
278 6 27 270
278 7 28 180
278 7 29 180
278 7 30 180
279 1 2 50
279 1 3 50
279 2 19 60
279 2 20 60
279 3 5 480
279 3 6 480
279 3 7 480
279 3 8 480
279 3 9 480
279 3 10 480
279 3 11 480
279 3 12 480
279 3 13 480
279 4 21 300
279 4 22 300
279 5 23 160
279 5 24 160
279 5 25 160
279 6 26 270
279 6 27 270
279 7 28 180
279 7 29 180
279 7 30 180
280 1 2 50
280 1 3 50
280 2 19 60
280 2 20 60
280 3 5 480
280 3 6 480
280 3 7 480
280 3 8 480
280 3 9 480
280 3 10 480
280 3 11 480
280 3 12 480
280 3 13 480
280 4 21 300
280 4 22 300
280 5 23 160
280 5 24 160
280 5 25 160
280 6 26 270
280 6 27 270
280 7 28 180
280 7 29 180
280 7 30 180
281 1 2 50
281 1 3 50
281 2 19 60
281 2 20 60
281 3 5 480
281 3 6 480
281 3 7 480
281 3 8 480
281 3 9 480
281 3 10 480
281 3 11 480
281 3 12 480
281 3 13 480
281 4 21 300
281 4 22 300
281 5 23 160
281 5 24 160
281 5 25 160
281 6 26 270
281 6 27 270
281 7 28 180
281 7 29 180
281 7 30 180
282 1 2 50
282 1 3 50
282 2 19 60
282 2 20 60
282 3 5 480
282 3 6 480
282 3 7 480
282 3 8 480
282 3 9 480
282 3 10 480
282 3 11 480
282 3 12 480
282 3 13 480
282 4 21 300
282 4 22 300
282 5 23 160
282 5 24 160
282 5 25 160
282 6 26 270
282 6 27 270
282 7 28 180
282 7 29 180
282 7 30 180
283 1 2 50
283 1 3 50
283 2 19 60
283 2 20 60
283 3 5 480
283 3 6 480
283 3 7 480
283 3 8 480
283 3 9 480
283 3 10 480
283 3 11 480
283 3 12 480
283 3 13 480
283 4 21 300
283 4 22 300
283 5 23 160
283 5 24 160
283 5 25 160
283 6 26 270
283 6 27 270
283 7 28 180
283 7 29 180
283 7 30 180
284 1 2 50
284 1 3 50
284 2 19 60
284 2 20 60
284 3 5 480
284 3 6 480
284 3 7 480
284 3 8 480
284 3 9 480
284 3 10 480
284 3 11 480
284 3 12 480
284 3 13 480
284 4 21 300
284 4 22 300
284 5 23 160
284 5 24 160
284 5 25 160
284 6 26 270
284 6 27 270
284 7 28 180
284 7 29 180
284 7 30 180
285 1 2 50
285 1 3 50
285 2 19 60
285 2 20 60
285 3 5 480
285 3 6 480
285 3 7 480
285 3 8 480
285 3 9 480
285 3 10 480
285 3 11 480
285 3 12 480
285 3 13 480
285 4 21 300
285 4 22 300
285 5 23 160
285 5 24 160
285 5 25 160
285 6 26 270
285 6 27 270
285 7 28 180
285 7 29 180
285 7 30 180
286 1 2 50
286 1 3 50
286 2 19 60
286 2 20 60
286 3 5 480
286 3 6 480
286 3 7 480
286 3 8 480
286 3 9 480
286 3 10 480
286 3 11 480
286 3 12 480
286 3 13 480
286 4 21 300
286 4 22 300
286 5 23 160
286 5 24 160
286 5 25 160
286 6 26 270
286 6 27 270
286 7 28 180
286 7 29 180
286 7 30 180
287 1 2 50
287 1 3 50
287 2 19 60
287 2 20 60
287 3 5 480
287 3 6 480
287 3 7 480
287 3 8 480
287 3 9 480
287 3 10 480
287 3 11 480
287 3 12 480
287 3 13 480
287 4 21 300
287 4 22 300
287 5 23 160
287 5 24 160
287 5 25 160
287 6 26 270
287 6 27 270
287 7 28 180
287 7 29 180
287 7 30 180
288 1 2 50
288 1 3 50
288 2 19 60
288 2 20 60
288 3 5 480
288 3 6 480
288 3 7 480
288 3 8 480
288 3 9 480
288 3 10 480
288 3 11 480
288 3 12 480
288 3 13 480
288 4 21 300
288 4 22 300
288 5 23 160
288 5 24 160
288 5 25 160
288 6 26 270
288 6 27 270
288 7 28 180
288 7 29 180
288 7 30 180
289 1 2 50
289 1 3 50
289 2 19 60
289 2 20 60
289 3 5 480
289 3 6 480
289 3 7 480
289 3 8 480
289 3 9 480
289 3 10 480
289 3 11 480
289 3 12 480
289 3 13 480
289 4 21 300
289 4 22 300
289 5 23 160
289 5 24 160
289 5 25 160
289 6 26 270
289 6 27 270
289 7 28 180
289 7 29 180
289 7 30 180
290 1 2 50
290 1 3 50
290 2 19 60
290 2 20 60
290 3 5 480
290 3 6 480
290 3 7 480
290 3 8 480
290 3 9 480
290 3 10 480
290 3 11 480
290 3 12 480
290 3 13 480
290 4 21 300
290 4 22 300
290 5 23 160
290 5 24 160
290 5 25 160
290 6 26 270
290 6 27 270
290 7 28 180
290 7 29 180
290 7 30 180
291 1 2 50
291 1 3 50
291 2 19 60
291 2 20 60
291 3 5 480
291 3 6 480
291 3 7 480
291 3 8 480
291 3 9 480
291 3 10 480
291 3 11 480
291 3 12 480
291 3 13 480
291 4 21 300
291 4 22 300
291 5 23 160
291 5 24 160
291 5 25 160
291 6 26 270
291 6 27 270
291 7 28 180
291 7 29 180
291 7 30 180
292 1 2 50
292 1 3 50
292 2 19 60
292 2 20 60
292 3 5 480
292 3 6 480
292 3 7 480
292 3 8 480
292 3 9 480
292 3 10 480
292 3 11 480
292 3 12 480
292 3 13 480
292 4 21 300
292 4 22 300
292 5 23 160
292 5 24 160
292 5 25 160
292 6 26 270
292 6 27 270
292 7 28 180
292 7 29 180
292 7 30 180
293 1 2 50
293 1 3 50
293 2 19 60
293 2 20 60
293 3 5 480
293 3 6 480
293 3 7 480
293 3 8 480
293 3 9 480
293 3 10 480
293 3 11 480
293 3 12 480
293 3 13 480
293 4 21 300
293 4 22 300
293 5 23 160
293 5 24 160
293 5 25 160
293 6 26 270
293 6 27 270
293 7 28 180
293 7 29 180
293 7 30 180
294 1 2 50
294 1 3 50
294 2 19 60
294 2 20 60
294 3 5 480
294 3 6 480
294 3 7 480
294 3 8 480
294 3 9 480
294 3 10 480
294 3 11 480
294 3 12 480
294 3 13 480
294 4 21 300
294 4 22 300
294 5 23 160
294 5 24 160
294 5 25 160
294 6 26 270
294 6 27 270
294 7 28 180
294 7 29 180
294 7 30 180
295 1 2 50
295 1 3 50
295 2 19 60
295 2 20 60
295 3 5 480
295 3 6 480
295 3 7 480
295 3 8 480
295 3 9 480
295 3 10 480
295 3 11 480
295 3 12 480
295 3 13 480
295 4 21 300
295 4 22 300
295 5 23 160
295 5 24 160
295 5 25 160
295 6 26 270
295 6 27 270
295 7 28 180
295 7 29 180
295 7 30 180
296 1 2 50
296 1 3 50
296 2 19 60
296 2 20 60
296 3 5 480
296 3 6 480
296 3 7 480
296 3 8 480
296 3 9 480
296 3 10 480
296 3 11 480
296 3 12 480
296 3 13 480
296 4 21 300
296 4 22 300
296 5 23 160
296 5 24 160
296 5 25 160
296 6 26 270
296 6 27 270
296 7 28 180
296 7 29 180
296 7 30 180
297 1 2 50
297 1 3 50
297 2 19 60
297 2 20 60
297 3 5 480
297 3 6 480
297 3 7 480
297 3 8 480
297 3 9 480
297 3 10 480
297 3 11 480
297 3 12 480
297 3 13 480
297 4 21 300
297 4 22 300
297 5 23 160
297 5 24 160
297 5 25 160
297 6 26 270
297 6 27 270
297 7 28 180
297 7 29 180
297 7 30 180
298 1 2 50
298 1 3 50
298 2 19 60
298 2 20 60
298 3 5 480
298 3 6 480
298 3 7 480
298 3 8 480
298 3 9 480
298 3 10 480
298 3 11 480
298 3 12 480
298 3 13 480
298 4 21 300
298 4 22 300
298 5 23 160
298 5 24 160
298 5 25 160
298 6 26 270
298 6 27 270
298 7 28 180
298 7 29 180
298 7 30 180
299 1 2 50
299 1 3 50
299 2 19 60
299 2 20 60
299 3 5 480
299 3 6 480
299 3 7 480
299 3 8 480
299 3 9 480
299 3 10 480
299 3 11 480
299 3 12 480
299 3 13 480
299 4 21 300
299 4 22 300
299 5 23 160
299 5 24 160
299 5 25 160
299 6 26 270
299 6 27 270
299 7 28 180
299 7 29 180
299 7 30 180
300 1 2 50
300 1 3 50
300 2 19 60
300 2 20 60
300 3 5 480
300 3 6 480
300 3 7 480
300 3 8 480
300 3 9 480
300 3 10 480
300 3 11 480
300 3 12 480
300 3 13 480
300 4 21 300
300 4 22 300
300 5 23 160
300 5 24 160
300 5 25 160
300 6 26 270
300 6 27 270
300 7 28 180
300 7 29 180
300 7 30 180
301 1 2 50
301 1 3 50
301 2 19 60
301 2 20 60
301 3 5 480
301 3 6 480
301 3 7 480
301 3 8 480
301 3 9 480
301 3 10 480
301 3 11 480
301 3 12 480
301 3 13 480
301 4 21 300
301 4 22 300
301 5 23 160
301 5 24 160
301 5 25 160
301 6 26 270
301 6 27 270
301 7 28 180
301 7 29 180
301 7 30 180
302 1 2 50
302 1 3 50
302 2 19 60
302 2 20 60
302 3 5 480
302 3 6 480
302 3 7 480
302 3 8 480
302 3 9 480
302 3 10 480
302 3 11 480
302 3 12 480
302 3 13 480
302 4 21 300
302 4 22 300
302 5 23 160
302 5 24 160
302 5 25 160
302 6 26 270
302 6 27 270
302 7 28 180
302 7 29 180
302 7 30 180
303 1 2 50
303 1 3 50
303 2 19 60
303 2 20 60
303 3 5 480
303 3 6 480
303 3 7 480
303 3 8 480
303 3 9 480
303 3 10 480
303 3 11 480
303 3 12 480
303 3 13 480
303 4 21 300
303 4 22 300
303 5 23 160
303 5 24 160
303 5 25 160
303 6 26 270
303 6 27 270
303 7 28 180
303 7 29 180
303 7 30 180
304 1 2 50
304 1 3 50
304 2 19 60
304 2 20 60
304 3 5 480
304 3 6 480
304 3 7 480
304 3 8 480
304 3 9 480
304 3 10 480
304 3 11 480
304 3 12 480
304 3 13 480
304 4 21 300
304 4 22 300
304 5 23 160
304 5 24 160
304 5 25 160
304 6 26 270
304 6 27 270
304 7 28 180
304 7 29 180
304 7 30 180
305 1 2 50
305 1 3 50
305 2 19 60
305 2 20 60
305 3 5 480
305 3 6 480
305 3 7 480
305 3 8 480
305 3 9 480
305 3 10 480
305 3 11 480
305 3 12 480
305 3 13 480
305 4 21 300
305 4 22 300
305 5 23 160
305 5 24 160
305 5 25 160
305 6 26 270
305 6 27 270
305 7 28 180
305 7 29 180
305 7 30 180
306 1 2 50
306 1 3 50
306 2 19 60
306 2 20 60
306 3 5 480
306 3 6 480
306 3 7 480
306 3 8 480
306 3 9 480
306 3 10 480
306 3 11 480
306 3 12 480
306 3 13 480
306 4 21 300
306 4 22 300
306 5 23 160
306 5 24 160
306 5 25 160
306 6 26 270
306 6 27 270
306 7 28 180
306 7 29 180
306 7 30 180
307 1 2 50
307 1 3 50
307 2 19 60
307 2 20 60
307 3 5 480
307 3 6 480
307 3 7 480
307 3 8 480
307 3 9 480
307 3 10 480
307 3 11 480
307 3 12 480
307 3 13 480
307 4 21 300
307 4 22 300
307 5 23 160
307 5 24 160
307 5 25 160
307 6 26 270
307 6 27 270
307 7 28 180
307 7 29 180
307 7 30 180
308 1 2 50
308 1 3 50
308 2 19 60
308 2 20 60
308 3 5 480
308 3 6 480
308 3 7 480
308 3 8 480
308 3 9 480
308 3 10 480
308 3 11 480
308 3 12 480
308 3 13 480
308 4 21 300
308 4 22 300
308 5 23 160
308 5 24 160
308 5 25 160
308 6 26 270
308 6 27 270
308 7 28 180
308 7 29 180
308 7 30 180
309 1 2 50
309 1 3 50
309 2 19 60
309 2 20 60
309 3 5 480
309 3 6 480
309 3 7 480
309 3 8 480
309 3 9 480
309 3 10 480
309 3 11 480
309 3 12 480
309 3 13 480
309 4 21 300
309 4 22 300
309 5 23 160
309 5 24 160
309 5 25 160
309 6 26 270
309 6 27 270
309 7 28 180
309 7 29 180
309 7 30 180
310 1 2 50
310 1 3 50
310 2 19 60
310 2 20 60
310 3 5 480
310 3 6 480
310 3 7 480
310 3 8 480
310 3 9 480
310 3 10 480
310 3 11 480
310 3 12 480
310 3 13 480
310 4 21 300
310 4 22 300
310 5 23 160
310 5 24 160
310 5 25 160
310 6 26 270
310 6 27 270
310 7 28 180
310 7 29 180
310 7 30 180
311 1 2 50
311 1 3 50
311 2 19 60
311 2 20 60
311 3 5 480
311 3 6 480
311 3 7 480
311 3 8 480
311 3 9 480
311 3 10 480
311 3 11 480
311 3 12 480
311 3 13 480
311 4 21 300
311 4 22 300
311 5 23 160
311 5 24 160
311 5 25 160
311 6 26 270
311 6 27 270
311 7 28 180
311 7 29 180
311 7 30 180
312 1 2 50
312 1 3 50
312 2 19 60
312 2 20 60
312 3 5 480
312 3 6 480
312 3 7 480
312 3 8 480
312 3 9 480
312 3 10 480
312 3 11 480
312 3 12 480
312 3 13 480
312 4 21 300
312 4 22 300
312 5 23 160
312 5 24 160
312 5 25 160
312 6 26 270
312 6 27 270
312 7 28 180
312 7 29 180
312 7 30 180
313 1 2 50
313 1 3 50
313 2 19 60
313 2 20 60
313 3 5 480
313 3 6 480
313 3 7 480
313 3 8 480
313 3 9 480
313 3 10 480
313 3 11 480
313 3 12 480
313 3 13 480
313 4 21 300
313 4 22 300
313 5 23 160
313 5 24 160
313 5 25 160
313 6 26 270
313 6 27 270
313 7 28 180
313 7 29 180
313 7 30 180
314 1 2 50
314 1 3 50
314 2 19 60
314 2 20 60
314 3 5 480
314 3 6 480
314 3 7 480
314 3 8 480
314 3 9 480
314 3 10 480
314 3 11 480
314 3 12 480
314 3 13 480
314 4 21 300
314 4 22 300
314 5 23 160
314 5 24 160
314 5 25 160
314 6 26 270
314 6 27 270
314 7 28 180
314 7 29 180
314 7 30 180
315 1 2 50
315 1 3 50
315 2 19 60
315 2 20 60
315 3 5 480
315 3 6 480
315 3 7 480
315 3 8 480
315 3 9 480
315 3 10 480
315 3 11 480
315 3 12 480
315 3 13 480
315 4 21 300
315 4 22 300
315 5 23 160
315 5 24 160
315 5 25 160
315 6 26 270
315 6 27 270
315 7 28 180
315 7 29 180
315 7 30 180
316 1 2 50
316 1 3 50
316 2 19 60
316 2 20 60
316 3 5 480
316 3 6 480
316 3 7 480
316 3 8 480
316 3 9 480
316 3 10 480
316 3 11 480
316 3 12 480
316 3 13 480
316 4 21 300
316 4 22 300
316 5 23 160
316 5 24 160
316 5 25 160
316 6 26 270
316 6 27 270
316 7 28 180
316 7 29 180
316 7 30 180
317 1 2 50
317 1 3 50
317 2 19 60
317 2 20 60
317 3 5 480
317 3 6 480
317 3 7 480
317 3 8 480
317 3 9 480
317 3 10 480
317 3 11 480
317 3 12 480
317 3 13 480
317 4 21 300
317 4 22 300
317 5 23 160
317 5 24 160
317 5 25 160
317 6 26 270
317 6 27 270
317 7 28 180
317 7 29 180
317 7 30 180
318 1 2 50
318 1 3 50
318 2 19 60
318 2 20 60
318 3 5 480
318 3 6 480
318 3 7 480
318 3 8 480
318 3 9 480
318 3 10 480
318 3 11 480
318 3 12 480
318 3 13 480
318 4 21 300
318 4 22 300
318 5 23 160
318 5 24 160
318 5 25 160
318 6 26 270
318 6 27 270
318 7 28 180
318 7 29 180
318 7 30 180
319 1 2 50
319 1 3 50
319 2 19 60
319 2 20 60
319 3 5 480
319 3 6 480
319 3 7 480
319 3 8 480
319 3 9 480
319 3 10 480
319 3 11 480
319 3 12 480
319 3 13 480
319 4 21 300
319 4 22 300
319 5 23 160
319 5 24 160
319 5 25 160
319 6 26 270
319 6 27 270
319 7 28 180
319 7 29 180
319 7 30 180
320 1 2 50
320 1 3 50
320 2 19 60
320 2 20 60
320 3 5 480
320 3 6 480
320 3 7 480
320 3 8 480
320 3 9 480
320 3 10 480
320 3 11 480
320 3 12 480
320 3 13 480
320 4 21 300
320 4 22 300
320 5 23 160
320 5 24 160
320 5 25 160
320 6 26 270
320 6 27 270
320 7 28 180
320 7 29 180
320 7 30 180
321 1 2 50
321 1 3 50
321 2 19 60
321 2 20 60
321 3 5 480
321 3 6 480
321 3 7 480
321 3 8 480
321 3 9 480
321 3 10 480
321 3 11 480
321 3 12 480
321 3 13 480
321 4 21 300
321 4 22 300
321 5 23 160
321 5 24 160
321 5 25 160
321 6 26 270
321 6 27 270
321 7 28 180
321 7 29 180
321 7 30 180
322 1 2 50
322 1 3 50
322 2 19 60
322 2 20 60
322 3 5 480
322 3 6 480
322 3 7 480
322 3 8 480
322 3 9 480
322 3 10 480
322 3 11 480
322 3 12 480
322 3 13 480
322 4 21 300
322 4 22 300
322 5 23 160
322 5 24 160
322 5 25 160
322 6 26 270
322 6 27 270
322 7 28 180
322 7 29 180
322 7 30 180
323 1 2 50
323 1 3 50
323 2 19 60
323 2 20 60
323 3 5 480
323 3 6 480
323 3 7 480
323 3 8 480
323 3 9 480
323 3 10 480
323 3 11 480
323 3 12 480
323 3 13 480
323 4 21 300
323 4 22 300
323 5 23 160
323 5 24 160
323 5 25 160
323 6 26 270
323 6 27 270
323 7 28 180
323 7 29 180
323 7 30 180
324 1 2 50
324 1 3 50
324 2 19 60
324 2 20 60
324 3 5 480
324 3 6 480
324 3 7 480
324 3 8 480
324 3 9 480
324 3 10 480
324 3 11 480
324 3 12 480
324 3 13 480
324 4 21 300
324 4 22 300
324 5 23 160
324 5 24 160
324 5 25 160
324 6 26 270
324 6 27 270
324 7 28 180
324 7 29 180
324 7 30 180
325 1 2 50
325 1 3 50
325 2 19 60
325 2 20 60
325 3 5 480
325 3 6 480
325 3 7 480
325 3 8 480
325 3 9 480
325 3 10 480
325 3 11 480
325 3 12 480
325 3 13 480
325 4 21 300
325 4 22 300
325 5 23 160
325 5 24 160
325 5 25 160
325 6 26 270
325 6 27 270
325 7 28 180
325 7 29 180
325 7 30 180
326 1 2 50
326 1 3 50
326 2 19 60
326 2 20 60
326 3 5 480
326 3 6 480
326 3 7 480
326 3 8 480
326 3 9 480
326 3 10 480
326 3 11 480
326 3 12 480
326 3 13 480
326 4 21 300
326 4 22 300
326 5 23 160
326 5 24 160
326 5 25 160
326 6 26 270
326 6 27 270
326 7 28 180
326 7 29 180
326 7 30 180
327 1 2 50
327 1 3 50
327 2 19 60
327 2 20 60
327 3 5 480
327 3 6 480
327 3 7 480
327 3 8 480
327 3 9 480
327 3 10 480
327 3 11 480
327 3 12 480
327 3 13 480
327 4 21 300
327 4 22 300
327 5 23 160
327 5 24 160
327 5 25 160
327 6 26 270
327 6 27 270
327 7 28 180
327 7 29 180
327 7 30 180
328 1 2 50
328 1 3 50
328 2 19 60
328 2 20 60
328 3 5 480
328 3 6 480
328 3 7 480
328 3 8 480
328 3 9 480
328 3 10 480
328 3 11 480
328 3 12 480
328 3 13 480
328 4 21 300
328 4 22 300
328 5 23 160
328 5 24 160
328 5 25 160
328 6 26 270
328 6 27 270
328 7 28 180
328 7 29 180
328 7 30 180
329 1 2 50
329 1 3 50
329 2 19 60
329 2 20 60
329 3 5 480
329 3 6 480
329 3 7 480
329 3 8 480
329 3 9 480
329 3 10 480
329 3 11 480
329 3 12 480
329 3 13 480
329 4 21 300
329 4 22 300
329 5 23 160
329 5 24 160
329 5 25 160
329 6 26 270
329 6 27 270
329 7 28 180
329 7 29 180
329 7 30 180
330 1 2 50
330 1 3 50
330 2 19 60
330 2 20 60
330 3 5 480
330 3 6 480
330 3 7 480
330 3 8 480
330 3 9 480
330 3 10 480
330 3 11 480
330 3 12 480
330 3 13 480
330 4 21 300
330 4 22 300
330 5 23 160
330 5 24 160
330 5 25 160
330 6 26 270
330 6 27 270
330 7 28 180
330 7 29 180
330 7 30 180
331 1 2 50
331 1 3 50
331 2 19 60
331 2 20 60
331 3 5 480
331 3 6 480
331 3 7 480
331 3 8 480
331 3 9 480
331 3 10 480
331 3 11 480
331 3 12 480
331 3 13 480
331 4 21 300
331 4 22 300
331 5 23 160
331 5 24 160
331 5 25 160
331 6 26 270
331 6 27 270
331 7 28 180
331 7 29 180
331 7 30 180
332 1 2 50
332 1 3 50
332 2 19 60
332 2 20 60
332 3 5 480
332 3 6 480
332 3 7 480
332 3 8 480
332 3 9 480
332 3 10 480
332 3 11 480
332 3 12 480
332 3 13 480
332 4 21 300
332 4 22 300
332 5 23 160
332 5 24 160
332 5 25 160
332 6 26 270
332 6 27 270
332 7 28 180
332 7 29 180
332 7 30 180
333 1 2 50
333 1 3 50
333 2 19 60
333 2 20 60
333 3 5 480
333 3 6 480
333 3 7 480
333 3 8 480
333 3 9 480
333 3 10 480
333 3 11 480
333 3 12 480
333 3 13 480
333 4 21 300
333 4 22 300
333 5 23 160
333 5 24 160
333 5 25 160
333 6 26 270
333 6 27 270
333 7 28 180
333 7 29 180
333 7 30 180
334 1 2 50
334 1 3 50
334 2 19 60
334 2 20 60
334 3 5 480
334 3 6 480
334 3 7 480
334 3 8 480
334 3 9 480
334 3 10 480
334 3 11 480
334 3 12 480
334 3 13 480
334 4 21 300
334 4 22 300
334 5 23 160
334 5 24 160
334 5 25 160
334 6 26 270
334 6 27 270
334 7 28 180
334 7 29 180
334 7 30 180
335 1 2 50
335 1 3 50
335 2 19 60
335 2 20 60
335 3 5 480
335 3 6 480
335 3 7 480
335 3 8 480
335 3 9 480
335 3 10 480
335 3 11 480
335 3 12 480
335 3 13 480
335 4 21 300
335 4 22 300
335 5 23 160
335 5 24 160
335 5 25 160
335 6 26 270
335 6 27 270
335 7 28 180
335 7 29 180
335 7 30 180
336 1 2 50
336 1 3 50
336 2 19 60
336 2 20 60
336 3 5 480
336 3 6 480
336 3 7 480
336 3 8 480
336 3 9 480
336 3 10 480
336 3 11 480
336 3 12 480
336 3 13 480
336 4 21 300
336 4 22 300
336 5 23 160
336 5 24 160
336 5 25 160
336 6 26 270
336 6 27 270
336 7 28 180
336 7 29 180
336 7 30 180
337 1 2 50
337 1 3 50
337 2 19 60
337 2 20 60
337 3 5 480
337 3 6 480
337 3 7 480
337 3 8 480
337 3 9 480
337 3 10 480
337 3 11 480
337 3 12 480
337 3 13 480
337 4 21 300
337 4 22 300
337 5 23 160
337 5 24 160
337 5 25 160
337 6 26 270
337 6 27 270
337 7 28 180
337 7 29 180
337 7 30 180
338 1 2 50
338 1 3 50
338 2 19 60
338 2 20 60
338 3 5 480
338 3 6 480
338 3 7 480
338 3 8 480
338 3 9 480
338 3 10 480
338 3 11 480
338 3 12 480
338 3 13 480
338 4 21 300
338 4 22 300
338 5 23 160
338 5 24 160
338 5 25 160
338 6 26 270
338 6 27 270
338 7 28 180
338 7 29 180
338 7 30 180
339 1 2 50
339 1 3 50
339 2 19 60
339 2 20 60
339 3 5 480
339 3 6 480
339 3 7 480
339 3 8 480
339 3 9 480
339 3 10 480
339 3 11 480
339 3 12 480
339 3 13 480
339 4 21 300
339 4 22 300
339 5 23 160
339 5 24 160
339 5 25 160
339 6 26 270
339 6 27 270
339 7 28 180
339 7 29 180
339 7 30 180
340 1 2 50
340 1 3 50
340 2 19 60
340 2 20 60
340 3 5 480
340 3 6 480
340 3 7 480
340 3 8 480
340 3 9 480
340 3 10 480
340 3 11 480
340 3 12 480
340 3 13 480
340 4 21 300
340 4 22 300
340 5 23 160
340 5 24 160
340 5 25 160
340 6 26 270
340 6 27 270
340 7 28 180
340 7 29 180
340 7 30 180
341 1 2 50
341 1 3 50
341 2 19 60
341 2 20 60
341 3 5 480
341 3 6 480
341 3 7 480
341 3 8 480
341 3 9 480
341 3 10 480
341 3 11 480
341 3 12 480
341 3 13 480
341 4 21 300
341 4 22 300
341 5 23 160
341 5 24 160
341 5 25 160
341 6 26 270
341 6 27 270
341 7 28 180
341 7 29 180
341 7 30 180
342 1 2 50
342 1 3 50
342 2 19 60
342 2 20 60
342 3 5 480
342 3 6 480
342 3 7 480
342 3 8 480
342 3 9 480
342 3 10 480
342 3 11 480
342 3 12 480
342 3 13 480
342 4 21 300
342 4 22 300
342 5 23 160
342 5 24 160
342 5 25 160
342 6 26 270
342 6 27 270
342 7 28 180
342 7 29 180
342 7 30 180
343 1 2 50
343 1 3 50
343 2 19 60
343 2 20 60
343 3 5 480
343 3 6 480
343 3 7 480
343 3 8 480
343 3 9 480
343 3 10 480
343 3 11 480
343 3 12 480
343 3 13 480
343 4 21 300
343 4 22 300
343 5 23 160
343 5 24 160
343 5 25 160
343 6 26 270
343 6 27 270
343 7 28 180
343 7 29 180
343 7 30 180
344 1 2 50
344 1 3 50
344 2 19 60
344 2 20 60
344 3 5 480
344 3 6 480
344 3 7 480
344 3 8 480
344 3 9 480
344 3 10 480
344 3 11 480
344 3 12 480
344 3 13 480
344 4 21 300
344 4 22 300
344 5 23 160
344 5 24 160
344 5 25 160
344 6 26 270
344 6 27 270
344 7 28 180
344 7 29 180
344 7 30 180
345 1 2 50
345 1 3 50
345 2 19 60
345 2 20 60
345 3 5 480
345 3 6 480
345 3 7 480
345 3 8 480
345 3 9 480
345 3 10 480
345 3 11 480
345 3 12 480
345 3 13 480
345 4 21 300
345 4 22 300
345 5 23 160
345 5 24 160
345 5 25 160
345 6 26 270
345 6 27 270
345 7 28 180
345 7 29 180
345 7 30 180
346 1 2 50
346 1 3 50
346 2 19 60
346 2 20 60
346 3 5 480
346 3 6 480
346 3 7 480
346 3 8 480
346 3 9 480
346 3 10 480
346 3 11 480
346 3 12 480
346 3 13 480
346 4 21 300
346 4 22 300
346 5 23 160
346 5 24 160
346 5 25 160
346 6 26 270
346 6 27 270
346 7 28 180
346 7 29 180
346 7 30 180
347 1 2 50
347 1 3 50
347 2 19 60
347 2 20 60
347 3 5 480
347 3 6 480
347 3 7 480
347 3 8 480
347 3 9 480
347 3 10 480
347 3 11 480
347 3 12 480
347 3 13 480
347 4 21 300
347 4 22 300
347 5 23 160
347 5 24 160
347 5 25 160
347 6 26 270
347 6 27 270
347 7 28 180
347 7 29 180
347 7 30 180
348 1 2 50
348 1 3 50
348 2 19 60
348 2 20 60
348 3 5 480
348 3 6 480
348 3 7 480
348 3 8 480
348 3 9 480
348 3 10 480
348 3 11 480
348 3 12 480
348 3 13 480
348 4 21 300
348 4 22 300
348 5 23 160
348 5 24 160
348 5 25 160
348 6 26 270
348 6 27 270
348 7 28 180
348 7 29 180
348 7 30 180
349 1 2 50
349 1 3 50
349 2 19 60
349 2 20 60
349 3 5 480
349 3 6 480
349 3 7 480
349 3 8 480
349 3 9 480
349 3 10 480
349 3 11 480
349 3 12 480
349 3 13 480
349 4 21 300
349 4 22 300
349 5 23 160
349 5 24 160
349 5 25 160
349 6 26 270
349 6 27 270
349 7 28 180
349 7 29 180
349 7 30 180
350 1 2 50
350 1 3 50
350 2 19 60
350 2 20 60
350 3 5 480
350 3 6 480
350 3 7 480
350 3 8 480
350 3 9 480
350 3 10 480
350 3 11 480
350 3 12 480
350 3 13 480
350 4 21 300
350 4 22 300
350 5 23 160
350 5 24 160
350 5 25 160
350 6 26 270
350 6 27 270
350 7 28 180
350 7 29 180
350 7 30 180
351 1 2 50
351 1 3 50
351 2 19 60
351 2 20 60
351 3 5 480
351 3 6 480
351 3 7 480
351 3 8 480
351 3 9 480
351 3 10 480
351 3 11 480
351 3 12 480
351 3 13 480
351 4 21 300
351 4 22 300
351 5 23 160
351 5 24 160
351 5 25 160
351 6 26 270
351 6 27 270
351 7 28 180
351 7 29 180
351 7 30 180
352 1 2 50
352 1 3 50
352 2 19 60
352 2 20 60
352 3 5 480
352 3 6 480
352 3 7 480
352 3 8 480
352 3 9 480
352 3 10 480
352 3 11 480
352 3 12 480
352 3 13 480
352 4 21 300
352 4 22 300
352 5 23 160
352 5 24 160
352 5 25 160
352 6 26 270
352 6 27 270
352 7 28 180
352 7 29 180
352 7 30 180
353 1 2 50
353 1 3 50
353 2 19 60
353 2 20 60
353 3 5 480
353 3 6 480
353 3 7 480
353 3 8 480
353 3 9 480
353 3 10 480
353 3 11 480
353 3 12 480
353 3 13 480
353 4 21 300
353 4 22 300
353 5 23 160
353 5 24 160
353 5 25 160
353 6 26 270
353 6 27 270
353 7 28 180
353 7 29 180
353 7 30 180
354 1 2 50
354 1 3 50
354 2 19 60
354 2 20 60
354 3 5 480
354 3 6 480
354 3 7 480
354 3 8 480
354 3 9 480
354 3 10 480
354 3 11 480
354 3 12 480
354 3 13 480
354 4 21 300
354 4 22 300
354 5 23 160
354 5 24 160
354 5 25 160
354 6 26 270
354 6 27 270
354 7 28 180
354 7 29 180
354 7 30 180
355 1 2 50
355 1 3 50
355 2 19 60
355 2 20 60
355 3 5 480
355 3 6 480
355 3 7 480
355 3 8 480
355 3 9 480
355 3 10 480
355 3 11 480
355 3 12 480
355 3 13 480
355 4 21 300
355 4 22 300
355 5 23 160
355 5 24 160
355 5 25 160
355 6 26 270
355 6 27 270
355 7 28 180
355 7 29 180
355 7 30 180
356 1 2 50
356 1 3 50
356 2 19 60
356 2 20 60
356 3 5 480
356 3 6 480
356 3 7 480
356 3 8 480
356 3 9 480
356 3 10 480
356 3 11 480
356 3 12 480
356 3 13 480
356 4 21 300
356 4 22 300
356 5 23 160
356 5 24 160
356 5 25 160
356 6 26 270
356 6 27 270
356 7 28 180
356 7 29 180
356 7 30 180
357 1 2 50
357 1 3 50
357 2 19 60
357 2 20 60
357 3 5 480
357 3 6 480
357 3 7 480
357 3 8 480
357 3 9 480
357 3 10 480
357 3 11 480
357 3 12 480
357 3 13 480
357 4 21 300
357 4 22 300
357 5 23 160
357 5 24 160
357 5 25 160
357 6 26 270
357 6 27 270
357 7 28 180
357 7 29 180
357 7 30 180
358 1 2 50
358 1 3 50
358 2 19 60
358 2 20 60
358 3 5 480
358 3 6 480
358 3 7 480
358 3 8 480
358 3 9 480
358 3 10 480
358 3 11 480
358 3 12 480
358 3 13 480
358 4 21 300
358 4 22 300
358 5 23 160
358 5 24 160
358 5 25 160
358 6 26 270
358 6 27 270
358 7 28 180
358 7 29 180
358 7 30 180
359 1 2 50
359 1 3 50
359 2 19 60
359 2 20 60
359 3 5 480
359 3 6 480
359 3 7 480
359 3 8 480
359 3 9 480
359 3 10 480
359 3 11 480
359 3 12 480
359 3 13 480
359 4 21 300
359 4 22 300
359 5 23 160
359 5 24 160
359 5 25 160
359 6 26 270
359 6 27 270
359 7 28 180
359 7 29 180
359 7 30 180
360 1 2 50
360 1 3 50
360 2 19 60
360 2 20 60
360 3 5 480
360 3 6 480
360 3 7 480
360 3 8 480
360 3 9 480
360 3 10 480
360 3 11 480
360 3 12 480
360 3 13 480
360 4 21 300
360 4 22 300
360 5 23 160
360 5 24 160
360 5 25 160
360 6 26 270
360 6 27 270
360 7 28 180
360 7 29 180
360 7 30 180
361 1 2 50
361 1 3 50
361 2 19 60
361 2 20 60
361 3 5 480
361 3 6 480
361 3 7 480
361 3 8 480
361 3 9 480
361 3 10 480
361 3 11 480
361 3 12 480
361 3 13 480
361 4 21 300
361 4 22 300
361 5 23 160
361 5 24 160
361 5 25 160
361 6 26 270
361 6 27 270
361 7 28 180
361 7 29 180
361 7 30 180
362 1 2 50
362 1 3 50
362 2 19 60
362 2 20 60
362 3 5 480
362 3 6 480
362 3 7 480
362 3 8 480
362 3 9 480
362 3 10 480
362 3 11 480
362 3 12 480
362 3 13 480
362 4 21 300
362 4 22 300
362 5 23 160
362 5 24 160
362 5 25 160
362 6 26 270
362 6 27 270
362 7 28 180
362 7 29 180
362 7 30 180
363 1 2 50
363 1 3 50
363 2 19 60
363 2 20 60
363 3 5 480
363 3 6 480
363 3 7 480
363 3 8 480
363 3 9 480
363 3 10 480
363 3 11 480
363 3 12 480
363 3 13 480
363 4 21 300
363 4 22 300
363 5 23 160
363 5 24 160
363 5 25 160
363 6 26 270
363 6 27 270
363 7 28 180
363 7 29 180
363 7 30 180
364 1 2 50
364 1 3 50
364 2 19 60
364 2 20 60
364 3 5 480
364 3 6 480
364 3 7 480
364 3 8 480
364 3 9 480
364 3 10 480
364 3 11 480
364 3 12 480
364 3 13 480
364 4 21 300
364 4 22 300
364 5 23 160
364 5 24 160
364 5 25 160
364 6 26 270
364 6 27 270
364 7 28 180
364 7 29 180
364 7 30 180
365 1 2 50
365 1 3 50
365 2 19 60
365 2 20 60
365 3 5 480
365 3 6 480
365 3 7 480
365 3 8 480
365 3 9 480
365 3 10 480
365 3 11 480
365 3 12 480
365 3 13 480
365 4 21 300
365 4 22 300
365 5 23 160
365 5 24 160
365 5 25 160
365 6 26 270
365 6 27 270
365 7 28 180
365 7 29 180
365 7 30 180
366 1 2 50
366 1 3 50
366 2 19 60
366 2 20 60
366 3 5 480
366 3 6 480
366 3 7 480
366 3 8 480
366 3 9 480
366 3 10 480
366 3 11 480
366 3 12 480
366 3 13 480
366 4 21 300
366 4 22 300
366 5 23 160
366 5 24 160
366 5 25 160
366 6 26 270
366 6 27 270
366 7 28 180
366 7 29 180
366 7 30 180
367 1 2 50
367 1 3 50
367 2 19 60
367 2 20 60
367 3 5 480
367 3 6 480
367 3 7 480
367 3 8 480
367 3 9 480
367 3 10 480
367 3 11 480
367 3 12 480
367 3 13 480
367 4 21 300
367 4 22 300
367 5 23 160
367 5 24 160
367 5 25 160
367 6 26 270
367 6 27 270
367 7 28 180
367 7 29 180
367 7 30 180
368 1 2 50
368 1 3 50
368 2 19 60
368 2 20 60
368 3 5 480
368 3 6 480
368 3 7 480
368 3 8 480
368 3 9 480
368 3 10 480
368 3 11 480
368 3 12 480
368 3 13 480
368 4 21 300
368 4 22 300
368 5 23 160
368 5 24 160
368 5 25 160
368 6 26 270
368 6 27 270
368 7 28 180
368 7 29 180
368 7 30 180
369 1 2 50
369 1 3 50
369 2 19 60
369 2 20 60
369 3 5 480
369 3 6 480
369 3 7 480
369 3 8 480
369 3 9 480
369 3 10 480
369 3 11 480
369 3 12 480
369 3 13 480
369 4 21 300
369 4 22 300
369 5 23 160
369 5 24 160
369 5 25 160
369 6 26 270
369 6 27 270
369 7 28 180
369 7 29 180
369 7 30 180
370 1 2 50
370 1 3 50
370 2 19 60
370 2 20 60
370 3 5 480
370 3 6 480
370 3 7 480
370 3 8 480
370 3 9 480
370 3 10 480
370 3 11 480
370 3 12 480
370 3 13 480
370 4 21 300
370 4 22 300
370 5 23 160
370 5 24 160
370 5 25 160
370 6 26 270
370 6 27 270
370 7 28 180
370 7 29 180
370 7 30 180
371 1 2 50
371 1 3 50
371 2 19 60
371 2 20 60
371 3 5 480
371 3 6 480
371 3 7 480
371 3 8 480
371 3 9 480
371 3 10 480
371 3 11 480
371 3 12 480
371 3 13 480
371 4 21 300
371 4 22 300
371 5 23 160
371 5 24 160
371 5 25 160
371 6 26 270
371 6 27 270
371 7 28 180
371 7 29 180
371 7 30 180
372 1 2 50
372 1 3 50
372 2 19 60
372 2 20 60
372 3 5 480
372 3 6 480
372 3 7 480
372 3 8 480
372 3 9 480
372 3 10 480
372 3 11 480
372 3 12 480
372 3 13 480
372 4 21 300
372 4 22 300
372 5 23 160
372 5 24 160
372 5 25 160
372 6 26 270
372 6 27 270
372 7 28 180
372 7 29 180
372 7 30 180
373 1 2 50
373 1 3 50
373 2 19 60
373 2 20 60
373 3 5 480
373 3 6 480
373 3 7 480
373 3 8 480
373 3 9 480
373 3 10 480
373 3 11 480
373 3 12 480
373 3 13 480
373 4 21 300
373 4 22 300
373 5 23 160
373 5 24 160
373 5 25 160
373 6 26 270
373 6 27 270
373 7 28 180
373 7 29 180
373 7 30 180
374 1 2 50
374 1 3 50
374 2 19 60
374 2 20 60
374 3 5 480
374 3 6 480
374 3 7 480
374 3 8 480
374 3 9 480
374 3 10 480
374 3 11 480
374 3 12 480
374 3 13 480
374 4 21 300
374 4 22 300
374 5 23 160
374 5 24 160
374 5 25 160
374 6 26 270
374 6 27 270
374 7 28 180
374 7 29 180
374 7 30 180
375 1 2 50
375 1 3 50
375 2 19 60
375 2 20 60
375 3 5 480
375 3 6 480
375 3 7 480
375 3 8 480
375 3 9 480
375 3 10 480
375 3 11 480
375 3 12 480
375 3 13 480
375 4 21 300
375 4 22 300
375 5 23 160
375 5 24 160
375 5 25 160
375 6 26 270
375 6 27 270
375 7 28 180
375 7 29 180
375 7 30 180
376 1 2 50
376 1 3 50
376 2 19 60
376 2 20 60
376 3 5 480
376 3 6 480
376 3 7 480
376 3 8 480
376 3 9 480
376 3 10 480
376 3 11 480
376 3 12 480
376 3 13 480
376 4 21 300
376 4 22 300
376 5 23 160
376 5 24 160
376 5 25 160
376 6 26 270
376 6 27 270
376 7 28 180
376 7 29 180
376 7 30 180
377 1 2 50
377 1 3 50
377 2 19 60
377 2 20 60
377 3 5 480
377 3 6 480
377 3 7 480
377 3 8 480
377 3 9 480
377 3 10 480
377 3 11 480
377 3 12 480
377 3 13 480
377 4 21 300
377 4 22 300
377 5 23 160
377 5 24 160
377 5 25 160
377 6 26 270
377 6 27 270
377 7 28 180
377 7 29 180
377 7 30 180
378 1 2 50
378 1 3 50
378 2 19 60
378 2 20 60
378 3 5 480
378 3 6 480
378 3 7 480
378 3 8 480
378 3 9 480
378 3 10 480
378 3 11 480
378 3 12 480
378 3 13 480
378 4 21 300
378 4 22 300
378 5 23 160
378 5 24 160
378 5 25 160
378 6 26 270
378 6 27 270
378 7 28 180
378 7 29 180
378 7 30 180
379 1 2 50
379 1 3 50
379 2 19 60
379 2 20 60
379 3 5 480
379 3 6 480
379 3 7 480
379 3 8 480
379 3 9 480
379 3 10 480
379 3 11 480
379 3 12 480
379 3 13 480
379 4 21 300
379 4 22 300
379 5 23 160
379 5 24 160
379 5 25 160
379 6 26 270
379 6 27 270
379 7 28 180
379 7 29 180
379 7 30 180
380 1 2 50
380 1 3 50
380 2 19 60
380 2 20 60
380 3 5 480
380 3 6 480
380 3 7 480
380 3 8 480
380 3 9 480
380 3 10 480
380 3 11 480
380 3 12 480
380 3 13 480
380 4 21 300
380 4 22 300
380 5 23 160
380 5 24 160
380 5 25 160
380 6 26 270
380 6 27 270
380 7 28 180
380 7 29 180
380 7 30 180
381 1 2 50
381 1 3 50
381 2 19 60
381 2 20 60
381 3 5 480
381 3 6 480
381 3 7 480
381 3 8 480
381 3 9 480
381 3 10 480
381 3 11 480
381 3 12 480
381 3 13 480
381 4 21 300
381 4 22 300
381 5 23 160
381 5 24 160
381 5 25 160
381 6 26 270
381 6 27 270
381 7 28 180
381 7 29 180
381 7 30 180
382 1 2 50
382 1 3 50
382 2 19 60
382 2 20 60
382 3 5 480
382 3 6 480
382 3 7 480
382 3 8 480
382 3 9 480
382 3 10 480
382 3 11 480
382 3 12 480
382 3 13 480
382 4 21 300
382 4 22 300
382 5 23 160
382 5 24 160
382 5 25 160
382 6 26 270
382 6 27 270
382 7 28 180
382 7 29 180
382 7 30 180
383 1 2 50
383 1 3 50
383 2 19 60
383 2 20 60
383 3 5 480
383 3 6 480
383 3 7 480
383 3 8 480
383 3 9 480
383 3 10 480
383 3 11 480
383 3 12 480
383 3 13 480
383 4 21 300
383 4 22 300
383 5 23 160
383 5 24 160
383 5 25 160
383 6 26 270
383 6 27 270
383 7 28 180
383 7 29 180
383 7 30 180
384 1 2 50
384 1 3 50
384 2 19 60
384 2 20 60
384 3 5 480
384 3 6 480
384 3 7 480
384 3 8 480
384 3 9 480
384 3 10 480
384 3 11 480
384 3 12 480
384 3 13 480
384 4 21 300
384 4 22 300
384 5 23 160
384 5 24 160
384 5 25 160
384 6 26 270
384 6 27 270
384 7 28 180
384 7 29 180
384 7 30 180
385 1 2 50
385 1 3 50
385 2 19 60
385 2 20 60
385 3 5 480
385 3 6 480
385 3 7 480
385 3 8 480
385 3 9 480
385 3 10 480
385 3 11 480
385 3 12 480
385 3 13 480
385 4 21 300
385 4 22 300
385 5 23 160
385 5 24 160
385 5 25 160
385 6 26 270
385 6 27 270
385 7 28 180
385 7 29 180
385 7 30 180
386 1 2 50
386 1 3 50
386 2 19 60
386 2 20 60
386 3 5 480
386 3 6 480
386 3 7 480
386 3 8 480
386 3 9 480
386 3 10 480
386 3 11 480
386 3 12 480
386 3 13 480
386 4 21 300
386 4 22 300
386 5 23 160
386 5 24 160
386 5 25 160
386 6 26 270
386 6 27 270
386 7 28 180
386 7 29 180
386 7 30 180
387 1 2 50
387 1 3 50
387 2 19 60
387 2 20 60
387 3 5 480
387 3 6 480
387 3 7 480
387 3 8 480
387 3 9 480
387 3 10 480
387 3 11 480
387 3 12 480
387 3 13 480
387 4 21 300
387 4 22 300
387 5 23 160
387 5 24 160
387 5 25 160
387 6 26 270
387 6 27 270
387 7 28 180
387 7 29 180
387 7 30 180
388 1 2 50
388 1 3 50
388 2 19 60
388 2 20 60
388 3 5 480
388 3 6 480
388 3 7 480
388 3 8 480
388 3 9 480
388 3 10 480
388 3 11 480
388 3 12 480
388 3 13 480
388 4 21 300
388 4 22 300
388 5 23 160
388 5 24 160
388 5 25 160
388 6 26 270
388 6 27 270
388 7 28 180
388 7 29 180
388 7 30 180
389 1 2 50
389 1 3 50
389 2 19 60
389 2 20 60
389 3 5 480
389 3 6 480
389 3 7 480
389 3 8 480
389 3 9 480
389 3 10 480
389 3 11 480
389 3 12 480
389 3 13 480
389 4 21 300
389 4 22 300
389 5 23 160
389 5 24 160
389 5 25 160
389 6 26 270
389 6 27 270
389 7 28 180
389 7 29 180
389 7 30 180
390 1 2 50
390 1 3 50
390 2 19 60
390 2 20 60
390 3 5 480
390 3 6 480
390 3 7 480
390 3 8 480
390 3 9 480
390 3 10 480
390 3 11 480
390 3 12 480
390 3 13 480
390 4 21 300
390 4 22 300
390 5 23 160
390 5 24 160
390 5 25 160
390 6 26 270
390 6 27 270
390 7 28 180
390 7 29 180
390 7 30 180
