54
30
3 3 2 2 6 6 3 3 2 7 3 3 2 6 3 3 7 7
330 330 330 330 330 330 330 330 330 330 330 330 330 330 330 330 330 330 330 330 330 330 330 330 330 330 330 330 330 330 330 330 330 330 330 330 330 330 330 330 330 330 330 330 330 330 330 330 330 330 330 330 330 330
1 1 2 3
1 1 3 3
1 2 19 3
1 2 20 3
1 3 5 24
1 3 6 24
1 3 7 24
1 3 8 24
1 3 9 24
1 3 10 24
1 3 11 24
1 3 12 24
1 3 13 24
2 1 2 3
2 1 3 3
2 2 19 3
2 2 20 3
2 3 5 24
2 3 6 24
2 3 7 24
2 3 8 24
2 3 9 24
2 3 10 24
2 3 11 24
2 3 12 24
2 3 13 24
3 1 2 3
3 1 3 3
3 2 14 4
3 2 15 4
3 2 16 4
4 1 2 3
4 1 3 3
4 2 14 4
4 2 15 4
4 2 16 4
5 1 2 3
5 1 3 3
5 2 14 4
5 2 15 4
5 2 16 4
5 3 21 24
5 3 22 24
5 4 23 12
5 4 24 12
5 4 25 12
5 5 26 14
5 5 27 14
5 6 28 14
5 6 29 14
5 6 30 14
6 1 2 3
6 1 3 3
6 2 14 4
6 2 15 4
6 2 16 4
6 3 21 24
6 3 22 24
6 4 23 12
6 4 24 12
6 4 25 12
6 5 26 14
6 5 27 14
6 6 28 14
6 6 29 14
6 6 30 14
7 1 2 3
7 1 3 3
7 2 19 3
7 2 20 3
7 3 5 24
7 3 6 24
7 3 7 24
7 3 8 24
7 3 9 24
7 3 10 24
7 3 11 24
7 3 12 24
7 3 13 24
8 1 2 2
8 1 3 2
8 2 19 3
8 2 20 3
8 3 5 24
8 3 6 24
8 3 7 24
8 3 8 24
8 3 9 24
8 3 10 24
8 3 11 24
8 3 12 24
8 3 13 24
9 1 4 5
9 2 19 11
9 2 20 11
10 1 2 5
10 1 3 5
10 2 19 6
10 2 20 6
10 3 5 48
10 3 6 48
10 3 7 48
10 3 8 48
10 3 9 48
10 3 10 48
10 3 11 48
10 3 12 48
10 3 13 48
10 4 21 30
10 4 22 30
10 5 23 16
10 5 24 16
10 5 25 16
10 6 26 27
10 6 27 27
10 7 28 18
10 7 29 18
10 7 30 18
11 1 2 2
11 1 3 2
11 2 14 5
11 2 15 5
11 2 16 5
11 3 5 24
11 3 6 24
11 3 7 24
11 3 8 24
11 3 9 24
11 3 10 24
11 3 11 24
11 3 12 24
11 3 13 24
12 1 2 2
12 1 3 2
12 2 14 5
12 2 15 5
12 2 16 5
12 3 5 24
12 3 6 24
12 3 7 24
12 3 8 24
12 3 9 24
12 3 10 24
12 3 11 24
12 3 12 24
12 3 13 24
13 1 4 1
13 2 17 5
13 2 18 5
14 1 4 2
14 2 14 14
14 2 15 14
14 2 16 14
14 3 21 41
14 3 22 41
14 4 23 11
14 4 24 11
14 4 25 11
14 5 26 27
14 5 27 27
14 6 28 18
14 6 29 18
14 6 30 18
15 1 1 4
15 2 2 1
15 2 3 1
15 3 14 4
15 3 15 4
15 3 16 4
16 1 1 4
16 2 2 1
16 2 3 1
16 3 14 4
16 3 15 4
16 3 16 4
17 1 2 2
17 1 3 2
17 2 14 5
17 2 15 5
17 2 16 5
17 3 5 24
17 3 6 24
17 3 7 24
17 3 8 24
17 3 9 24
17 3 10 24
17 3 11 24
17 3 12 24
17 3 13 24
17 4 21 16
17 4 22 16
17 5 23 6
17 5 24 6
17 5 25 6
17 6 26 7
17 6 27 7
17 7 28 7
17 7 29 7
17 7 30 7
18 1 2 2
18 1 3 2
18 2 14 5
18 2 15 5
18 2 16 5
18 3 5 24
18 3 6 24
18 3 7 24
18 3 8 24
18 3 9 24
18 3 10 24
18 3 11 24
18 3 12 24
18 3 13 24
18 4 21 16
18 4 22 16
18 5 23 6
18 5 24 6
18 5 25 6
18 6 26 7
18 6 27 7
18 7 28 7
18 7 29 7
18 7 30 7
19 1 2 3
19 1 3 3
19 2 19 3
19 2 20 3
19 3 5 24
19 3 6 24
19 3 7 24
19 3 8 24
19 3 9 24
19 3 10 24
19 3 11 24
19 3 12 24
19 3 13 24
20 1 2 3
20 1 3 3
20 2 19 3
20 2 20 3
20 3 5 24
20 3 6 24
20 3 7 24
20 3 8 24
20 3 9 24
20 3 10 24
20 3 11 24
20 3 12 24
20 3 13 24
21 1 2 3
21 1 3 3
21 2 14 4
21 2 15 4
21 2 16 4
22 1 2 3
22 1 3 3
22 2 14 4
22 2 15 4
22 2 16 4
23 1 2 3
23 1 3 3
23 2 14 4
23 2 15 4
23 2 16 4
23 3 21 24
23 3 22 24
23 4 23 12
23 4 24 12
23 4 25 12
23 5 26 14
23 5 27 14
23 6 28 14
23 6 29 14
23 6 30 14
24 1 2 3
24 1 3 3
24 2 14 4
24 2 15 4
24 2 16 4
24 3 21 24
24 3 22 24
24 4 23 12
24 4 24 12
24 4 25 12
24 5 26 14
24 5 27 14
24 6 28 14
24 6 29 14
24 6 30 14
25 1 2 3
25 1 3 3
25 2 19 3
25 2 20 3
25 3 5 24
25 3 6 24
25 3 7 24
25 3 8 24
25 3 9 24
25 3 10 24
25 3 11 24
25 3 12 24
25 3 13 24
26 1 2 2
26 1 3 2
26 2 19 3
26 2 20 3
26 3 5 24
26 3 6 24
26 3 7 24
26 3 8 24
26 3 9 24
26 3 10 24
26 3 11 24
26 3 12 24
26 3 13 24
27 1 4 5
27 2 19 11
27 2 20 11
28 1 2 5
28 1 3 5
28 2 19 6
28 2 20 6
28 3 5 48
28 3 6 48
28 3 7 48
28 3 8 48
28 3 9 48
28 3 10 48
28 3 11 48
28 3 12 48
28 3 13 48
28 4 21 30
28 4 22 30
28 5 23 16
28 5 24 16
28 5 25 16
28 6 26 27
28 6 27 27
28 7 28 18
28 7 29 18
28 7 30 18
29 1 2 2
29 1 3 2
29 2 14 5
29 2 15 5
29 2 16 5
29 3 5 24
29 3 6 24
29 3 7 24
29 3 8 24
29 3 9 24
29 3 10 24
29 3 11 24
29 3 12 24
29 3 13 24
30 1 2 2
30 1 3 2
30 2 14 5
30 2 15 5
30 2 16 5
30 3 5 24
30 3 6 24
30 3 7 24
30 3 8 24
30 3 9 24
30 3 10 24
30 3 11 24
30 3 12 24
30 3 13 24
31 1 4 1
31 2 17 5
31 2 18 5
32 1 4 2
32 2 14 14
32 2 15 14
32 2 16 14
32 3 21 41
32 3 22 41
32 4 23 11
32 4 24 11
32 4 25 11
32 5 26 27
32 5 27 27
32 6 28 18
32 6 29 18
32 6 30 18
33 1 1 4
33 2 2 1
33 2 3 1
33 3 14 4
33 3 15 4
33 3 16 4
34 1 1 4
34 2 2 1
34 2 3 1
34 3 14 4
34 3 15 4
34 3 16 4
35 1 2 2
35 1 3 2
35 2 14 5
35 2 15 5
35 2 16 5
35 3 5 24
35 3 6 24
35 3 7 24
35 3 8 24
35 3 9 24
35 3 10 24
35 3 11 24
35 3 12 24
35 3 13 24
35 4 21 16
35 4 22 16
35 5 23 6
35 5 24 6
35 5 25 6
35 6 26 7
35 6 27 7
35 7 28 7
35 7 29 7
35 7 30 7
36 1 2 2
36 1 3 2
36 2 14 5
36 2 15 5
36 2 16 5
36 3 5 24
36 3 6 24
36 3 7 24
36 3 8 24
36 3 9 24
36 3 10 24
36 3 11 24
36 3 12 24
36 3 13 24
36 4 21 16
36 4 22 16
36 5 23 6
36 5 24 6
36 5 25 6
36 6 26 7
36 6 27 7
36 7 28 7
36 7 29 7
36 7 30 7
37 1 2 3
37 1 3 3
37 2 19 3
37 2 20 3
37 3 5 24
37 3 6 24
37 3 7 24
37 3 8 24
37 3 9 24
37 3 10 24
37 3 11 24
37 3 12 24
37 3 13 24
38 1 2 3
38 1 3 3
38 2 19 3
38 2 20 3
38 3 5 24
38 3 6 24
38 3 7 24
38 3 8 24
38 3 9 24
38 3 10 24
38 3 11 24
38 3 12 24
38 3 13 24
39 1 2 3
39 1 3 3
39 2 14 4
39 2 15 4
39 2 16 4
40 1 2 3
40 1 3 3
40 2 14 4
40 2 15 4
40 2 16 4
41 1 2 3
41 1 3 3
41 2 14 4
41 2 15 4
41 2 16 4
41 3 21 24
41 3 22 24
41 4 23 12
41 4 24 12
41 4 25 12
41 5 26 14
41 5 27 14
41 6 28 14
41 6 29 14
41 6 30 14
42 1 2 3
42 1 3 3
42 2 14 4
42 2 15 4
42 2 16 4
42 3 21 24
42 3 22 24
42 4 23 12
42 4 24 12
42 4 25 12
42 5 26 14
42 5 27 14
42 6 28 14
42 6 29 14
42 6 30 14
43 1 2 3
43 1 3 3
43 2 19 3
43 2 20 3
43 3 5 24
43 3 6 24
43 3 7 24
43 3 8 24
43 3 9 24
43 3 10 24
43 3 11 24
43 3 12 24
43 3 13 24
44 1 2 2
44 1 3 2
44 2 19 3
44 2 20 3
44 3 5 24
44 3 6 24
44 3 7 24
44 3 8 24
44 3 9 24
44 3 10 24
44 3 11 24
44 3 12 24
44 3 13 24
45 1 4 5
45 2 19 11
45 2 20 11
46 1 2 5
46 1 3 5
46 2 19 6
46 2 20 6
46 3 5 48
46 3 6 48
46 3 7 48
46 3 8 48
46 3 9 48
46 3 10 48
46 3 11 48
46 3 12 48
46 3 13 48
46 4 21 30
46 4 22 30
46 5 23 16
46 5 24 16
46 5 25 16
46 6 26 27
46 6 27 27
46 7 28 18
46 7 29 18
46 7 30 18
47 1 2 2
47 1 3 2
47 2 14 5
47 2 15 5
47 2 16 5
47 3 5 24
47 3 6 24
47 3 7 24
47 3 8 24
47 3 9 24
47 3 10 24
47 3 11 24
47 3 12 24
47 3 13 24
48 1 2 2
48 1 3 2
48 2 14 5
48 2 15 5
48 2 16 5
48 3 5 24
48 3 6 24
48 3 7 24
48 3 8 24
48 3 9 24
48 3 10 24
48 3 11 24
48 3 12 24
48 3 13 24
49 1 4 1
49 2 17 5
49 2 18 5
50 1 4 2
50 2 14 14
50 2 15 14
50 2 16 14
50 3 21 41
50 3 22 41
50 4 23 11
50 4 24 11
50 4 25 11
50 5 26 27
50 5 27 27
50 6 28 18
50 6 29 18
50 6 30 18
51 1 1 4
51 2 2 1
51 2 3 1
51 3 14 4
51 3 15 4
51 3 16 4
52 1 1 4
52 2 2 1
52 2 3 1
52 3 14 4
52 3 15 4
52 3 16 4
53 1 2 2
53 1 3 2
53 2 14 5
53 2 15 5
53 2 16 5
53 3 5 24
53 3 6 24
53 3 7 24
53 3 8 24
53 3 9 24
53 3 10 24
53 3 11 24
53 3 12 24
53 3 13 24
53 4 21 16
53 4 22 16
53 5 23 6
53 5 24 6
53 5 25 6
53 6 26 7
53 6 27 7
53 7 28 7
53 7 29 7
53 7 30 7
54 1 2 2
54 1 3 2
54 2 14 5
54 2 15 5
54 2 16 5
54 3 5 24
54 3 6 24
54 3 7 24
54 3 8 24
54 3 9 24
54 3 10 24
54 3 11 24
54 3 12 24
54 3 13 24
54 4 21 16
54 4 22 16
54 5 23 6
54 5 24 6
54 5 25 6
54 6 26 7
54 6 27 7
54 7 28 7
54 7 29 7
54 7 30 7
