18
30
3 3 2 2 6 6 3 3 2 7 3 3 2 6 3 3 7 7
150 150 150 150 150 150 150 150 150 150 150 150 150 150 150 150 150 150
1 1 2 3
1 1 3 3
1 2 19 3
1 2 20 3
1 3 5 24
1 3 6 24
1 3 7 24
1 3 8 24
1 3 9 24
1 3 10 24
1 3 11 24
1 3 12 24
1 3 13 24
2 1 2 3
2 1 3 3
2 2 19 3
2 2 20 3
2 3 5 24
2 3 6 24
2 3 7 24
2 3 8 24
2 3 9 24
2 3 10 24
2 3 11 24
2 3 12 24
2 3 13 24
3 1 2 3
3 1 3 3
3 2 14 4
3 2 15 4
3 2 16 4
4 1 2 3
4 1 3 3
4 2 14 4
4 2 15 4
4 2 16 4
5 1 2 3
5 1 3 3
5 2 14 4
5 2 15 4
5 2 16 4
5 3 21 24
5 3 22 24
5 4 23 12
5 4 24 12
5 4 25 12
5 5 26 14
5 5 27 14
5 6 28 14
5 6 29 14
5 6 30 14
6 1 2 3
6 1 3 3
6 2 14 4
6 2 15 4
6 2 16 4
6 3 21 24
6 3 22 24
6 4 23 12
6 4 24 12
6 4 25 12
6 5 26 14
6 5 27 14
6 6 28 14
6 6 29 14
6 6 30 14
7 1 2 3
7 1 3 3
7 2 19 3
7 2 20 3
7 3 5 24
7 3 6 24
7 3 7 24
7 3 8 24
7 3 9 24
7 3 10 24
7 3 11 24
7 3 12 24
7 3 13 24
8 1 2 2
8 1 3 2
8 2 19 3
8 2 20 3
8 3 5 24
8 3 6 24
8 3 7 24
8 3 8 24
8 3 9 24
8 3 10 24
8 3 11 24
8 3 12 24
8 3 13 24
9 1 4 5
9 2 19 11
9 2 20 11
10 1 2 5
10 1 3 5
10 2 19 6
10 2 20 6
10 3 5 48
10 3 6 48
10 3 7 48
10 3 8 48
10 3 9 48
10 3 10 48
10 3 11 48
10 3 12 48
10 3 13 48
10 4 21 30
10 4 22 30
10 5 23 16
10 5 24 16
10 5 25 16
10 6 26 27
10 6 27 27
10 7 28 18
10 7 29 18
10 7 30 18
11 1 2 2
11 1 3 2
11 2 14 5
11 2 15 5
11 2 16 5
11 3 5 24
11 3 6 24
11 3 7 24
11 3 8 24
11 3 9 24
11 3 10 24
11 3 11 24
11 3 12 24
11 3 13 24
12 1 2 2
12 1 3 2
12 2 14 5
12 2 15 5
12 2 16 5
12 3 5 24
12 3 6 24
12 3 7 24
12 3 8 24
12 3 9 24
12 3 10 24
12 3 11 24
12 3 12 24
12 3 13 24
13 1 4 1
13 2 17 5
13 2 18 5
14 1 4 2
14 2 14 14
14 2 15 14
14 2 16 14
14 3 21 41
14 3 22 41
14 4 23 11
14 4 24 11
14 4 25 11
14 5 26 27
14 5 27 27
14 6 28 18
14 6 29 18
14 6 30 18
15 1 1 4
15 2 2 1
15 2 3 1
15 3 14 4
15 3 15 4
15 3 16 4
16 1 1 4
16 2 2 1
16 2 3 1
16 3 14 4
16 3 15 4
16 3 16 4
17 1 2 2
17 1 3 2
17 2 14 5
17 2 15 5
17 2 16 5
17 3 5 24
17 3 6 24
17 3 7 24
17 3 8 24
17 3 9 24
17 3 10 24
17 3 11 24
17 3 12 24
17 3 13 24
17 4 21 16
17 4 22 16
17 5 23 6
17 5 24 6
17 5 25 6
17 6 26 7
17 6 27 7
17 7 28 7
17 7 29 7
17 7 30 7
18 1 2 2
18 1 3 2
18 2 14 5
18 2 15 5
18 2 16 5
18 3 5 24
18 3 6 24
18 3 7 24
18 3 8 24
18 3 9 24
18 3 10 24
18 3 11 24
18 3 12 24
18 3 13 24
18 4 21 16
18 4 22 16
18 5 23 6
18 5 24 6
18 5 25 6
18 6 26 7
18 6 27 7
18 7 28 7
18 7 29 7
18 7 30 7
