 sum_reward
      -50.0
      -50.0
      -50.0
      -50.0
      -50.0
      -50.0
      -50.0
      -50.0
      -50.0
      -50.0
      -50.0
      -50.0
      -50.0
      -50.0
      -50.0
      -50.0
      -50.0
      -50.0
      -50.0
      -50.0
      -50.0
      -50.0
      -50.0
      -50.0
      -50.0
      -50.0
      -50.0
      -50.0
      -50.0
      -48.0
      -50.0
      -46.0
      -48.0
      -46.0
      -48.0
      -42.0
       38.0
       40.0
       12.0
      -44.0
       36.0
       40.0
       44.0
       44.0
       42.0
       48.0
       34.0
       48.0
       48.0
       46.0
       44.0
       48.0
        2.0
      -50.0
      -45.0
        0.0
        3.0
      -27.0
       -3.0
      -21.0
        3.0
      -50.0
      -50.0
      -50.0
      -50.0
      -50.0
      -50.0
      -50.0
      -50.0
      -50.0
      -50.0
      -50.0
      -50.0
      -50.0
      -50.0
      -50.0
      -50.0
      -50.0
      -50.0
      -50.0
      -50.0
      -50.0
      -50.0
      -50.0
      -50.0
      -50.0
      -50.0
      -50.0
      -50.0
      -50.0
      -50.0
      -50.0
      -50.0
      -50.0
      -50.0
      -50.0
      -50.0
      -50.0
      -50.0
      -50.0
      -50.0
      -50.0
      -50.0
      -34.0
      -50.0
      -45.0
      -50.0
      -41.0
      -29.0
      -34.0
       -6.0
      -12.0
      -16.0
      -30.0
      -48.0
      -50.0
      -46.0
      -50.0
      -34.0
      -50.0
      -50.0
      -50.0
      -50.0
      -50.0
      -50.0
      -50.0
      -39.0
        0.0
        0.0
        0.0
        0.0
       -1.0
        0.0
        0.0
        0.0
       -2.0
       -1.0
        0.0
        0.0
       -1.0
        0.0
        0.0
       -1.0
      -41.0
      -48.0
      -48.0
      -48.0
       -6.0
       48.0
        8.0
       -4.0
        6.0
      -50.0
      -50.0
      -50.0
      -50.0
      -50.0
      -50.0
      -50.0
      -50.0
      -16.0
        0.0
       -1.0
        0.0
        0.0
        0.0
       -1.0
       -1.0
        1.0
        0.0
        0.0
       -2.0
        1.0
        1.0
        0.0
      -23.0
      -46.0
      -46.0
      -44.0
      -50.0
       18.0
       29.0
        5.0
        0.0
      -50.0
       -4.0
      -50.0
      -50.0
      -50.0
      -50.0
      -50.0
      -50.0
      -50.0
      -50.0
      -50.0
      -50.0
      -50.0
      -50.0
      -50.0
      -50.0
      -50.0
      -50.0
      -50.0
      -50.0
      -50.0
      -50.0
      -50.0
      -50.0
      -50.0
      -50.0
      -50.0
      -50.0
      -50.0
      -50.0
      -50.0
      -50.0
      -50.0
      -50.0
      -50.0
      -50.0
      -50.0
      -50.0
      -50.0
      -50.0
      -50.0
      -50.0
      -50.0
      -50.0
      -50.0
      -50.0
      -50.0
      -50.0
      -50.0
      -50.0
      -19.0
        0.0
        0.0
        1.0
        1.0
       -3.0
        0.0
        0.0
        0.0
       -6.0
      -50.0
      -46.0
      -48.0
      -50.0
       -2.0
       15.0
      -44.0
      -50.0
      -50.0
      -50.0
      -50.0
      -50.0
      -50.0
      -50.0
      -50.0
      -50.0
      -50.0
      -50.0
      -50.0
      -50.0
      -50.0
      -50.0
      -50.0
      -50.0
      -50.0
      -50.0
        0.0
      -14.0
       -1.0
        0.0
        0.0
        0.0
        0.0
        0.0
       -1.0
        0.0
      -27.0
      -28.0
        0.0
      -42.0
      -50.0
      -20.0
        0.0
        0.0
        0.0
      -24.0
      -50.0
      -50.0
      -50.0
      -50.0
      -50.0
      -50.0
      -18.0
       46.0
      -12.0
      -48.0
      -50.0
      -50.0
      -48.0
      -50.0
      -50.0
       34.0
       28.0
      -50.0
      -48.0
      -48.0
       42.0
       48.0
       50.0
       50.0
       50.0
       50.0
       42.0
        3.0
        0.0
       -1.0
        0.0
      -20.0
      -50.0
      -50.0
      -50.0
      -50.0
      -50.0
      -50.0
      -50.0
      -50.0
      -50.0
      -50.0
      -50.0
      -50.0
      -50.0
      -50.0
      -50.0
      -50.0
      -50.0
      -10.0
        0.0
        0.0
       -1.0
        0.0
       -1.0
        0.0
        0.0
        0.0
        1.0
        0.0
       -5.0
        0.0
       -1.0
        0.0
       -2.0
       -3.0
        0.0
        0.0
       -1.0
        0.0
        0.0
        0.0
       -1.0
        1.0
        0.0
       -1.0
        0.0
        0.0
        0.0
        0.0
        0.0
        0.0
        0.0
        0.0
       -1.0
        0.0
        0.0
      -21.0
      -50.0
      -50.0
      -50.0
      -46.0
      -48.0
      -48.0
      -18.0
       42.0
       48.0
      -12.0
      -50.0
      -48.0
       -2.0
       48.0
       50.0
       50.0
       -6.0
      -42.0
      -50.0
       14.0
       48.0
       50.0