 sum_reward
      -30.0
      -30.0
      -30.0
      -30.0
      -30.0
      -30.0
      -30.0
      -30.0
      -30.0
      -30.0
      -30.0
      -30.0
      -30.0
      -30.0
      -30.0
      -30.0
      -30.0
      -30.0
      -30.0
      -30.0
      -30.0
      -30.0
      -15.0
       -1.0
        0.0
        0.0
        0.0
        0.0
        0.0
        0.0
        0.0
        0.0
      -15.0
       -8.0
       -7.0
        3.0
        6.0
        2.0
        4.0
        3.0
        1.0
        1.0
      -18.0
      -30.0
      -30.0
      -30.0
      -30.0
      -30.0
      -30.0
      -30.0
      -30.0
      -30.0
      -30.0
      -30.0
      -30.0
      -30.0
      -30.0
      -30.0
      -30.0
      -30.0
      -30.0
       -5.0
        1.0
        0.0
        0.0
        0.0
        0.0
        0.0
        0.0
        0.0
        0.0
        0.0
        0.0
        0.0
        0.0
        0.0
        0.0
        0.0
        0.0
        0.0
        0.0
        0.0
        0.0
        0.0
        0.0
        0.0
        0.0
        0.0
       -1.0
        4.0
       -4.0
        5.0
        4.0
        7.0
        8.0
        6.0
        3.0
        7.0
        4.0
       10.0
        6.0
        1.0
        0.0
       -5.0
      -30.0
      -30.0
      -30.0
      -30.0
      -30.0
      -30.0
      -30.0
      -30.0
      -30.0
      -30.0
      -30.0
      -30.0
      -30.0
      -30.0
      -30.0
      -30.0
      -30.0
      -30.0
      -30.0
      -30.0
      -30.0
      -30.0
      -30.0
      -30.0
      -30.0
      -30.0
      -30.0
      -30.0
      -30.0
      -30.0
      -30.0
      -30.0
      -30.0
      -30.0
      -30.0
      -30.0
      -30.0
      -30.0
      -30.0
      -30.0
      -30.0
      -30.0
      -30.0
      -20.0
      -12.0
      -14.0
      -10.0
       -8.0
      -12.0
      -26.0
      -30.0
      -30.0
      -30.0
      -30.0
      -30.0
       -8.0
      -29.0
      -30.0
      -30.0
      -30.0
      -30.0
      -30.0
      -30.0
      -30.0
      -30.0
      -30.0
      -30.0
      -30.0
      -30.0
      -30.0
      -28.0
       -2.0
      -10.0
      -28.0
       -6.0
      -16.0
      -20.0
      -20.0
      -12.0
       -6.0
      -10.0
      -12.0
      -20.0
       -8.0
      -14.0
      -12.0
      -14.0
      -20.0
      -12.0
       -8.0
      -12.0
      -20.0
      -14.0
       -8.0
      -16.0
      -16.0
      -10.0
      -22.0
      -22.0
       -8.0
       -8.0
      -18.0
      -22.0
      -30.0
      -22.0
      -18.0
      -12.0
      -18.0
      -30.0
      -22.0
      -24.0
      -26.0
      -26.0
      -30.0
      -20.0
      -26.0
      -22.0
      -30.0
      -28.0
      -23.0
      -30.0
      -30.0
      -30.0
      -30.0
      -30.0
      -30.0
      -30.0
      -30.0
      -30.0
      -30.0
      -30.0
      -30.0
      -30.0
      -20.0
       -6.0
      -20.0
       -2.0
       -2.0
       -6.0
       -2.0
       12.0
      -26.0
        0.0
        2.0
       30.0
       24.0
       26.0
       14.0
       -4.0
      -30.0
      -30.0
      -30.0
      -27.0
      -30.0
      -30.0
      -30.0
      -30.0
      -30.0
      -30.0
      -30.0
      -30.0
      -30.0
      -30.0
      -30.0
      -30.0
      -30.0
      -30.0
      -30.0
      -30.0
      -30.0
      -30.0
      -30.0
      -30.0
      -30.0
      -30.0
      -30.0
      -30.0
      -30.0
      -30.0
      -30.0
      -30.0
      -30.0
      -30.0
      -30.0
      -30.0
      -30.0
      -30.0
      -30.0
      -30.0
      -30.0
      -30.0
      -30.0
      -30.0
      -30.0
      -30.0
      -30.0
      -30.0
      -30.0
      -30.0
      -30.0
      -30.0
      -30.0
      -30.0
      -30.0
      -30.0
      -30.0
      -30.0
      -30.0
      -26.0
       10.0
        6.0
       10.0
       10.0
        6.0
      -22.0
      -28.0
      -30.0
      -26.0
      -26.0
      -12.0
      -24.0
       10.0
       10.0
        8.0
       10.0
        6.0
       12.0
        2.0
        0.0
        6.0
       -6.0
      -30.0
      -30.0
      -30.0
      -30.0
      -30.0
      -18.0
        0.0
        0.0
       -2.0
        6.0
        4.0
        4.0
      -16.0
      -30.0
      -30.0
      -28.0
      -30.0
      -28.0
       28.0
       24.0
       30.0
       10.0
        4.0
       13.0
        1.0
      -30.0
      -30.0
      -30.0
      -30.0
      -30.0
      -30.0
      -30.0
      -30.0
      -30.0
      -30.0
      -30.0
      -30.0
      -30.0
      -30.0
      -30.0
      -30.0
      -30.0
      -30.0
      -30.0
      -30.0
      -30.0
      -30.0
      -30.0
      -30.0
      -30.0
      -30.0
      -30.0
      -30.0
      -30.0
      -30.0
      -30.0
      -30.0
      -30.0
      -30.0
      -30.0
      -30.0
      -30.0
      -30.0
      -30.0
      -30.0
      -30.0
      -30.0
      -30.0
      -30.0
      -30.0
      -30.0
      -30.0
      -30.0
      -30.0
      -30.0
      -30.0
       -5.0
        0.0
        0.0
        1.0
        0.0
        0.0
        0.0
        2.0
        0.0
        1.0
        1.0
        1.0
        3.0
        5.0
        2.0
      -19.0
      -12.0
        2.0
        8.0
       10.0
        8.0
        6.0
        8.0
       10.0
        8.0
        8.0
       -2.0
       -2.0
        0.0
        0.0
        0.0
      -12.0
       -4.0
        0.0
       -2.0
       -4.0
       -2.0
        0.0
       -2.0
       -2.0
      -28.0
       14.0
       30.0
       22.0
       22.0
      -14.0
      -26.0
       30.0
       22.0
        5.0
      -30.0
      -30.0
      -30.0
      -30.0
      -14.0
        0.0
        0.0
        3.0
        0.0
       -1.0
        0.0
       -1.0
       -1.0
       -1.0
       -8.0
      -24.0
      -30.0
      -28.0
       22.0
       30.0
       28.0
       22.0
        6.0
        0.0
        6.0
       25.0
       24.0
       23.0
      -30.0
      -30.0
      -30.0
      -30.0
      -30.0
      -30.0
      -30.0
      -30.0
      -30.0
      -30.0
      -30.0
      -30.0
      -27.0
       -2.0
        0.0
        0.0
        0.0
       -2.0
        0.0
        0.0
        0.0
        0.0
       -1.0
       -1.0
       -1.0
        0.0
        0.0
        0.0
        0.0
       -3.0
      -24.0
      -30.0
      -26.0
      -30.0
      -28.0
      -28.0
      -28.0
      -28.0
      -22.0
        0.0
       -2.0
        8.0
       10.0
      -24.0
      -28.0
       12.0
       10.0
       30.0
       28.0
       18.0
       18.0
       10.0
       28.0
       18.0
       28.0
       12.0
      -30.0
      -30.0
      -30.0
      -30.0
      -30.0
      -30.0
      -30.0
      -30.0
      -30.0
      -30.0
      -30.0
      -25.0
        0.0
        0.0
       -1.0
        0.0
       -3.0
       -1.0
       -1.0
        0.0
       -1.0
        0.0
        0.0
       20.0
       25.0
       -1.0
       -2.0
       10.0
      -18.0
      -26.0
      -30.0
      -24.0
      -14.0
      -30.0
      -30.0
       16.0
       28.0
       24.0
       24.0
       26.0
       29.0
       -7.0
      -30.0
      -30.0
      -30.0
      -30.0
      -30.0
      -30.0
      -30.0
      -30.0
      -30.0
      -30.0
      -30.0
      -30.0
      -30.0
      -30.0
      -30.0
      -30.0
      -30.0
      -30.0
      -30.0
      -30.0
      -30.0
      -30.0
      -30.0
      -30.0
      -30.0
      -30.0
       -8.0
        0.0
        0.0
        0.0
        0.0
        0.0
       -1.0
        0.0
        0.0
        0.0
        0.0
       -8.0
        0.0
        0.0
        0.0
       -1.0
        0.0
        0.0
       -1.0
        0.0
        0.0
        0.0
        0.0
        0.0
        0.0
        0.0
       -2.0
        0.0
       -2.0
      -30.0
      -10.0
      -10.0
      -12.0
      -12.0
      -10.0
      -12.0
       -8.0
      -26.0
      -28.0
      -14.0
        0.0
       26.0
       10.0
       10.0
        8.0
      -18.0
      -28.0
      -22.0
      -20.0
      -28.0
      -22.0
      -26.0
      -26.0
      -24.0