 sum_reward
      -50.0
      -50.0
      -50.0
      -50.0
      -50.0
      -50.0
      -12.0
       -2.0
       -1.0
        0.0
        0.0
       -3.0
       -1.0
       -2.0
        1.0
        0.0
        1.0
        0.0
        1.0
        0.0
      -17.0
      -46.0
      -40.0
      -42.0
      -14.0
       26.0
       34.0
      -12.0
      -24.0
      -15.0
      -16.0
       -7.0
        5.0
       10.0
        5.0
       10.0
      -29.0
      -50.0
      -50.0
      -50.0
      -50.0
      -50.0
      -50.0
      -50.0
      -50.0
      -50.0
      -42.0
      -44.0
      -40.0
      -40.0
      -42.0
      -40.0
       18.0
       40.0
       24.0
       42.0
       46.0
       48.0
       50.0
       48.0
       50.0
       48.0
       50.0
       40.0
      -35.0
      -50.0
      -50.0
      -50.0
      -50.0
      -50.0
      -50.0
      -50.0
      -50.0
      -19.0
       -2.0
       -1.0
        1.0
        0.0
        1.0
        0.0
        0.0
        0.0
      -10.0
      -50.0
      -40.0
      -32.0
       44.0
       10.0
      -34.0
      -22.0
      -11.0
      -12.0
      -14.0
        2.0
        8.0
       10.0
        9.0
       10.0
        5.0
        8.0
        8.0
        5.0
      -33.0
      -50.0
      -50.0
      -50.0
      -50.0
      -50.0
      -50.0
      -50.0
      -50.0
      -42.0
      -50.0
      -50.0
      -44.0
      -46.0
      -50.0
      -46.0
      -38.0
        6.0
       44.0
      -32.0
       -8.0
       36.0
       46.0
       46.0
       48.0
       50.0
       46.0
       46.0
      -15.0
      -36.0
      -50.0
      -50.0
      -50.0
      -50.0
      -50.0
      -50.0
      -50.0
      -50.0
      -50.0
      -50.0
      -46.0
      -50.0
      -50.0
      -48.0
      -40.0
      -50.0
      -50.0
      -34.0
      -48.0
       -2.0
       14.0
      -50.0
      -50.0
      -50.0
      -50.0
      -50.0
      -50.0
      -50.0
      -50.0
      -50.0
       -1.0
        2.0
      -24.0
      -12.0
      -40.0
      -25.0
      -39.0
      -13.0
      -50.0
      -50.0
      -50.0
      -50.0
      -50.0
      -50.0
      -50.0
      -50.0
      -36.0
       -1.0
        0.0
       -2.0
        0.0
       -2.0
       -2.0
       13.0
        0.0
       -1.0
       -3.0
      -32.0
      -50.0
      -46.0
      -46.0
      -44.0
      -10.0
      -46.0
       26.0
       40.0
       46.0
       50.0
       42.0
       44.0
       40.0
       46.0
      -36.0
        0.0
       -3.0
      -50.0
      -50.0
      -50.0
      -50.0
      -50.0
      -50.0
      -50.0
      -50.0
      -50.0
      -50.0
      -50.0
      -50.0
      -50.0
      -50.0
      -50.0
      -50.0
      -50.0
      -50.0
      -48.0
        8.0
       42.0
       34.0
      -10.0
      -30.0
      -50.0
      -50.0
      -50.0
      -50.0
      -50.0
      -50.0
      -50.0
      -50.0
      -50.0
      -50.0
      -50.0
      -45.0
      -50.0
      -50.0
      -50.0
      -50.0
      -50.0
      -50.0
      -50.0
      -50.0
      -50.0
      -50.0
       18.0
       50.0
       46.0
       42.0
       44.0
      -26.0
      -50.0
      -50.0
      -26.0
        0.0
        1.0
      -43.0
      -48.0
      -46.0
        5.0
      -50.0
      -50.0
      -50.0
      -50.0
      -50.0
      -50.0
      -50.0
      -50.0
      -50.0
      -50.0
      -50.0
      -50.0
      -50.0
      -50.0
      -50.0
      -50.0
      -50.0
       -1.0
        0.0
       -1.0
        0.0
        0.0
        0.0
        0.0
        0.0
        0.0
        1.0
       -2.0
       -2.0
        0.0
        0.0
       -1.0
        0.0
        0.0
      -21.0
        8.0
       50.0
       50.0
       50.0
       50.0
       44.0
       46.0
       46.0
       48.0
       46.0
       42.0
      -32.0
      -50.0
      -14.0
      -47.0
      -50.0
      -50.0
      -50.0
      -50.0
      -50.0
      -50.0
      -50.0
      -24.0
        0.0
       -1.0
       -1.0
      -16.0
      -20.0
      -27.0
       -1.0
        2.0
        0.0
        1.0
      -29.0
      -50.0
      -50.0
      -50.0
      -30.0
      -50.0
      -48.0
      -50.0
      -44.0
      -34.0
        8.0
       46.0
       46.0
      -13.0
      -50.0
      -50.0
      -50.0
      -50.0
      -50.0
      -50.0
      -50.0
      -50.0
        6.0
        0.0
        0.0
        0.0
        0.0
       -8.0
      -50.0
        1.0
        2.0
        2.0
       -1.0
      -31.0
      -50.0
      -50.0
      -50.0
      -20.0
      -48.0
      -48.0
      -50.0
      -38.0
      -18.0
      -46.0
      -38.0
       50.0
       12.0
      -50.0
      -50.0
      -50.0
      -50.0
      -50.0
      -50.0
      -50.0
      -50.0
      -50.0
      -50.0
      -50.0
      -50.0
      -50.0
      -50.0
      -50.0
      -50.0
      -50.0
      -50.0
      -50.0
      -50.0
      -50.0
      -50.0
      -50.0
      -50.0
      -50.0
      -50.0
      -50.0
      -50.0
      -50.0
      -50.0
      -50.0
      -50.0
      -50.0
      -29.0
      -23.0
      -50.0
      -50.0
      -18.0
        0.0
       -8.0
      -22.0
       14.0
       17.0
        1.0
        0.0
        0.0
      -27.0
      -50.0
      -50.0
      -50.0
      -50.0
      -50.0
      -50.0
      -50.0
      -50.0
      -50.0
      -50.0
      -50.0
      -50.0
      -50.0
      -50.0
      -50.0
      -50.0
      -50.0
      -50.0
      -50.0
      -50.0
        6.0
        0.0
        0.0
       -1.0
        0.0
       -1.0
        0.0
        0.0
        0.0
       -2.0
        0.0
       -1.0
        0.0
       -1.0
        0.0
        0.0
       -2.0
        1.0
        0.0
        0.0
       -1.0
        0.0
        0.0
        0.0
        0.0
        0.0
        0.0
      -14.0
      -42.0
        0.0
      -31.0
      -50.0
      -50.0
      -24.0
       50.0
       50.0
       50.0
       50.0
       50.0
       50.0
       50.0
       -8.0
      -27.0
      -50.0
      -50.0
      -50.0
      -50.0
      -50.0
      -50.0
      -50.0
      -50.0
      -50.0
      -50.0
      -50.0
      -50.0
      -50.0
      -50.0
      -50.0
      -50.0
      -50.0
      -50.0
      -50.0
      -50.0
      -50.0
      -50.0
      -50.0
      -50.0
      -50.0
      -50.0
       -5.0
        0.0
       -2.0
        0.0
        0.0
        0.0
       -1.0
        0.0
        0.0
        0.0
        0.0
        0.0
        0.0
       -1.0
       -1.0
        0.0
       -1.0
        0.0
        0.0
        0.0
       -1.0
       -1.0
        0.0
        0.0
        0.0
        0.0
        0.0
       -1.0
        0.0
       -2.0
        0.0
        1.0
       -1.0
       -1.0
        0.0
       -2.0
       -3.0
       -8.0
      -50.0
      -50.0
      -50.0
       -2.0
        0.0
        0.0
        1.0
        1.0
        1.0
       -1.0
        1.0
        3.0
        1.0
      -36.0
       34.0
       18.0
      -35.0
      -50.0
      -50.0
      -50.0
      -50.0
      -50.0
      -50.0
      -50.0
      -50.0
      -50.0
      -50.0
      -50.0
      -50.0
      -50.0
      -50.0
      -50.0
      -44.0
        0.0
        0.0
        0.0
        0.0
        1.0
       -2.0
        0.0
        0.0
       19.0
        0.0
      -15.0
        5.0
        0.0
       24.0
        1.0
       10.0
        8.0
      -50.0
      -50.0
      -50.0
      -50.0
      -50.0
      -50.0
      -50.0
      -50.0
      -50.0
      -50.0
      -50.0
      -50.0
      -50.0
      -50.0
      -50.0
      -50.0
      -50.0
      -50.0
      -16.0
      -50.0
      -50.0
      -50.0
      -50.0
      -50.0
      -44.0
      -42.0
      -50.0
      -50.0
      -50.0
      -48.0
       -6.0
       -1.0
       -7.0
        0.0
        0.0
      -16.0
      -39.0
       -1.0
        0.0
      -38.0
      -50.0
      -46.0
      -42.0
       24.0
       30.0
      -38.0
      -50.0
      -50.0
      -50.0
      -50.0
      -50.0
      -50.0
      -50.0
      -10.0
        0.0
        1.0
       -1.0
        3.0
        2.0
        0.0
       -3.0
       -6.0
        0.0
       -2.0
      -23.0
      -50.0
      -50.0
      -50.0
      -50.0
      -50.0
      -48.0
      -50.0
      -50.0
      -36.0
      -18.0
      -50.0
      -14.0
      -34.0
        8.0
       36.0
      -37.0
      -50.0
      -50.0
      -50.0
      -50.0
      -50.0
      -50.0
      -50.0
      -50.0
      -50.0
      -50.0
      -50.0
      -50.0
      -50.0
      -50.0
      -50.0
      -50.0
      -50.0
      -50.0
      -50.0
      -50.0
      -47.0
        0.0
        0.0
        0.0
        0.0
        0.0
        0.0
        0.0
        0.0
        0.0
        0.0
        1.0
        1.0
       -1.0
       -1.0
       -2.0
       -2.0
        1.0
        0.0
        2.0
        0.0
        0.0
        0.0
        0.0
        0.0
        0.0
        0.0
       -4.0
      -34.0
      -50.0
      -50.0
      -31.0
      -19.0
      -39.0
      -50.0
      -34.0
       50.0
       50.0
       50.0
       50.0
       50.0
       50.0
       50.0
       38.0
      -16.0
      -50.0
      -50.0
      -50.0
      -50.0
      -50.0
      -50.0
      -50.0
      -50.0
      -50.0
      -50.0
      -50.0
      -50.0
      -50.0
      -50.0
      -50.0
      -50.0
      -42.0
       44.0
       36.0
       30.0
       45.0
        7.0
      -21.0
      -38.0
      -50.0
      -42.0
      -44.0
      -14.0
       10.0
      -50.0
      -50.0
      -50.0
      -50.0
      -50.0
      -50.0
      -50.0
      -50.0
      -50.0
      -50.0
      -50.0
      -50.0
      -50.0
      -50.0
      -50.0
      -50.0
      -50.0
      -50.0