 sum_reward
      -50.0
      -50.0
      -50.0
      -50.0
      -50.0
      -50.0
      -50.0
      -50.0
      -50.0
      -50.0
      -42.0
      -46.0
      -44.0
      -38.0
      -46.0
      -48.0
      -48.0
       36.0
       14.0
        0.0
       40.0
       46.0
       50.0
       46.0
       46.0
       48.0
       48.0
       42.0
      -32.0
      -50.0
      -50.0
      -50.0
      -50.0
      -50.0
      -50.0
      -50.0
      -50.0
      -50.0
      -50.0
      -50.0
      -50.0
      -50.0
      -50.0
      -50.0
      -50.0
      -50.0
      -50.0
      -50.0
      -50.0
      -50.0
      -50.0
      -15.0
        0.0
       -1.0
       -1.0
        0.0
       -2.0
       -1.0
        0.0
        0.0
        0.0
        0.0
      -14.0
      -13.0
        0.0
        0.0
        0.0
       -1.0
       -2.0
       -5.0
        0.0
      -17.0
       11.0
       40.0
       46.0
       30.0
       32.0
        2.0
       -2.0
        2.0
       -1.0
        0.0
        2.0
       -1.0
        3.0
        0.0
       -2.0
        2.0
       -2.0
        2.0
        0.0
        0.0
       -6.0
      -13.0
      -50.0
      -50.0
      -50.0
      -50.0
      -50.0
      -50.0
      -50.0
      -50.0
      -50.0
      -50.0
      -50.0
      -50.0
      -50.0
      -50.0
      -50.0
      -50.0
      -50.0
      -50.0
      -50.0
      -50.0
      -46.0
      -48.0
      -50.0
      -30.0
      -22.0
      -34.0
       36.0
       36.0
       36.0
       48.0
       -4.0
      -13.0
      -33.0
      -50.0
      -50.0
      -50.0
      -50.0
       -2.0
        2.0
       -1.0
       -1.0
       -9.0
        0.0
        1.0
        0.0
        0.0
        1.0
        0.0
        0.0
      -34.0
      -38.0
      -38.0
      -20.0
      -26.0
       30.0
       14.0
       46.0
       30.0
       10.0
        4.0
        4.0
       10.0
      -16.0
      -50.0
      -50.0
      -50.0
      -50.0
      -50.0
      -50.0
      -50.0
      -50.0
      -50.0
      -50.0
       -8.0
       -1.0
        4.0
        2.0
      -15.0
       -1.0
        6.0
       -1.0
        1.0
        0.0
        0.0
        0.0
        1.0
        0.0
       -1.0
        0.0
        0.0
        2.0
        3.0
        0.0
       -1.0
      -37.0
      -15.0
        1.0
        1.0
        0.0
        1.0
        0.0
        1.0
        3.0
      -34.0
      -50.0
      -50.0
      -50.0
      -50.0
      -50.0
      -50.0
      -50.0
      -50.0
      -50.0
      -50.0
      -50.0
      -50.0
      -50.0
      -50.0
      -47.0
       -1.0
       -5.0
      -14.0
      -22.0
        0.0
      -19.0
      -50.0
      -48.0
      -18.0
      -50.0
      -27.0
        0.0
        2.0
       -1.0
        0.0
      -30.0
      -48.0
      -48.0
      -10.0
      -50.0
      -50.0
      -50.0
      -50.0
      -50.0
      -50.0
      -50.0
      -50.0
      -50.0
      -50.0
      -50.0
      -50.0
      -50.0
      -50.0
      -50.0
      -50.0
      -50.0
      -50.0
      -50.0
      -50.0
      -50.0
      -50.0
      -50.0
      -50.0
      -39.0
        0.0
        0.0
        0.0
      -49.0
      -50.0
      -50.0
      -50.0
      -50.0
      -38.0
       -8.0
       -4.0
        6.0
        4.0
       48.0
       50.0
       48.0
       44.0
       40.0
        0.0
        0.0
        8.0
        0.0
       -2.0
      -31.0
      -50.0
      -50.0
      -50.0
      -50.0
      -50.0
      -50.0
      -50.0
      -28.0
       -1.0
       -2.0
        0.0
       -1.0
      -40.0
      -50.0
      -50.0
      -16.0
       14.0
        0.0
      -14.0
      -50.0
      -50.0
      -50.0
      -50.0
      -36.0
      -48.0
      -50.0
      -50.0
      -16.0
      -14.0
        2.0
        2.0
       46.0
      -50.0
      -35.0
      -50.0
      -50.0
      -50.0
      -50.0
      -50.0
      -48.0
        0.0
        0.0
       -4.0
       -5.0
        0.0
       -2.0
        0.0
        0.0
       -2.0
       -1.0
       -1.0
        0.0
       -1.0
        2.0
        0.0
       -1.0
      -27.0
      -50.0
      -50.0
      -50.0
      -46.0
      -48.0
      -42.0
        8.0
       50.0
      -29.0
      -50.0
      -50.0
      -50.0
      -50.0
      -50.0
      -50.0
      -50.0
      -50.0
      -50.0
      -50.0
      -50.0
      -50.0
      -50.0
      -50.0
      -50.0
      -50.0
      -50.0
      -50.0
      -50.0
      -14.0
      -47.0
      -40.0
        0.0
        0.0
        0.0
        0.0
        0.0
        0.0
        0.0
        0.0
        0.0
      -20.0
      -48.0
       -3.0
       -6.0
      -28.0
      -47.0
      -50.0
      -14.0
        9.0
      -49.0
      -50.0
      -50.0
      -50.0
      -50.0
      -50.0
      -50.0
      -50.0
      -50.0
      -50.0
      -50.0
      -50.0
      -50.0